Data/ppt/PRISM_ppt_pr_1963-1995_normal_450mM1_10_asc.asc
ncols 557
nrows 164
xllcorner -67.31875000000
yllcorner 17.86875000000
cellsize 0.00416666667
NODATA_value -9999
[rows 102 to 135 of 164, columns 154 to 230 of 557]
30740 29572 29170 29340 30936 31563 31771 32045 32270 31976 32010 31314 29650 29732 29744 28859 28551 28758 29628 30070 30260 29918 29445 29054 28920 29214 29650 30144 30502 30769 30698 30635 30739 30813 30932 30944 30634 29995 29324 28536 27811 27399 25620 25157 25522 26214 27671 28765 29239 29142 28790 27936 27199 27109 27650 28067 28673 29460 30189 30626 30609 30537 30481 30378 30862 30914 31008 31002 30544 29782 28816 27965 27315 26879 25561 24270 23689
30559 29576 29617 30210 30973 31252 31064 30945 31177 31601 32089 31725 30803 30306 30411 29448 28733 28525 28797 28989 29287 29342 29171 28899 28743 28980 29536 29960 30277 30375 30139 29853 29809 29927 30097 30153 29752 28793 27998 27162 26339 24614 23744 23373 24019 24990 26454 28212 28795 28855 28543 27582 26844 27263 27845 28311 29545 30788 31481 31664 31514 31023 30289 30151 31364 31433 31649 31956 31528 30382 29364 28431 27656 27186 25824 24692 24145
30045 29042 29784 30431 30626 30571 30201 30399 30695 32864 30820 31874 31737 31141 30740 29897 29092 28562 28477 28450 28431 28452 28406 28247 28237 28539 28992 29516 29882 29908 29399 28748 28410 28567 28801 28994 28874 28098 26880 25708 24080 22698 22362 22350 22532 24113 24695 26418 27842 27943 27563 26863 26504 26954 27277 28044 29652 31030 31769 31913 31662 31048 30406 29857 30194 30168 30554 32203 31858 30641 29548 28533 27428 27128 26485 25536 25803
31245 30237 29446 30100 30032 29893 29900 31226 31641 32486 32730 32527 32271 31720 31242 31072 30229 29230 28712 28458 28340 28073 27846 27610 27655 27932 28322 28878 29283 29453 28560 27697 27209 27152 26855 26977 27597 26907 25597 24127 22473 21419 21177 21168 21228 22498 23538 24442 25991 26148 26008 25796 26009 26422 25867 26522 28677 30140 30781 30881 30486 29541 28763 28110 28059 28208 28849 29062 29231 29135 28280 26952 25924 25851 25208 24169 23985
31462 31038 30578 30226 29746 29525 29391 31034 31775 32365 33106 33454 33540 32472 31362 31230 30733 29686 28799 28338 28080 27594 26876 26524 26452 26611 26926 27350 27781 28100 27738 27288 26937 26947 27035 27165 27121 26238 24877 22737 21342 20448 20147 20125 20506 21180 21887 22820 24170 24676 24911 24993 25236 25857 26468 27393 28839 30139 30982 30366 29383 28526 27699 27020 26941 27030 27509 27883 28007 27748 26972 26009 25248 25004 24255 23318 23149
30801 30479 30150 29748 29946 29727 29730 30593 30941 30842 31295 31984 32169 31271 30516 30022 29371 28687 27960 27541 27133 26621 26073 25730 25653 25707 25900 26204 26528 26754 26843 27039 26812 26886 27122 27331 27112 26194 24672 22305 20775 19786 19397 19507 20042 20773 21535 22863 23769 24513 24879 25065 25103 25673 26457 27953 29720 30409 31097 30719 29109 27906 27102 26524 26486 26709 26979 27199 27126 26869 26247 25405 24487 23942 22977 22563 22377
30213 30140 29981 29116 30658 29173 28352 28907 29044 29080 29498 29940 30219 30152 30105 29941 29728 29375 28878 28313 27522 26777 26143 25663 25456 25511 25760 26160 26769 27112 27049 26797 26460 26565 27008 27251 27140 26452 24869 22577 20763 19597 19304 19732 20896 22336 22601 24304 24299 25437 25883 26096 25263 25795 27016 28147 29374 30265 30824 30513 29997 28883 27587 26571 26402 26299 26462 26597 26480 26099 25469 24802 24069 23458 22557 22029 21690
29297 28427 28195 27973 28226 28075 28101 28035 28311 28674 29425 29961 30063 30038 30040 30058 29876 29682 29338 28741 27827 26868 26061 25530 25252 25326 25459 25799 26343 26707 26659 26234 25892 25996 26423 26181 26418 26462 25151 23338 21153 19915 19776 20575 21922 23846 24731 26203 26187 26661 28005 28387 28064 26520 26655 26941 28658 29243 29456 29447 29195 28662 27829 27166 26833 26267 26070 25992 25913 25562 24853 24254 23609 22870 22191 21600 21152
28932 27705 27381 27232 27272 26135 27606 26638 27764 28467 29140 29695 29873 30081 30065 29947 29831 29634 29352 28851 28075 27218 26243 25569 25224 25128 25128 25273 25723 26071 25960 25511 25122 24971 25089 25740 26977 26620 25243 23391 21145 20192 20197 21001 22518 25025 25575 27080 29090 28906 29323 30494 30881 29905 28307 27188 26941 27234 27112 27442 27289 27443 27220 26825 26576 26505 26450 25311 24996 24660 24102 23651 23054 22340 21743 21115 20629
28371 27383 26554 25808 26024 26040 26415 26407 27452 28078 28540 28894 29255 29582 29423 29463 29484 29360 29004 28585 28122 27603 26679 25714 25193 25003 24797 24775 25002 25209 24726 24322 24063 24076 24642 25903 26492 26124 25064 22853 21036 20337 20364 21047 22643 24880 25798 27494 30725 30719 30844 31308 31991 32101 30329 28086 26543 25858 25540 25174 25063 25430 25707 26106 26257 26342 26191 25469 24937 24405 23285 22832 22318 21686 21110 20589 20146
27746 27099 25641 25405 25626 25821 26361 27084 27414 27674 27947 28231 28544 28814 28658 28799 29173 29506 29885 29710 29202 27966 26725 25650 25018 24703 24367 24182 24103 24125 23948 23678 23428 23572 24308 25098 25497 25167 23760 22587 20921 20310 20334 20900 22338 24173 25131 27224 29285 32531 31351 31607 31942 31682 31054 28892 26686 25152 24231 23426 23343 23883 24427 24870 25941 26139 25968 25339 24475 23763 22960 22408 21637 21066 20561 20028 19735
26629 26308 25227 25065 25201 25469 26169 26704 26873 26948 27157 27444 27815 27936 27858 27984 28661 29078 29422 29408 28942 27719 26363 25284 24556 24106 23662 23473 23320 23321 23273 23074 22980 23153 23631 24124 24394 23793 23095 22275 20872 20311 20328 20855 22069 23680 24699 26094 27211 30346 30588 31656 31770 31225 30807 29543 27370 24836 23191 22346 22164 22492 23312 24167 25004 25381 25694 25280 24256 23329 22413 21744 21198 20723 20189 19586 19498
25849 25720 25170 24950 25174 25538 25889 26038 26148 26221 26337 26666 27087 27323 27262 27257 27436 27679 27973 27992 27409 26539 25165 24399 23877 23571 23206 22780 22262 22197 22256 22122 22150 22393 22784 23143 23139 22880 22406 21567 20642 20294 20429 20943 22085 23635 24684 25819 26868 27812 29585 29541 29858 29785 29450 28777 26931 24546 22734 21492 21240 21535 22416 23466 24342 24786 25030 24718 23948 23019 21928 21012 20395 19942 19654 19518 19761
25416 25421 25247 24922 24996 25364 25541 25678 25803 25873 26042 26302 26673 26795 26730 26528 26316 26193 26134 25932 25411 24777 24093 23689 23383 23148 22675 21971 21546 21400 21367 21321 21349 21471 21753 22049 22197 22035 21567 20839 20396 20341 20640 21305 22584 23874 24802 25674 26481 27219 28412 27929 27815 27918 27719 27048 25941 24067 22268 20824 20553 20767 21456 22579 23591 24167 24440 24337 23684 22514 21206 20299 19599 19210 19147 19373 20035
25169 24863 24661 24547 24660 24929 25141 25314 25444 25551 25681 25937 26144 26267 26138 25861 25529 25195 24848 24407 23738 23245 22993 22859 22757 22505 21948 21393 20993 20807 20697 20651 20636 20682 20788 20929 21015 20808 20545 20213 20105 20337 20919 21837 22978 24096 24889 25583 26130 26578 27320 27360 27089 26933 26635 25937 24785 23360 21809 20633 20236 20184 20607 21342 22348 23191 23612 23714 23259 22109 20742 19557 18837 18562 18723 19223 20188
24848 24284 23930 24011 24207 24418 24617 24810 24956 25056 25159 25326 25495 25584 25547 25345 24955 24490 23903 23204 22581 22201 22019 22011 21999 21838 21468 21023 20560 20269 20140 20073 20027 20045 20066 20085 20044 19857 19611 19498 19616 20050 20790 21722 22622 23587 24184 24679 25081 25384 25644 25773 25522 25409 25296 24976 24245 23085 21561 20588 20073 19874 20079 20557 21245 22005 22508 22760 22470 21550 20248 19102 18380 18141 18375 19027 20328
24619 23862 23285 23164 23266 23556 23810 24126 24399 24544 24624 24756 24884 24969 24991 24851 24365 23805 23106 22196 21527 21128 20978 21022 21085 21036 20805 20506 20140 19843 19672 19579 19499 19480 19491 19452 19355 19170 18962 18943 19143 19603 20270 21070 21753 22448 23040 23460 23821 24101 24264 24276 24139 24139 24215 24142 23688 22761 21316 20393 19898 19723 19831 20053 20474 20910 21305 21412 21096 20375 19376 18545 17970 17802 18104 18818 19942
24559 23614 22829 22491 22512 22680 22751 22917 23659 23908 23962 23965 23959 23915 23932 23901 23631 23171 22436 21538 20853 20413 20221 20252 20362 20419 20309 20085 19763 19458 19227 19125 19066 19049 19062 19042 18922 18742 18578 18571 18707 19121 19675 20275 20840 21384 21880 22317 22689 22901 22996 22977 22967 23128 23411 23556 23210 22394 21035 19971 19444 19378 19646 19986 20377 20601 20632 20412 19988 19366 18685 18034 17579 17512 17926 18779 20087
24740 23624 22638 22083 21969 21990 22070 22036 22885 23212 23272 23184 23000 22738 22647 22586 22460 22133 21554 20800 20125 19736 19609 19696 19863 20011 20001 19855 19602 19284 19012 18767 18689 18691 18739 18764 18701 18510 18315 18201 18220 18484 18978 19536 20052 20543 21015 21428 21730 21898 22006 22043 22143 22486 22950 23178 22783 21895 20398 19410 18827 18791 19200 19798 20409 20556 20389 19832 19268 18729 18136 17544 17230 17320 17933 19135 20531
24938 23688 22515 21792 21494 21479 22169 21781 21951 22383 22503 22382 22122 21765 21459 21131 21009 20822 20382 19814 19319 19090 19118 19358 19624 19822 19868 19759 19520 19227 18837 18505 18380 18418 18549 18645 18581 18377 18100 17930 17889 18109 18490 18958 19444 19962 20428 20769 20950 20986 20994 21049 21280 21742 22285 22651 22467 21743 20264 19255 18565 18485 18783 19439 20113 20339 20084 19449 18739 18179 17645 17153 17013 17284 18263 19711 21143
24997 23676 22439 21731 21333 21055 20993 20974 21065 21366 21575 21526 21271 20842 20439 20035 19836 19648 19268 18965 18718 18690 18889 19211 19541 19741 19777 19651 19396 19072 18698 18332 18206 18266 18430 18556 18497 18271 17987 17762 17763 17941 18247 18615 19031 19480 19908 20206 20294 20198 20098 20167 20466 20931 21518 21953 21907 21222 19976 19069 18493 18294 18392 18685 19433 19678 19474 18856 18228 17678 17257 16925 16859 17228 18471 19966 21574
25060 23777 22465 21510 20933 20586 20288 20083 20111 20403 20965 21071 20829 20347 19648 19013 18640 18447 18405 18303 18284 18462 18779 19146 19425 19582 19566 19460 19186 18844 18478 18149 17981 18024 18190 18320 18272 18059 17827 17652 17681 17880 18137 18394 18698 19036 19376 19619 19647 19495 19334 19360 19642 20195 20791 21278 21284 20863 19974 19033 18460 18220 18133 18254 18573 18726 18562 18119 17648 17256 16968 16757 16863 17550 18842 20394 22021
25011 23846 22568 21442 20708 20224 19877 19645 19713 20108 20730 20898 20692 20206 19317 18461 17936 17661 17625 17721 17982 18360 18749 19051 19211 19243 19173 19052 18794 18444 18109 17816 17653 17658 17751 17866 17841 17692 17532 17463 17560 17786 18003 18157 18290 18447 18681 18953 18964 18753 18640 18734 18976 19318 19821 20476 20746 20593 19819 18954 18375 18054 17958 17949 18026 17907 17707 17442 17123 16857 16671 16600 16798 17696 18980 20515 21405
24837 23853 22704 21522 20628 19920 19446 19202 19301 19757 20423 20649 20470 20037 19065 18100 17443 17133 17135 17364 17790 18274 18669 18854 18861 18767 18542 18362 18140 17858 17621 17398 17273 17248 17285 17310 17315 17244 17176 17184 17328 17577 17779 17842 17867 17876 17950 18095 18111 17949 17897 18012 18274 18616 19117 19669 20119 20197 19600 18857 18215 17833 17679 17682 17682 17490 17197 16840 16591 16425 16334 16478 16659 17387 18343 19832 20993
24590 23724 22722 21515 20509 19546 18858 18501 18564 18969 19330 19506 19429 19098 18179 17593 16995 16726 16796 17101 17585 18051 18304 18332 18188 18018 17826 17659 17497 17305 17162 17027 16936 16930 16892 16870 16853 16822 16811 16854 17007 17236 17402 17412 17348 17248 17205 17239 17236 17136 17114 17210 17458 17800 18189 18675 19104 19422 19278 18862 18027 17504 17338 17372 17386 17298 17049 16568 16279 16123 16091 16603 16835 17229 17794 19144 19959
24386 23448 22372 21149 20098 18926 18030 17522 17419 17684 18007 18230 18371 17912 17180 16511 16397 16340 16464 16772 17208 17559 17676 17586 17377 17169 17046 16968 16900 16822 16752 16685 16662 16630 16612 16553 16514 16502 16494 16546 16635 16774 16854 16826 16730 16580 16478 16452 16425 16361 16316 16436 16641 16948 17265 17571 17934 18215 18299 18127 17631 17072 16900 16985 17031 17011 16897 16640 16481 16378 16370 16611 16698 16932 17293 17942 18956
24413 23345 22258 21153 19917 18656 17571 16862 16572 16574 16811 17103 17083 16747 16429 15807 15644 15860 16056 16310 16628 16838 16858 16737 16580 16415 16348 16352 16363 16363 16344 16347 16369 16387 16364 16315 16293 16262 16250 16251 16264 16284 16271 16191 16071 15940 15828 15757 15728 15699 15685 15770 15897 16067 16264 16548 16765 16992 17064 17050 16896 16648 16501 16510 16573 16617 16542 16406 16307 16281 16385 16457 16542 16679 16894 17240 17909
24472 23125 21984 20866 19740 18533 17375 16541 16038 15841 15975 16029 15990 15885 15486 15298 15276 15492 15668 15800 15971 16105 16049 15997 15908 15786 15756 15821 15886 15978 16026 16079 16131 16160 16149 16131 16109 16088 16057 16010 15953 15885 15810 15688 15534 15408 15297 15204 15176 15213 15213 15205 15220 15317 15419 15590 15834 15987 16102 16155 16150 16144 16115 16185 16218 16253 16199 16114 16054 16110 16224 16334 16390 16506 16647 16820 17110
24380 22610 21497 20372 19259 18348 17175 16329 15666 15302 15200 15163 15126 15080 15010 14980 14975 15101 15295 15445 15506 15525 15464 15430 15392 15372 15399 15483 15585 15686 15785 15863 15931 15951 15946 15939 15939 15916 15857 15806 15709 15607 15482 15335 15166 15025 14901 14802 14759 14786 14762 14698 14695 14781 14866 14987 15141 15248 15406 15512 15582 15660 15775 15874 15952 15950 15916 15862 15878 15954 16102 16163 16237 16314 16408 16539 16718
22630 21546 20525 19007 18194 17549 16339 15623 15050 14836 14775 14748 14737 14742 14759 14790 14818 14854 14980 15136 15176 15183 15127 15102 15097 15118 15174 15265 15366 15474 15578 15681 15732 15748 15748 15748 15757 15729 15691 15618 15517 15386 15246 15084 14931 14765 14631 14535 14475 14505 14441 14368 14347 14397 14473 14581 14722 14821 14952 15068 15175 15281 15418 15572 15647 15666 15659 15616 15686 15841 15937 16013 16045 16102 16186 16282 16433
21569 20589 19047 18465 17239 16696 15951 15219 14855 14717 14658 14648 14641 14638 14662 14678 14711 14752 14818 14948 14985 14946 14938 14900 14899 14962 15019 15083 15180 15281 15402 15465 15531 15538 15566 15586 15590 15573 15525 15449 15341 15205 15032 14886 14735 14659 14515 14410 14347 14357 14309 14228 14207 14230 14282 14379 14481 14571 14661 14778 14871 14970 15070 15193 15297 15358 15369 15404 15485 15651 15761 15800 15840 15891 15940 16038 16145
20492 19155 18032 17199 16573 16089 15373 14965 14771 14680 14653 14635 14632 14630 14643 14647 14671 14693 14744 14814 14817 14817 14760 14753 14746 14800 14837 14879 14964 15081 15160 15275 15308 15388 15419 15450 15440 15416 15350 15255 15151 15025 14834 14680 14693 14756 14697 14599 14502 14462 14380 14326 14337 14335 14369 14408 14410 14460 14532 14604 14693 14760 14840 14937 15037 15129 15202 15235 15354 15500 15574 15632 15677 15722 15794 15876 16001
18920 17889 16807 16021 15682 15352 15006 14800 14690 14658 14639 14632 14626 14637 14647 14659 14660 14678 14684 14710 14696 14657 14638 14566 14552 14582 14640 14682 14815 14898 14995 15074 15182 15230 15288 15286 15260 15218 15148 15030 14939 14821 14679 14661 14798 14850 14743 14642 14554 14468 14388 14358 14367 14422 14452 14502 14486 14389 14437 14489 14560 14641 14710 14779 14889 14977 15055 15132 15231 15361 15445 15491 15565 15616 15689 15787 15827
17670 16721 16124 15514 15214 14943 14777 14655 14619 14611 14617 14620 14620 14625 14642 14641 14647 14662 14665 14657 14634 14624 14555 14518 14458 14482 14524 14612 14705 14795 14860 14951 15035 15105 15079 15052 15024 14980 14913 14838 14754 14678 14567 14572 14790 14797 14701 14609 14522 14441 14380 14341 14353 14390 14446 14531 14506 14440 14354 14403 14475 14555 14641 14722 14794 14886 14959 15034 15130 15245 15332 15410 15473 15543 15598 15659 15664
