Data/ppt/PRISM_ppt_pr_1963-1995_normal_450mM1_09_asc.asc
ncols 557
nrows 164
xllcorner -67.31875000000
yllcorner 17.86875000000
cellsize 0.00416666667
NODATA_value -9999
[rows 102 to 135 of 164, columns 154 to 230 of 557]
29167 28699 28334 27993 27511 27727 27911 28088 28259 28349 28204 28311 28186 27374 25772 23995 23760 24212 24838 25296 25424 25073 24605 24197 24009 24300 24823 25308 25755 25990 25919 25649 25294 24987 25100 25284 25169 24662 23848 23052 22354 21765 20941 20356 20263 21111 22479 22914 23243 23262 23027 22400 21829 21797 22197 22565 23154 23937 24588 24915 25015 24952 24948 24869 25022 25022 24982 24844 24295 23697 22899 21441 20807 20608 19808 18980 18230
28984 28514 28283 27845 27190 27413 27620 27737 28022 28216 28105 28074 28005 27231 25774 23955 23644 23717 23963 24218 24469 24443 24248 24009 23843 24112 24686 25147 25492 25518 25220 24795 24465 24267 24395 24520 24021 23399 22655 21862 21160 20211 19369 19174 19549 20171 21249 22491 22986 23058 22784 22065 21526 21824 22258 22669 23613 24574 25160 25345 25267 25037 24796 24757 25218 25337 25496 25669 25278 24143 23368 22558 21154 21598 20760 19816 19341
28435 27964 28052 27648 27029 27030 26884 26839 27026 27355 27667 27923 27654 26720 25107 24011 23885 23621 23603 23696 23794 23768 23633 23486 23463 23757 24256 24772 25058 24991 24464 23816 23388 23270 23343 23524 23316 22538 21625 20721 19593 18637 18158 17955 18492 19452 20027 21621 22283 22376 22089 21567 21307 21627 21894 22493 23741 24804 25361 25489 25294 24823 24399 24016 24319 24710 25120 25850 25574 24595 23683 22817 21805 21734 21221 20525 20530
28610 28040 27541 26810 26542 26452 26165 26328 26479 26788 27181 27416 27118 25978 25179 25291 24773 24076 23758 23677 23722 23576 23229 22943 22919 23194 23612 24089 24406 24381 23589 22846 22331 22162 21911 22035 22352 21681 20656 19482 18219 17350 17036 16931 17331 18107 19088 19990 21009 21159 21027 20841 20973 21293 21095 21701 23143 24411 24934 24930 24581 23841 23225 22763 22788 22921 23559 24357 24514 24147 23277 22129 21080 21059 20543 19759 19522
28142 27472 26920 26480 26244 25845 25489 26147 26625 27025 27725 27966 27608 26570 25964 25621 25128 24487 23917 23636 23528 23150 22507 22066 21961 22150 22522 22890 23267 23450 23057 22479 21968 21911 21951 22043 21918 21168 20061 18455 17276 16318 16066 16097 16437 17026 17832 18918 19820 20148 20266 20272 20453 20939 21477 22283 23547 24726 25534 24892 24247 23386 22671 22103 22039 22131 22571 23000 23089 22851 22420 21467 20623 20427 19763 18970 18805
27437 26735 26199 25869 25913 25698 25513 25936 26175 25938 26331 26660 26770 26279 25343 25071 24713 24207 23657 23324 22920 22340 21806 21364 21249 21305 21540 21904 22300 22506 22462 22186 21857 21803 22023 22175 21957 21170 19906 18178 16839 15746 15597 15877 16461 17175 17886 18844 19536 20043 20264 20363 20445 20867 21469 22869 24361 24984 25619 25321 24570 23013 22231 21673 21586 21707 21986 22263 22278 22029 21516 20728 20030 19566 18679 18254 18049
26569 25937 25585 25180 25411 25012 24324 24391 24675 24985 25451 25780 25937 25635 25420 25332 25127 24795 24344 23934 23154 22394 21819 21311 21098 21099 21299 21655 22241 22584 22478 22088 21646 21627 21995 22197 22093 21427 20069 18050 16602 15655 15435 15948 17070 18309 18781 19908 20280 20901 21131 21298 20905 21301 22100 23041 24075 24889 25389 25049 24489 23282 22220 21528 21397 21327 21444 21628 21595 21302 20789 20170 19537 19037 18242 17738 17398
25787 24306 24015 23855 24018 24107 24008 24112 24342 25030 26068 26754 26437 25995 26033 25874 25676 25493 25168 24498 23475 22404 21570 21078 20829 20894 20912 21208 21755 22150 22106 21641 21232 21265 21652 21706 21848 21552 20317 18382 16696 15748 15599 16446 17803 19493 20352 22036 22235 22454 23282 23385 23055 22065 22120 22365 23516 24030 24213 24140 23858 23336 22449 21874 21610 21292 21129 21001 20936 20626 20074 19559 19009 18385 17832 17290 16852
24988 24112 23464 23317 23610 23821 24147 24235 24428 25094 26081 26979 27230 26944 26647 26387 26151 25876 25479 24790 23877 22817 21670 20930 20547 20560 20448 20607 21094 21478 21430 20979 20549 20440 20711 21454 22182 21793 20402 18465 16622 15603 15637 16621 18339 20680 21711 22762 24570 24904 25112 25345 26150 24882 23613 22638 22344 22629 22409 22405 22271 22240 21997 21556 21326 21361 21332 20601 20250 19845 19341 18918 18427 17864 17381 16819 16347
25278 24413 23508 23058 23364 23797 24158 24435 24653 25386 26119 26677 27265 28433 26790 26676 26673 26299 25632 24958 24259 23378 22132 21037 20465 20356 19944 19888 20183 20600 20264 19858 19560 19623 20206 21363 21927 21469 20319 18052 16251 15385 15417 16325 18107 20604 22451 24405 25812 27251 27339 27330 27067 27317 25348 23448 21958 21211 20986 20576 20467 20635 20965 21004 21015 21166 21089 20540 20118 19714 18790 18254 17772 17295 16832 16337 15902
24884 24202 22835 22731 23198 23597 24036 24388 24722 25032 25560 25917 26506 26938 26157 26261 26584 26669 26562 26279 25558 23724 22333 21140 20372 20106 19515 19204 19149 19281 19186 18918 18740 18855 19735 20529 21043 20786 19201 17628 15917 15047 15031 15806 17347 19562 21548 24254 26066 28955 28220 28174 27713 26750 26072 24303 22052 20533 19783 19149 19025 19366 19690 20177 20832 21052 20892 20334 19629 19080 18393 17873 17234 16744 16294 15802 15524
23670 23245 22207 22265 22544 22846 23250 23642 23883 24002 24318 24761 25269 25464 24951 24967 25585 26087 26310 26423 25757 23992 22230 20864 19966 19672 18963 18455 18381 18391 18247 18064 17978 18098 18627 19389 19820 19208 18363 17001 15584 14742 14747 15417 16591 18374 20183 22414 24341 27160 27980 28690 28519 27415 26348 24585 22298 20195 18759 18013 17867 18198 18900 19589 20277 20642 20729 20289 19401 18648 17818 17208 16752 16325 15855 15360 15292
22646 22692 22085 22028 22262 22495 22724 22882 23032 23130 23333 23710 24216 24280 24039 23986 24053 24317 24629 24697 24005 22874 21346 20254 19344 19138 18503 17860 17290 17117 17052 16814 16784 16959 17351 17876 18041 17891 17227 16116 14975 14503 14628 15247 16448 17891 19363 21219 22780 24328 26146 26383 26524 26105 25041 23995 21849 19669 18187 17124 16918 17234 18061 18884 19670 20155 20328 19981 19168 18298 17376 16536 15984 15576 15314 15221 15461
22087 22112 21846 21701 21893 22154 22345 22491 22632 22702 22853 23119 23463 23598 23388 23099 22790 22574 22469 22172 21643 20771 19852 19323 18888 18579 17978 16979 16212 15989 15824 15736 15635 15731 16052 16330 16578 16334 15789 15009 14437 14350 14700 15436 16591 17925 19160 20264 21521 22484 23974 23826 23805 23760 23338 22223 20941 19048 17618 16402 16190 16463 17147 18037 18834 19448 19749 19631 18963 17879 16830 15919 15266 14907 14843 15053 15658
21707 21403 21170 21053 21240 21511 21806 21999 22155 22217 22338 22594 22835 22979 22776 22354 21938 21596 21177 20369 19441 18725 18404 18222 18113 17754 16748 15991 15403 15085 14905 14767 14705 14750 14899 15039 15070 14837 14473 14074 13918 14171 14820 15779 16839 17988 18890 19681 20388 20867 21548 21864 21613 21750 21395 20759 19398 18208 16989 16052 15737 15818 16286 16991 17747 18404 18834 18940 18518 17502 16424 15314 14612 14338 14464 14956 15806
21337 20793 20450 20476 20687 20929 21184 21350 21534 21649 21714 21899 22093 22158 22089 21814 21332 20748 19977 18840 17873 17366 17138 17060 17041 16764 16238 15603 14753 14341 14109 13993 14012 13984 14005 14106 14013 13742 13478 13241 13329 13777 14614 15605 16466 17384 17966 18530 18954 19350 19637 19814 19658 19613 19564 19416 18752 17812 16585 15745 15362 15352 15635 16201 16834 17383 17760 17975 17732 16968 15946 14868 14169 13941 14178 14946 15924
21111 20393 19891 19792 19947 20195 20417 20612 20839 21032 21080 21231 21380 21390 21369 21176 20404 19718 18876 17797 16877 16366 16130 16081 15924 15571 15188 14755 14280 13842 13634 13574 13707 13710 13644 13567 13368 13089 12802 12699 12836 13298 14061 14939 15632 16296 16863 17264 17653 18014 18242 18311 18265 18296 18393 18385 18090 17339 16229 15420 15011 14989 15213 15576 16054 16408 16726 16813 16564 15990 15164 14353 13783 13620 13926 14768 15765
21080 20210 19525 19245 19298 19445 19512 19629 19964 20212 20255 20277 20273 20132 20073 19752 19348 18813 17793 17062 15934 15350 15093 15103 15113 14915 14680 14357 13903 13922 13741 13590 13592 13505 13432 13319 13103 12809 12513 12383 12509 12829 13397 14063 14640 15234 15750 16222 16664 16830 16907 16995 17077 17281 17538 17656 17546 16911 15879 14992 14585 14612 14939 15325 15718 15948 16042 15978 15674 15163 14510 13862 13413 13344 13743 14553 15632
21226 20170 19248 18762 18679 18698 18634 18623 18898 19218 19363 19276 19050 18665 18563 18327 18068 17763 16938 16294 15453 14722 14553 14631 14797 14917 14860 14686 14382 14141 13788 13543 13434 13372 13328 13250 13110 12825 12502 12328 12411 12638 12959 13380 13865 14355 14834 15240 15557 15655 15756 15818 15878 16209 16610 16894 16981 16480 15336 14516 14112 14147 14583 15122 15560 15743 15667 15412 15053 14552 13969 13388 13081 13192 13729 14636 15822
21406 20226 19125 18452 18179 18082 18043 17964 18036 18257 18425 18316 17974 17570 17191 16998 16763 16440 15990 15226 14680 14391 14380 14563 14764 14933 14909 14744 14486 14200 13829 13501 13345 13355 13368 13341 13257 13108 12851 12595 12532 12551 12725 13019 13414 13895 14348 14654 14841 14891 14902 14899 15078 15519 16030 16319 16314 15790 14746 14164 13833 13844 14213 14831 15283 15475 15327 14946 14502 14007 13484 13002 12885 13305 14059 15056 16288
21452 20215 18994 18231 17823 17584 17437 17210 17231 17479 17656 17590 17281 16747 16088 15786 15569 15276 14831 14357 14076 14060 14245 14534 14784 14903 14872 14707 14446 14147 13851 13539 13413 13453 13497 13474 13339 13186 12994 12792 12655 12651 12739 12940 13231 13593 13969 14253 14375 14349 14285 14385 14610 14913 15444 15825 15754 15340 14496 13955 13657 13600 13778 14103 14679 14907 14802 14382 13933 13484 13084 12755 12755 13400 14262 15378 16627
21494 20235 18954 18026 17482 17141 16865 16576 16564 16791 17079 17114 16822 16274 15476 14819 14596 14350 13916 13755 13697 13874 14192 14513 14734 14827 14771 14647 14395 14109 13850 13618 13469 13503 13564 13529 13394 13187 13037 12896 12825 12817 12878 13014 13200 13427 13686 13875 13945 13919 13882 14037 14296 14577 15125 15553 15392 15079 14400 13844 13538 13422 13476 13639 13937 14118 14034 13751 13376 13050 12785 12597 12700 13459 14448 15636 16822
21492 20274 19027 17953 17231 16736 16357 16071 16106 16380 16739 16856 16606 16088 15118 14168 13620 13342 13262 13337 13517 13849 14231 14490 14604 14607 14516 14425 14207 13924 13684 13489 13384 13383 13417 13454 13342 13189 13039 12947 12932 12948 13007 13087 13183 13301 13444 13558 13585 13571 13550 13676 13927 14196 14592 15084 15298 15256 14363 13805 13448 13298 13270 13330 13421 13456 13361 13173 12919 12690 12526 12464 12627 13420 14408 15603 16508
21335 20281 19152 17981 17077 16326 15806 15509 15484 15596 16064 16296 16028 15539 14874 13770 13080 12761 12779 13024 13430 13910 14290 14442 14421 14319 14068 13918 13736 13538 13384 13263 13207 13200 13236 13240 13219 13107 13025 12977 12972 13018 13045 13073 13087 13095 13151 13206 13211 13201 13183 13256 13452 13789 14186 14706 15123 14904 14416 13975 13426 13165 13104 13122 13149 13109 12963 12713 12516 12378 12294 12417 12553 13118 13620 14725 15428
21108 20148 19144 17943 16915 15890 15140 14661 14479 14660 15026 15275 15013 14558 13875 13264 12558 12302 12399 12729 13235 13713 13959 13980 13852 13722 13561 13438 13312 13196 13125 13073 13039 13062 13058 13058 13031 12981 12933 12907 12941 12973 12995 12971 12913 12845 12821 12839 12842 12839 12823 12857 12992 13224 13585 13962 14290 14594 14523 14168 13423 13046 12953 12960 12980 12957 12801 12503 12281 12150 12085 12615 12769 13030 13364 14138 14684
20966 19904 18666 17534 16554 15527 14648 13749 13481 13897 13988 14218 14198 13948 13023 12517 12015 11868 12023 12364 12829 13204 13347 13294 13141 13005 12950 12933 12918 12907 12885 12879 12893 12897 12903 12872 12842 12818 12793 12794 12799 12827 12817 12765 12684 12573 12505 12475 12455 12443 12443 12492 12583 12745 12969 13292 13572 13807 13869 13738 13372 12992 12818 12820 12834 12810 12740 12580 12460 12405 12479 12652 12707 12848 13052 13464 14050
21025 19611 18482 17376 16258 15352 14407 13371 12738 12914 13181 13349 13177 12966 12509 12100 11548 11501 11658 11943 12272 12505 12585 12526 12454 12369 12383 12459 12532 12587 12617 12654 12702 12736 12730 12692 12683 12659 12646 12641 12602 12575 12531 12452 12356 12255 12175 12117 12090 12070 12086 12134 12199 12293 12425 12631 12861 13046 13104 13078 12966 12770 12652 12611 12624 12614 12550 12464 12372 12360 12473 12537 12588 12671 12792 13023 13390
20929 19528 18346 17212 16141 15022 14229 13366 12679 12167 12325 12443 12334 12175 11730 11170 11064 11100 11210 11383 11593 11777 11778 11831 11826 11735 11802 11961 12114 12271 12368 12457 12526 12563 12548 12544 12529 12509 12496 12453 12385 12320 12253 12155 12044 11954 11877 11814 11792 11806 11801 11830 11853 11929 12031 12176 12302 12443 12519 12541 12517 12491 12432 12453 12445 12438 12401 12327 12264 12296 12376 12441 12473 12540 12635 12763 12960
20845 19384 18055 16975 16215 15202 14095 13155 12390 11590 11594 11675 11614 11438 11120 10701 10669 10727 10854 11000 11098 11173 11175 11224 11235 11317 11448 11646 11827 12008 12172 12282 12366 12382 12360 12360 12358 12333 12283 12257 12178 12109 12023 11916 11804 11713 11634 11572 11552 11561 11556 11527 11532 11588 11675 11808 11936 12046 12113 12147 12180 12208 12266 12286 12312 12282 12253 12214 12205 12250 12351 12364 12401 12439 12497 12587 12696
20263 19197 17816 16675 15637 14626 13597 12735 12048 11356 10961 10720 10998 10803 10441 10394 10426 10478 10554 10667 10723 10774 10793 10851 10905 11064 11220 11419 11593 11782 11972 12123 12167 12165 12132 12144 12167 12139 12123 12076 12012 11926 11830 11728 11628 11524 11447 11386 11356 11386 11354 11313 11294 11328 11376 11482 11625 11726 11807 11864 11919 11984 12047 12126 12132 12126 12105 12070 12104 12225 12283 12324 12324 12348 12379 12421 12500
19291 17843 16671 15673 15078 14185 13248 12377 11613 10958 10286 10147 10528 10156 10132 10180 10248 10278 10340 10421 10455 10490 10552 10604 10691 10866 11026 11155 11375 11587 11775 11872 11857 11874 11934 11985 12002 12001 11974 11928 11856 11767 11618 11528 11449 11388 11302 11246 11236 11235 11216 11162 11142 11150 11192 11276 11375 11484 11569 11639 11718 11773 11831 11892 11938 11950 11947 11955 11992 12106 12180 12192 12205 12214 12230 12273 12330
17906 16730 15678 14748 14231 13459 12670 11951 10975 10209 10007 9912 9964 9924 9986 10032 10075 10116 10152 10209 10215 10267 10337 10417 10486 10654 10781 10769 10942 11184 11352 11484 11559 11705 11786 11852 11863 11858 11818 11716 11661 11556 11322 11219 11241 11239 11222 11179 11139 11140 11095 11095 11088 11101 11136 11181 11264 11332 11428 11505 11571 11631 11685 11735 11783 11824 11856 11863 11924 12030 12073 12094 12110 12123 12152 12180 12241
16600 15880 14854 14099 13274 12532 11693 10985 10240 9993 9858 9797 9795 9828 9862 9909 9946 9981 10005 10017 10034 10062 10116 10163 10193 10312 10504 10608 10799 10916 11040 11207 11389 11537 11662 11687 11659 11650 11582 11365 11293 11235 11125 11124 11178 11222 11171 11127 11096 11062 11058 11076 11100 11110 11160 11203 11225 11282 11345 11415 11481 11546 11604 11657 11714 11756 11790 11824 11880 11977 12026 12042 12070 12086 12109 12144 12201
15775 14805 13839 13195 12442 11757 10926 10142 9946 9803 9726 9714 9727 9763 9787 9808 9838 9861 9875 9887 9887 9930 9957 10007 10053 10201 10372 10552 10604 10716 10840 11038 11212 11404 11405 11389 11218 11194 11178 11111 11073 11049 10998 11025 11152 11155 11113 11075 11039 11005 10981 10992 10987 11022 11083 11145 11209 11232 11272 11333 11413 11475 11548 11608 11664 11711 11744 11777 11840 11918 11963 11993 12010 12027 12034 12065 12106
