Data/ppt/PRISM_ppt_pr_1963-1995_normal_450mM1_01_asc.asc
ncols 557
nrows 164
xllcorner -67.31875000000
yllcorner 17.86875000000
cellsize 0.00416666667
NODATA_value -9999
[rows 108 to 143 of 164, columns 162 to 242 of 557]
5858 5494 5555 5608 5658 5440 5545 5605 5617 5594 5536 5542 5417 5277 5130 5017 4947 4939 4972 5043 5174 5215 5189 5126 5026 5052 5171 5262 5227 5025 4568 4078 3439 2894 2954 3045 3325 3718 3731 4259 4107 4670 4745 4863 4418 4553 5141 5435 5690 5948 6048 6120 6146 5690 4850 4866 4839 4811 4855 4918 4938 4891 4756 4611 4430 4294 4184 4082 4001 3983 4020 4113 4288 4508 4801 5102 5224 5240 5229 5360 5542
5566 5465 5532 5693 5902 5876 5903 5871 5835 5776 5714 5650 5489 5296 5111 4993 4909 4882 4915 4970 5068 5121 5081 4960 4863 4885 5076 4723 4783 5048 4643 4208 3528 3217 3155 3349 3622 4160 4182 4945 4740 4743 5410 5457 5364 4950 4721 4805 5524 5651 5699 5696 5629 5529 5269 5166 5146 4755 4749 4745 4759 4712 4592 4460 4334 4236 4110 3966 3853 3819 3863 3970 4157 4371 4595 4831 5022 5009 4950 5008 5272
5458 5460 5629 5866 6012 6162 6156 6086 6007 5875 5758 5671 5539 5382 5159 5010 4918 4892 4854 4848 4911 4969 4921 4776 4657 4574 4473 4606 5204 5051 4683 4244 3510 3357 3348 3484 3802 4562 4403 5007 5541 5219 5281 5948 6017 5582 5266 4881 4772 4885 4809 5220 5181 5207 5159 5052 5000 4968 5031 4487 4501 4445 4374 4288 4196 4131 4001 3838 3689 3644 3705 3803 3965 4207 4374 4523 4623 4627 4640 4735 4935
5430 5663 5838 5941 6070 6313 6237 6216 6182 5945 5660 5586 5519 5478 5273 5036 4920 4892 4788 4744 4756 4783 4530 4438 4366 4339 4417 4876 4960 4874 4618 4020 3582 3463 3460 3556 3876 4466 4450 5021 5551 5437 5542 5525 6273 6347 5676 5253 4698 4584 4497 4369 4306 4781 4841 4897 4911 4932 4892 4715 4577 4456 4013 4054 3989 3958 3825 3663 3564 3534 3585 3679 3794 3954 4107 4271 4357 4393 4462 4589 4792
5695 5752 5886 5978 6095 6219 6200 6251 6319 6279 6242 6211 6060 5581 5295 5041 4887 4833 4697 4615 4551 4513 4434 4341 4256 4248 4456 4605 4684 4621 4192 3988 3600 3515 3518 3593 3873 4244 4183 4670 5405 6005 5465 5621 5664 6132 6036 5455 4941 4428 4228 3980 3999 4021 4165 4323 4887 4852 4833 4679 4472 4305 4134 4027 3797 3741 3652 3538 3484 3497 3565 3681 3820 3935 4039 4145 4218 4297 4419 4550 4721
5602 5631 5739 5851 5991 6024 6047 6079 6313 6423 6363 6367 6221 5708 5293 4993 4787 4705 4534 4459 4413 4370 4327 4259 4217 4246 4337 4414 4447 4202 4097 3961 3657 3559 3562 3642 3891 4207 4273 4435 4545 5407 5002 5603 5623 5598 6095 5678 5201 4334 3971 3834 3799 3842 4013 4221 4398 4424 4822 4649 4422 4229 4046 3915 3799 3706 3612 3486 3469 3515 3641 3791 3917 3985 4048 4124 4189 4286 4452 4614 4788
5482 5518 5582 5687 5871 5876 5927 5942 5992 6049 6099 6111 5835 5531 5097 4870 4645 4615 4485 4370 4022 4038 4093 4004 4014 4097 4187 4247 4173 4096 4003 3852 3653 3594 3618 3702 3922 4285 4400 4537 4658 4733 5438 4962 5129 5231 5138 5549 5029 4566 3853 3687 3639 3678 3832 4080 4249 4346 4422 4377 4274 4160 3954 3768 3643 3553 3503 3478 3525 3596 3750 3942 4103 4177 4216 4251 4302 4497 4619 4896 5062
5550 5574 5625 5698 5811 5831 5835 5784 5711 5652 5618 5543 5373 5146 4879 4719 4603 4547 4409 4045 3930 3888 3875 3859 3860 3884 3958 4022 4039 3991 3897 3734 3640 3640 3702 3792 4113 4381 4506 4644 4755 4856 5216 4728 4725 4822 4868 4746 4806 4400 3937 3574 3534 3554 3673 3919 4130 4241 4303 4297 4195 4000 3725 3612 3479 3405 3400 3449 3587 3849 4112 4405 4444 4611 4735 4731 4736 4843 5180 5375 5542
5528 5553 5577 5643 5705 5738 5697 5611 5508 5413 5313 5187 4866 4652 4591 4519 4469 4381 4121 3949 3827 3774 3743 3727 3718 3724 3743 3769 3793 3741 3699 3622 3599 3659 3798 4016 4261 4513 4671 4811 4895 4946 5118 5217 4978 4857 4786 4631 4423 4234 3803 3605 3525 3483 3543 3675 3894 4072 4162 4203 4128 3924 3633 3415 3299 3259 3312 3417 3628 3925 4243 4557 4868 5073 5147 5156 5147 5198 5536 5714 5900
5434 5457 5476 5519 5567 5582 5561 5492 5356 5208 5014 4710 4489 4370 4282 4265 4233 4165 4043 3909 3736 3653 3617 3597 3575 3577 3580 3573 3566 3522 3468 3446 3480 3590 3775 3996 4184 4392 4509 4616 4690 4741 4789 4820 4717 4672 4632 4536 4381 4177 3848 3663 3562 3482 3495 3569 3703 3875 3990 4062 4021 3865 3568 3351 3228 3188 3234 3347 3643 4010 4360 4592 4927 5266 5471 5523 5528 5443 5607 5754 6025
5297 5351 5365 5407 5448 5457 5455 5407 5149 4967 4751 4355 4121 3974 3931 3931 3936 3921 3844 3752 3644 3542 3494 3467 3399 3397 3405 3400 3382 3345 3301 3304 3358 3479 3656 3848 3993 4144 4272 4354 4430 4488 4524 4534 4481 4469 4474 4443 4337 4148 3822 3649 3560 3516 3510 3482 3558 3661 3748 3779 3728 3575 3374 3245 3153 3126 3177 3296 3487 3799 4130 4908 5314 5478 5773 5897 6088 6075 6175 5735 5857
5069 5131 5142 5146 5142 5112 5106 5083 4973 4814 4550 4162 3930 3776 3701 3698 3723 3751 3710 3637 3515 3389 3316 3287 3266 3269 3280 3283 3262 3226 3194 3202 3238 3343 3502 3658 3784 3907 4018 4120 4212 4238 4248 4237 4237 4271 4327 4351 4258 4091 3788 3567 3472 3463 3511 3552 3622 3623 3622 3574 3480 3365 3256 3157 3085 3075 3144 3279 3473 3772 4210 4595 4766 5129 6103 6052 6096 6043 5997 5972 6080
4791 4864 4899 4864 4799 4683 4662 4659 4614 4485 4263 3982 3725 3567 3513 3533 3579 3632 3621 3562 3461 3353 3243 3176 3158 3160 3183 3201 3188 3146 3108 3093 3068 3151 3289 3456 3586 3699 3811 3911 3982 4006 4036 4043 4064 4140 4247 4299 4174 3992 3625 3453 3340 3336 3427 3535 3655 3677 3628 3468 3343 3258 3170 3078 3027 3042 3140 3316 3541 3933 4267 4631 4851 5126 5285 5529 6036 5919 5823 5840 5983
4535 4583 4622 4583 4473 4349 4224 4089 4053 3995 3845 3632 3440 3359 3367 3435 3515 3579 3583 3536 3448 3345 3213 3093 3055 3076 3120 3154 3138 3079 3000 2953 2969 3037 3157 3290 3419 3556 3675 3753 3797 3805 3809 3810 3868 3971 4094 4181 4138 3986 3659 3435 3282 3268 3344 3483 3611 3650 3579 3432 3270 3174 3093 3014 2991 3035 3171 3367 3790 4157 4392 4645 4816 4976 5102 5222 5213 5160 5108 5149 5880
4304 4317 4349 4327 4230 4058 3870 3719 3658 3596 3426 3325 3235 3225 3285 3399 3501 3553 3557 3509 3415 3297 3168 3045 2996 3027 3086 3123 3109 3044 2956 2895 2907 2976 3074 3183 3300 3421 3538 3618 3642 3617 3585 3607 3689 3787 3921 4029 4017 3864 3597 3389 3264 3228 3257 3311 3477 3525 3477 3336 3207 3102 3033 2972 2964 3023 3184 3464 3922 4157 4413 4571 4627 4686 4675 4659 4655 4716 4778 4937 5009
4114 4147 4186 4185 4090 3914 3652 3438 3310 3230 3169 3115 3088 3144 3253 3376 3468 3504 3498 3451 3349 3226 3111 2992 2936 2953 3006 3058 3033 2964 2894 2844 2864 2939 3025 3106 3198 3296 3394 3460 3469 3434 3395 3405 3490 3647 3806 3931 3891 3793 3592 3379 3247 3204 3195 3224 3298 3339 3306 3208 3110 3034 2984 2945 2959 3047 3280 3764 3994 4338 4451 4468 3766 3754 3839 3864 3847 3761 3852 4202 4681
3970 4041 4103 4131 4053 3880 3566 3268 3092 3000 2969 2979 3021 3126 3256 3346 3390 3394 3361 3328 3231 3102 2990 2887 2828 2827 2859 2897 2898 2831 2791 2772 2815 2898 2979 3029 3075 3122 3193 3281 3289 3236 3215 3251 3322 3423 3561 3750 3819 3802 3557 3362 3229 3158 3146 3160 3189 3161 3125 3072 3006 2956 2922 2907 2937 3063 3324 3825 3871 4034 4102 3828 3792 3743 3690 3588 3590 3669 3797 3781 3773
3800 3911 4012 4076 4015 3848 3516 3171 2949 2839 2831 2889 3003 3146 3261 3306 3292 3256 3144 3084 3010 2904 2822 2743 2694 2686 2694 2706 2703 2690 2673 2684 2742 2828 2907 2934 2950 2963 2993 3049 3071 3033 3029 3069 3147 3244 3392 3551 3700 3727 3507 3337 3192 3101 3071 3086 3101 3065 3006 2935 2882 2849 2832 2863 2900 3069 3221 3613 3788 3932 4007 3942 3860 3704 3546 3418 3391 3488 3626 3659 3676
3530 3676 3853 3901 3857 3710 3367 3049 2806 2720 2733 2814 2955 3092 3153 3141 3071 3005 2929 2857 2791 2712 2665 2613 2586 2577 2571 2559 2556 2550 2549 2573 2627 2725 2790 2800 2797 2786 2790 2817 2838 2821 2837 2871 2946 3043 3145 3290 3408 3525 3485 3407 3151 3022 2985 3001 3015 3005 2955 2859 2796 2760 2750 2887 2945 3058 3166 3447 3618 3746 3829 3804 3758 3666 3529 3400 3269 3398 3470 3513 3497
3219 3338 3487 3573 3592 3425 3157 2913 2669 2615 2638 2720 2842 2936 2955 2909 2812 2717 2668 2625 2596 2558 2532 2507 2493 2486 2475 2458 2449 2440 2447 2466 2511 2567 2614 2624 2619 2596 2589 2611 2623 2632 2631 2683 2747 2838 2929 3008 3118 3199 3234 3195 3067 2917 2883 2908 2923 2925 2896 2837 2794 2773 2809 2868 2902 2968 3053 3204 3424 3559 3642 3670 3639 3557 3425 3676 3767 3506 3394 3407 3363
2925 2946 3047 2886 2859 2803 2718 2640 2582 2535 2541 2597 2681 2719 2714 2640 2568 2497 2459 2450 2433 2427 2414 2409 2409 2409 2402 2388 2375 2369 2369 2376 2393 2420 2436 2436 2430 2421 2418 2427 2448 2463 2478 2520 2568 2620 2674 2764 2816 2889 2905 2907 2867 2812 2774 2782 2802 2820 2800 2763 2736 2728 2793 2824 2849 2889 2947 3031 3218 3245 3540 3586 3628 3654 3669 3735 3789 3811 3855 3910 3945
2752 2662 2623 2609 2586 2561 2520 2494 2474 2457 2456 2484 2516 2516 2499 2428 2377 2339 2315 2314 2312 2324 2326 2329 2339 2340 2344 2332 2325 2318 2313 2311 2308 2308 2309 2301 2284 2277 2280 2283 2306 2344 2370 2384 2403 2442 2478 2530 2599 2642 2673 2685 2682 2679 2679 2693 2706 2716 2700 2675 2662 2681 2744 2776 2794 2825 2862 2919 2996 3089 3169 3263 3400 3596 3651 3734 3784 3835 3871 3902 3907
2644 2525 2464 2436 2416 2397 2395 2390 2395 2396 2399 2394 2395 2382 2348 2312 2262 2234 2217 2225 2230 2244 2258 2266 2277 2281 2288 2283 2274 2272 2262 2258 2244 2233 2223 2207 2188 2179 2177 2185 2202 2241 2258 2263 2277 2314 2343 2387 2431 2461 2503 2525 2542 2561 2587 2617 2633 2632 2619 2600 2601 2647 2700 2719 2736 2762 2785 2820 2871 2963 3043 3126 3240 3339 3411 3687 3730 3780 3844 3869 3859
2429 2358 2309 2288 2282 2284 2310 2322 2339 2354 2351 2325 2306 2287 2254 2226 2188 2173 2163 2169 2177 2185 2200 2217 2233 2239 2242 2236 2233 2226 2221 2209 2194 2177 2160 2142 2128 2116 2111 2118 2132 2173 2182 2182 2192 2218 2246 2278 2324 2353 2386 2416 2441 2466 2499 2536 2554 2554 2549 2536 2551 2613 2650 2668 2677 2695 2717 2745 2784 2843 2910 2985 3169 3282 3401 3524 3468 3516 3812 3874 3805
2382 2301 2260 2240 2231 2234 2247 2262 2288 2312 2317 2280 2256 2224 2198 2171 2147 2135 2129 2139 2145 2154 2168 2182 2201 2202 2199 2194 2192 2190 2181 2169 2152 2132 2121 2110 2097 2091 2089 2093 2095 2143 2150 2147 2155 2171 2192 2222 2254 2279 2310 2339 2365 2390 2415 2443 2467 2479 2483 2481 2508 2577 2607 2615 2624 2636 2651 2672 2702 2761 2835 2906 3179 3309 3449 3623 3836 3977 4026 4124 3762
2328 2262 2231 2212 2209 2210 2218 2225 2247 2271 2283 2264 2235 2194 2165 2151 2129 2122 2122 2126 2131 2141 2145 2156 2167 2175 2165 2164 2162 2158 2144 2143 2127 2121 2114 2110 2131 2199 2193 2187 2185 2189 2184 2186 2197 2207 2209 2224 2231 2247 2270 2290 2315 2335 2354 2379 2403 2422 2439 2446 2476 2537 2558 2572 2581 2589 2606 2626 2656 2738 2873 2958 3067 3160 3256 3360 3459 3600 3690 3750 3708
2274 2231 2206 2194 2192 2194 2198 2204 2210 2223 2230 2218 2202 2169 2159 2146 2135 2130 2130 2128 2122 2120 2127 2128 2139 2141 2142 2134 2144 2135 2133 2134 2134 2118 2115 2122 2199 2222 2212 2204 2200 2195 2191 2197 2208 2225 2240 2261 2241 2228 2242 2258 2276 2299 2318 2337 2363 2382 2402 2419 2445 2500 2523 2533 2549 2558 2573 2598 2645 2722 2805 2872 2947 3019 3095 3169 3219 3268 3396 3434 3427
2220 2192 2180 2175 2175 2179 2187 2190 2194 2196 2198 2200 2177 2158 2137 2130 2126 2123 2123 2120 2104 2103 2107 2111 2112 2120 2117 2116 2127 2135 2123 2126 2115 2109 2097 2112 2197 2213 2205 2198 2192 2187 2185 2187 2197 2212 2230 2255 2256 2233 2218 2232 2252 2271 2293 2314 2330 2353 2371 2390 2422 2468 2489 2507 2518 2530 2537 2562 2635 2667 2712 2759 2808 2864 2936 2987 3024 3050 3267 3283 3228
2184 2172 2163 2160 2160 2163 2170 2176 2176 2181 2184 2171 2148 2123 2109 2107 2108 2110 2110 2104 2096 2097 2101 2105 2101 2106 2113 2113 2123 2117 2112 2101 2099 2090 2085 2102 2189 2209 2202 2194 2189 2185 2182 2183 2189 2197 2212 2230 2254 2248 2221 2214 2232 2254 2275 2295 2315 2332 2351 2371 2407 2441 2456 2466 2480 2485 2492 2504 2774 2690 2706 2726 2765 2815 2882 2923 2951 2979 3060 3069 3036
2171 2163 2160 2156 2154 2153 2160 2163 2169 2171 2175 2176 2152 2125 2103 2102 2105 2106 2103 2105 2103 2107 2116 2115 2110 2102 2107 2105 2103 2101 2093 2089 2086 2083 2078 -9999 -9999 -9999 -9999 2192 2190 -9999 -9999 -9999 -9999 2197 2200 2209 2228 2241 2232 2220 2218 2239 2261 2281 2302 2321 2334 2362 2394 2418 2425 2432 2437 2427 2429 2701 2712 2704 2719 2716 2736 2772 2813 2844 2872 2891 2922 2938 2933
2166 2159 2155 2152 2149 2138 2152 2160 2162 2166 2167 2157 2134 2115 2109 2107 2108 2108 2110 2108 2108 2115 2119 2123 2116 2110 2095 2091 2087 2086 2086 2081 -9999 -9999 -9999 -9999 -9999 -9999 -9999 -9999 -9999 -9999 -9999 -9999 -9999 -9999 2197 2200 2209 2223 2238 2225 2212 2225 2245 2264 2284 2305 2337 2415 2434 2447 2453 2459 2454 2408 2580 2617 2626 2620 2639 2651 2679 2712 2741 2770 2799 2828 2857 2888 2929
2164 -9999 -9999 2150 2137 2114 2140 2155 2160 2160 2163 2155 2123 2111 2108 2108 2109 2115 2116 2113 2108 2108 2109 2113 2116 2104 2098 2083 2082 -9999 -9999 -9999 -9999 -9999 -9999 -9999 -9999 -9999 -9999 -9999 -9999 -9999 -9999 -9999 -9999 -9999 -9999 2199 2202 2213 2226 2226 2204 2207 2225 2243 2263 2281 2323 2401 2409 2421 2427 2432 2464 2460 2495 2539 2542 2552 2580 2624 2630 2691 2700 2755 2784 2786 2815 2855 2887
-9999 -9999 -9999 -9999 2150 2138 2150 2153 2155 2157 2159 2141 2114 2100 2099 2098 2099 2109 2115 2114 2113 2113 2110 2110 2110 2112 2101 -9999 -9999 -9999 -9999 -9999 -9999 -9999 -9999 -9999 -9999 -9999 -9999 -9999 -9999 -9999 -9999 -9999 -9999 -9999 -9999 -9999 2202 2204 2220 2229 2222 2209 2197 2214 2234 2264 2354 2364 2280 2275 2278 2285 2434 2455 2294 2506 2321 2374 2412 2611 2458 2663 2532 -9999 -9999 2639 2662 2694 2710
-9999 -9999 -9999 -9999 -9999 2152 2152 2154 2156 2158 2143 2119 2098 2099 2097 2097 2096 2102 2112 2114 2117 2119 -9999 -9999 -9999 -9999 -9999 -9999 -9999 -9999 -9999 -9999 -9999 -9999 -9999 -9999 -9999 -9999 -9999 -9999 -9999 -9999 -9999 -9999 -9999 -9999 -9999 -9999 2200 2207 2212 2227 2237 2222 2144 2150 2172 2188 2219 2227 2226 2253 2248 2256 2290 2296 2284 2323 2325 2352 2380 2418 -9999 -9999 -9999 -9999 -9999 -9999 2643 2660 2677
-9999 -9999 -9999 -9999 -9999 -9999 2155 2157 2160 2161 -9999 -9999 -9999 2100 -9999 2097 2093 2101 2107 2113 -9999 -9999 -9999 -9999 -9999 -9999 -9999 -9999 -9999 -9999 -9999 -9999 -9999 -9999 -9999 -9999 -9999 -9999 -9999 -9999 -9999 -9999 -9999 -9999 -9999 -9999 -9999 -9999 -9999 2209 2218 2224 2205 2106 2106 2123 2145 2167 2180 2195 2226 2339 2266 2254 2260 2268 2281 2304 2331 2345 -9999 -9999 -9999 -9999 -9999 -9999 -9999 -9999 -9999 2667 2676
-9999 -9999 -9999 -9999 -9999 -9999 -9999 -9999 -9999 -9999 -9999 -9999 -9999 -9999 -9999 -9999 2091 -9999 -9999 -9999 -9999 -9999 -9999 -9999 -9999 -9999 -9999 -9999 -9999 -9999 -9999 -9999 -9999 -9999 -9999 -9999 -9999 -9999 -9999 -9999 -9999 -9999 -9999 -9999 -9999 -9999 -9999 -9999 -9999 -9999 2222 2199 2101 2092 2106 2114 2138 2159 2179 2214 2310 2338 2278 2251 2258 2274 2280 -9999 -9999 -9999 -9999 -9999 -9999 -9999 -9999 -9999 -9999 -9999 -9999 -9999 -9999
