Data/ppt/PRISM_ppt_pr_1963-1995_normal_450mM1_12_asc.asc
ncols 557
nrows 164
xllcorner -67.31875000000
yllcorner 17.86875000000
cellsize 0.00416666667
NODATA_value -9999
[rows 105 to 139 of 164, columns 158 to 236 of 557]
6998 6981 6876 6225 6334 6347 6526 6630 6616 6321 5808 5635 5585 5557 5567 5624 5727 5713 5631 5540 5515 5567 5684 5797 5850 5803 5642 5462 5325 5271 5270 5265 5192 5011 4788 4561 4383 4260 4194 4210 4284 4401 4547 4698 4821 4877 4862 4812 4792 4848 4967 5171 5450 5735 5983 6089 6043 5873 5686 5570 5564 5630 5812 6079 6156 6110 5879 5555 5262 5104 5016 5116 5161 5186 5201 5287 5388 5610 5961
6929 6841 6660 6306 6223 6176 6272 6329 6387 5802 5766 5718 5664 5639 5599 5598 5619 5606 5519 5400 5369 5409 5484 5567 5624 5607 5497 5338 5202 5160 5163 5156 5073 4902 4682 4456 4260 4124 4092 4130 4207 4308 4429 4558 4661 4715 4726 4707 4727 4802 4949 5163 5414 5641 5857 5936 5903 5751 5555 5413 5389 5441 5571 5718 5781 5745 5632 5353 5138 4950 4820 4822 4833 4846 4858 4908 5055 5279 5526
6782 6765 6237 6098 6065 5837 5905 5861 5881 5778 5788 5783 5758 5713 5652 5598 5536 5468 5384 5293 5254 5279 5321 5390 5449 5450 5375 5247 5131 5096 5124 5133 5065 4901 4673 4428 4169 4037 4032 4093 4200 4320 4438 4547 4630 4680 4701 4700 4724 4806 4943 5164 5422 5659 5830 5798 5738 5594 5412 5290 5260 5298 5382 5485 5541 5494 5356 5137 4968 4800 4687 4616 4570 4562 4584 4662 4821 5051 5308
6193 6158 6055 5602 5655 5683 5742 5779 5792 5715 5751 5770 5773 5733 5664 5600 5490 5364 5253 5195 5157 5151 5179 5230 5295 5320 5272 5167 5068 5049 5097 5132 5094 4951 4713 4458 4156 4006 4009 4106 4282 4459 4600 4710 4790 4835 4849 4854 4864 4917 5019 5174 5353 5523 5648 5677 5660 5491 5283 5183 5146 5154 5204 5274 5306 5267 5145 4984 4836 4696 4578 4462 4377 4355 4393 4490 4671 4915 5166
5914 5915 5856 5790 5716 5702 5790 5915 5975 5955 5966 5943 5932 5871 5793 5679 5526 5360 5219 5137 5091 5080 5068 5098 5156 5199 5166 5070 4985 4979 5048 5107 5101 4989 4759 4502 4157 4012 4024 4159 4401 4645 4855 5017 5122 5181 5214 5193 5155 5108 5127 5193 5279 5369 5407 5414 5385 5315 5191 5103 5055 5043 5052 5072 5082 5043 4945 4831 4722 4623 4493 4341 4228 4193 4232 4344 4534 4758 4993
5833 5852 5852 5961 5759 5694 5827 6045 6143 6216 6187 6119 6072 5976 5878 5748 5607 5420 5231 5103 5036 5020 4990 4986 5027 5070 5048 4963 4884 4882 4959 5053 5074 4994 4774 4507 4149 4012 4024 4191 4477 4794 5067 5309 5461 5595 5630 5578 5559 5475 5338 5251 5222 5211 5180 5116 5086 5075 5041 4989 4955 4968 4958 4938 4899 4822 4747 4661 4572 4502 4376 4221 4096 4057 4096 4208 4386 4575 4751
5803 5902 5958 5937 5809 5968 6116 6228 6358 6607 6417 6407 6400 6227 6036 5881 5743 5484 5264 5097 5014 4990 4909 4877 4905 4941 4922 4848 4785 4782 4853 4959 5010 4940 4748 4484 4130 3986 3998 4160 4458 4803 5143 5463 5681 5907 5970 5960 5863 5756 5590 5347 5157 5030 4945 4859 4826 4819 4858 4881 4901 4922 4911 4840 4753 4660 4558 4474 4403 4347 4240 4097 3994 3963 4010 4107 4238 4389 4514
5797 5881 5921 5871 5879 5953 6074 6172 6292 6410 6350 6398 6463 6430 6210 6063 5891 5529 5298 5120 4997 4964 4847 4778 4799 4806 4779 4720 4676 4668 4737 4836 4889 4836 4672 4435 4083 3944 3950 4086 4357 4676 5014 5427 5759 6004 6105 6139 6076 5882 5696 5437 5133 4894 4723 4601 4573 4609 4710 4826 4891 4934 4895 4803 4657 4514 4391 4302 4229 4167 4076 3975 3917 3931 4002 4118 4252 4371 4468
5673 5700 5672 5682 5734 5770 5860 5960 6089 6117 6118 6145 6277 6361 6284 6256 6140 5640 5339 5113 4958 4946 4809 4715 4690 4668 4631 4586 4551 4530 4590 4683 4728 4688 4555 4348 4034 3913 3925 4037 4251 4529 4832 5207 5573 5840 6092 6184 6161 6000 5738 5436 5095 4782 4543 4391 4359 4426 4577 4750 4880 4931 4912 4817 4643 4436 4260 4142 4063 3992 3926 3874 3877 3945 4079 4235 4364 4442 4506
5640 5642 5609 5617 5642 5683 5740 5828 5976 5889 5955 5983 6016 6063 6085 6071 5835 5579 5345 5128 4927 4892 4769 4648 4455 4427 4414 4356 4322 4353 4421 4492 4529 4500 4387 4187 3974 3899 3924 4024 4220 4466 4727 5018 5275 5578 5772 5900 5917 5835 5626 5346 5010 4679 4388 4217 4178 4250 4430 4627 4793 4886 4892 4837 4671 4413 4178 4011 3906 3830 3790 3787 3853 3997 4197 4377 4514 4595 4649
5597 5615 5617 5634 5659 5688 5720 5773 5862 5879 5888 5841 5781 5741 5710 5645 5531 5342 5105 4971 4865 4805 4665 4381 4271 4226 4194 4161 4138 4156 4216 4279 4303 4263 4173 4010 3912 3899 3952 4068 4261 4477 4690 4882 5091 5276 5410 5479 5502 5503 5394 5183 4870 4556 4254 4076 4031 4091 4233 4446 4626 4743 4800 4774 4637 4397 4116 3898 3767 3696 3684 3734 3866 4084 4340 4574 4727 4847 4930
5499 5517 5559 5584 5606 5628 5657 5707 5767 5809 5776 5704 5623 5556 5473 5341 5089 4917 4836 4775 4733 4647 4433 4257 4130 4068 4028 4001 3989 3996 4022 4044 4053 4000 3942 3867 3844 3888 3996 4151 4325 4519 4684 4831 4953 5022 5122 5183 5201 5190 5136 5012 4767 4482 4161 3988 3928 3950 4051 4198 4384 4540 4617 4625 4531 4314 4035 3805 3656 3593 3610 3707 3897 4164 4470 4745 4959 5096 5184
5392 5431 5473 5500 5525 5546 5571 5609 5656 5674 5668 5610 5502 5380 5208 4960 4756 4636 4558 4541 4515 4450 4331 4195 4018 3930 3888 3866 3848 3847 3853 3852 3839 3788 3736 3715 3741 3831 3976 4131 4262 4427 4533 4622 4704 4772 4831 4856 4861 4858 4848 4797 4662 4460 4150 3966 3872 3853 3905 4014 4144 4283 4374 4402 4334 4154 3915 3699 3555 3509 3551 3681 3907 4199 4515 4774 5028 5221 5390
5249 5294 5340 5376 5426 5468 5478 5514 5550 5557 5554 5512 5306 5144 4946 4605 4387 4270 4217 4216 4219 4191 4113 4024 3917 3819 3770 3743 3708 3700 3702 3693 3672 3634 3596 3597 3640 3739 3888 4025 4118 4230 4336 4408 4478 4537 4585 4600 4593 4603 4621 4613 4539 4382 4121 3932 3834 3801 3839 3896 3995 4081 4151 4164 4097 3960 3771 3595 3476 3442 3504 3654 3884 4164 4492 4765 5042 5230 5513
5108 5128 5141 5167 5236 5290 5294 5294 5292 5259 5250 5224 5125 4982 4754 4431 4218 4073 4005 4002 4020 4030 3989 3918 3811 3716 3649 3620 3600 3596 3600 3597 3572 3537 3508 3512 3542 3626 3759 3886 3973 4062 4152 4237 4313 4340 4362 4364 4364 4408 4457 4478 4435 4301 4063 3859 3751 3738 3779 3846 3938 3996 4007 3977 3898 3774 3631 3493 3398 3384 3469 3641 3872 4149 4522 4867 5165 5434 5630
4962 4962 4943 4937 4994 5063 5088 5061 5004 4895 4870 4854 4825 4710 4518 4274 4050 3895 3846 3864 3906 3947 3938 3887 3800 3706 3605 3539 3518 3514 3528 3533 3520 3482 3447 3430 3438 3498 3608 3730 3827 3910 3992 4065 4118 4130 4149 4153 4165 4223 4300 4348 4327 4206 3933 3744 3638 3631 3700 3796 3908 3952 3937 3858 3760 3645 3516 3392 3328 3346 3465 3673 3932 4253 4571 4936 5211 5448 5580
4849 4818 4788 4761 4775 4820 4854 4819 4728 4617 4510 4369 4335 4283 4157 3971 3814 3738 3739 3796 3862 3914 3915 3871 3795 3705 3588 3481 3441 3457 3487 3508 3494 3449 3390 3357 3362 3416 3506 3609 3707 3806 3892 3950 3982 3986 3985 3985 4020 4089 4175 4232 4217 4093 3847 3684 3578 3568 3628 3735 3841 3887 3857 3760 3641 3528 3414 3313 3284 3331 3491 3740 4107 4424 4691 4986 5160 5300 5379
4757 4686 4617 4544 4537 4560 4592 4572 4496 4352 4203 4069 4007 3953 3786 3703 3626 3620 3673 3767 3848 3893 3892 3848 3766 3665 3558 3450 3408 3428 3470 3498 3476 3426 3361 3316 3327 3374 3450 3532 3619 3709 3795 3853 3874 3857 3836 3849 3902 3969 4061 4138 4109 3996 3793 3647 3556 3526 3545 3595 3708 3751 3722 3624 3516 3418 3332 3267 3254 3321 3516 3830 4219 4509 4779 5023 4563 4615 4624
4650 4557 4473 4384 4367 4387 4432 4435 4358 4213 3988 3780 3662 3601 3566 3521 3501 3549 3642 3747 3822 3850 3844 3804 3718 3613 3515 3421 3371 3386 3427 3456 3429 3369 3316 3281 3295 3350 3414 3475 3544 3617 3690 3741 3752 3732 3709 3725 3787 3881 3998 4085 4041 3959 3794 3644 3551 3510 3496 3511 3561 3584 3555 3479 3400 3331 3276 3236 3250 3339 3554 3971 4269 4604 4780 4707 4455 4392 4354
4574 4437 4335 4249 4246 4290 4356 4379 4317 4176 3895 3623 3461 3373 3352 3372 3430 3531 3642 3721 3757 3761 3733 3703 3621 3514 3423 3339 3293 3292 3316 3345 3331 3278 3243 3230 3261 3321 3379 3423 3462 3503 3560 3615 3627 3606 3597 3625 3680 3748 3849 3978 4023 4009 3786 3633 3544 3490 3468 3460 3466 3446 3408 3360 3304 3257 3222 3209 3235 3358 3609 4023 3864 3997 4031 3710 3814 3834 3777
4534 4323 4174 4086 4092 4176 4278 4330 4277 4143 3841 3519 3321 3221 3219 3281 3397 3533 3642 3684 3675 3643 3548 3500 3438 3354 3286 3224 3187 3181 3190 3197 3194 3176 3164 3170 3212 3276 3333 3359 3377 3393 3423 3466 3485 3472 3475 3508 3565 3639 3741 3867 3974 3987 3768 3633 3530 3465 3435 3427 3415 3380 3325 3258 3213 3182 3162 3196 3222 3381 3483 3710 3776 3899 3911 3821 3731 3611 3626
4490 4193 3967 3844 3830 3964 4113 4149 4127 4019 3696 3398 3181 3099 3119 3203 3343 3476 3540 3535 3479 3428 3364 3310 3255 3195 3157 3121 3099 3095 3091 3085 3081 3074 3073 3089 3133 3204 3256 3267 3271 3271 3283 3311 3333 3336 3350 3383 3437 3508 3590 3684 3772 3859 3821 3735 3542 3433 3399 3395 3389 3368 3317 3218 3167 3136 3112 3290 3328 3406 3460 3560 3633 3698 3771 3732 3694 3658 3642
4377 3962 3681 3514 3489 3599 3740 3836 3858 3672 3419 3192 3038 2984 3018 3104 3229 3326 3355 3321 3249 3180 3143 3114 3093 3068 3049 3032 3023 3019 3015 3002 2993 2987 2991 3009 3043 3091 3130 3142 3145 3139 3145 3168 3191 3207 3224 3266 3317 3383 3445 3509 3578 3637 3653 3618 3516 3407 3361 3357 3357 3349 3325 3276 3247 3242 3298 3345 3348 3379 3410 3466 3567 3613 3690 3697 3683 3653 3662
4344 3921 3548 3328 3224 3236 3329 3401 3407 3309 3144 3011 2921 2891 2920 2987 3079 3130 3135 3088 3037 2988 2963 2962 2959 2958 2954 2952 2956 2958 2952 2937 2932 2925 2927 2936 2949 2972 2990 2998 3001 3004 3016 3035 3063 3092 3123 3171 3212 3253 3296 3349 3396 3438 3452 3444 3413 3356 3322 3304 3307 3305 3291 3268 3254 3266 3335 3357 3360 3368 3388 3436 3508 3534 3722 3749 3758 3795 3822
4308 3896 3498 3236 3063 2986 2972 2995 2996 2971 2894 2843 2804 2795 2813 2849 2895 2926 2907 2885 2856 2823 2816 2830 2844 2866 2877 2884 2895 2898 2892 2886 2881 2879 2877 2875 2873 2876 2883 2885 2883 2889 2905 2925 2960 3018 3056 3087 3111 3146 3179 3221 3257 3288 3305 3310 3301 3291 3269 3268 3260 3260 3247 3234 3225 3256 3325 3353 3358 3374 3397 3425 3481 3512 3586 3633 3675 3812 3851
4268 3928 3535 3208 2963 2822 2769 2763 2760 2741 2726 2707 2703 2709 2728 2752 2765 2767 2748 2736 2720 2715 2719 2743 2765 2790 2814 2829 2842 2842 2837 2834 2836 2833 2825 2824 2816 2813 2811 2809 2807 2811 2827 2849 2885 2946 2980 2995 3018 3054 3086 3122 3158 3183 3201 3211 3217 3221 3232 3233 3234 3221 3210 3199 3209 3259 3316 3333 3347 3369 3388 3419 3457 3511 3563 3596 3636 3683 3729
4200 3884 3501 3164 2886 2735 2648 2618 2615 2611 2622 2630 2639 2648 2657 2669 2669 2666 2653 2646 2639 2649 2663 2686 2708 2732 2759 2783 2793 2790 2787 2788 2792 2788 2786 2779 2772 2764 2760 2758 2759 2762 2777 2800 2833 2900 2925 2938 2954 2979 3003 3035 3077 3103 3127 3143 3155 3167 3181 3197 3196 3190 3182 3169 3191 3256 3297 3314 3327 3347 3374 3397 3429 3480 3523 3576 3651 3714 3779
4056 3706 3351 3028 2773 2641 2576 2543 2536 2540 2554 2569 2588 2595 2604 2609 2605 2598 2592 2588 2588 2605 2621 2637 2665 2689 2720 2733 2743 2738 2745 2752 2756 2756 2752 2745 2736 2727 2723 2724 2729 2754 2768 2789 2812 2881 2908 2916 2928 2946 2961 2987 3014 3044 3070 3091 3108 3122 3135 3149 3159 3159 3155 3157 3178 3252 3285 3292 3301 3322 3339 3368 3399 3448 3503 3570 3700 3798 3902
3716 3421 3121 2848 2677 2561 2511 2487 2488 2490 2509 2523 2538 2548 2552 2555 2543 2542 2539 2543 2546 2564 2578 2589 2611 2646 2666 2691 2692 2711 2715 2726 2728 2728 2719 2714 2707 2707 2703 2710 2754 2870 2885 2896 2908 2927 2933 2952 2963 2971 2982 2994 3002 3017 3040 3057 3074 3088 3100 3114 3125 3135 3143 3144 3174 3237 3263 3275 3288 3302 3324 3352 3384 3443 3509 3573 3661 3734 3812
3350 3098 2875 2675 2580 2512 2478 2463 2452 2460 2471 2486 2495 2506 2509 2504 2501 2496 2498 2498 2499 2512 2534 2549 2582 2600 2623 2643 2671 2681 2698 2696 2700 2696 2695 2685 2689 2685 2690 2723 2859 2901 2908 2915 2924 2931 2948 2978 2996 3007 3026 3037 3032 3020 3031 3041 3054 3068 3080 3092 3109 3119 3132 3142 3168 3226 3255 3267 3288 3305 3328 3361 3391 3437 3491 3547 3609 3670 3732
3016 2818 2645 2559 2512 2482 2469 2453 2444 2441 2448 2454 2465 2470 2472 2471 2467 2471 2467 2469 2474 2489 2507 2534 2551 2574 2592 2617 2637 2661 2656 2656 2660 2662 2658 2661 2661 2668 2671 2713 2856 2891 2898 2906 2913 2919 2926 2944 2953 2972 3010 3034 3039 3036 3019 3028 3041 3053 3065 3079 3088 3103 3115 3129 3165 3213 3244 3264 3283 3302 3315 3341 3367 3400 3439 3482 3529 3579 3639
2780 2625 2549 2500 2477 2466 2459 2456 2448 2443 2445 2432 2433 2443 2445 2439 2445 2448 2448 2455 2467 2484 2504 2514 2533 2535 2561 2582 2605 2618 2614 2614 2625 2630 2634 2634 2644 2648 2659 2699 2848 2886 2894 2899 2905 2914 2918 2926 2932 2941 2966 2983 3028 3030 3017 3017 3029 3043 3055 3067 3078 3088 3102 3125 3166 3205 3221 3241 3260 3271 3284 3305 3329 3358 3395 3434 3475 3521 3580
2593 2540 2501 2479 2464 2458 2455 2454 2452 2452 2442 2434 2421 2436 2439 2438 2426 2434 2437 2446 2467 2485 2495 2499 2493 2489 2497 2515 2550 2576 2575 2584 2599 2610 2612 2620 2629 2641 2645 -9999 -9999 -9999 -9999 2897 2898 -9999 -9999 -9999 -9999 2942 2943 2952 2978 2989 2989 3004 3014 3034 3047 3059 3072 3083 3092 3111 3139 3159 3176 3190 3201 3220 3236 3253 3277 3304 3344 3388 3428 3472 3523
2533 2503 2481 2466 2459 2453 2451 2449 2448 2454 2453 2441 2436 2450 2462 2450 2431 2425 2427 2439 2458 2475 2478 2473 2469 2467 2481 2503 2531 2547 2555 2561 2576 2590 2603 2606 -9999 -9999 -9999 -9999 -9999 -9999 -9999 -9999 -9999 -9999 -9999 -9999 -9999 -9999 2941 2943 2955 2965 2976 2985 2995 3011 3031 3045 3062 3075 3088 3080 3098 3107 3112 3118 3125 3150 3169 3188 3218 3243 3281 3316 3350 3394 3434
2503 2484 2471 2463 2456 -9999 -9999 2449 2454 2453 2459 2457 2453 2465 2469 2462 2428 2418 2420 2425 2441 2450 2453 2448 2449 2454 2472 2493 2513 2525 2535 2549 2561 -9999 -9999 -9999 -9999 -9999 -9999 -9999 -9999 -9999 -9999 -9999 -9999 -9999 -9999 -9999 -9999 -9999 -9999 2946 2949 2959 2969 2974 2976 2985 3000 3019 3039 3058 3049 3038 3048 3059 3067 3068 3061 3082 3108 3128 3180 3219 3257 3271 3327 3362 3426
