Data/ppt/PRISM_ppt_pr_1963-1995_normal_450mM1_11_asc.asc
ncols 557
nrows 164
xllcorner -67.31875000000
yllcorner 17.86875000000
cellsize 0.00416666667
NODATA_value -9999
[rows 68 to 101 of 164, columns 0 to 76 of 557]
-9999 -9999 -9999 -9999 -9999 -9999 -9999 -9999 -9999 -9999 -9999 -9999 -9999 -9999 -9999 -9999 -9999 -9999 -9999 -9999 -9999 -9999 -9999 -9999 -9999 -9999 -9999 -9999 -9999 10972 10983 10968 10941 10848 10803 10749 10762 10779 10807 10881 10944 10975 11012 11081 11176 11312 11477 11685 11981 12294 12603 12895 13151 13366 13517 13615 13737 13847 13976 14124 14345 14595 14855 15093 15313 15516 15647 15729 15783 15860 15892 15873 15826 15772 15763 15756 16055
-9999 -9999 -9999 -9999 -9999 -9999 -9999 -9999 -9999 -9999 -9999 -9999 -9999 -9999 -9999 -9999 -9999 -9999 -9999 -9999 -9999 -9999 -9999 -9999 -9999 -9999 -9999 -9999 -9999 10993 10967 10935 10922 10897 10820 10767 10747 10767 10807 10885 10961 10991 11021 11093 11208 11360 11556 11785 12102 12502 12907 13277 13564 13779 13901 13951 14012 14106 14253 14431 14648 14908 15170 15410 15610 15802 15971 16083 16148 16156 16202 16183 16192 16216 16318 16317 16658
-9999 -9999 -9999 -9999 -9999 -9999 -9999 -9999 -9999 -9999 -9999 -9999 -9999 -9999 -9999 -9999 -9999 -9999 -9999 -9999 -9999 -9999 -9999 -9999 -9999 -9999 -9999 -9999 -9999 -9999 10947 10932 10911 10898 10844 10754 10741 10768 10802 10893 10958 11026 11069 11138 11258 11424 11635 11897 12234 12694 13244 13683 14012 14227 14327 14332 14331 14378 14515 14719 14948 15178 15414 15645 15847 16016 16200 16385 16498 16542 16526 16561 16664 16710 16635 16621 17044
-9999 -9999 -9999 -9999 -9999 -9999 -9999 -9999 -9999 -9999 -9999 -9999 -9999 -9999 -9999 -9999 -9999 -9999 -9999 -9999 -9999 -9999 -9999 -9999 -9999 -9999 -9999 -9999 -9999 -9999 -9999 10916 10898 10879 10836 10761 10753 10790 10840 10906 11007 11074 11155 11229 11349 11516 11729 12013 12382 12896 13546 14067 14467 14712 14786 14738 14668 14665 14761 14964 15201 15416 15605 15789 15961 16146 16385 16614 16878 17052 17037 17018 17025 16883 16714 16716 17222
-9999 -9999 -9999 -9999 -9999 -9999 -9999 -9999 -9999 -9999 -9999 -9999 -9999 -9999 -9999 -9999 -9999 -9999 -9999 -9999 -9999 -9999 -9999 -9999 -9999 -9999 -9999 -9999 -9999 -9999 -9999 10912 10879 10862 10819 10777 10782 10838 10912 11009 11095 11200 11281 11369 11477 11637 11842 12133 12513 13046 13683 14309 14781 15055 15128 15084 14987 14949 15024 15205 15430 15630 15804 15949 16081 16279 16614 16887 17047 17143 17170 17254 17207 16958 16758 16810 17243
-9999 -9999 -9999 -9999 -9999 -9999 -9999 -9999 -9999 -9999 -9999 -9999 -9999 -9999 -9999 -9999 -9999 -9999 -9999 -9999 -9999 -9999 -9999 -9999 -9999 -9999 -9999 -9999 -9999 -9999 -9999 10916 10888 10855 10828 10803 10830 10913 11023 11161 11292 11405 11507 11598 11686 11803 11968 12254 12643 13203 13817 14430 14927 15198 15310 15289 15226 15205 15285 15464 15685 15885 16050 16185 16286 16398 16636 16865 17052 17077 17094 17147 17029 16789 16669 16730 16939
-9999 -9999 -9999 -9999 -9999 -9999 -9999 -9999 -9999 -9999 -9999 -9999 -9999 -9999 -9999 -9999 -9999 -9999 -9999 -9999 -9999 -9999 -9999 -9999 -9999 -9999 -9999 -9999 -9999 -9999 -9999 10914 10885 10865 10857 10874 10921 11042 11203 11381 11555 11717 11817 11929 12001 12063 12170 12412 12838 13396 13960 14523 14982 15239 15350 15378 15369 15395 15492 15680 15918 16149 16344 16488 16582 16660 16779 16954 17195 17308 17261 17167 17083 16958 16854 16877 17055
-9999 -9999 -9999 -9999 -9999 -9999 -9999 -9999 -9999 -9999 -9999 -9999 -9999 -9999 -9999 -9999 -9999 -9999 -9999 -9999 -9999 -9999 -9999 -9999 -9999 -9999 -9999 -9999 -9999 -9999 -9999 10902 10878 10866 10891 10950 11049 11212 11443 11674 11918 12134 12247 12339 12381 12392 12440 12638 13056 13587 14152 14661 15034 15244 15356 15410 15461 15528 15651 15830 16072 16328 16566 16765 16886 16980 17068 17161 17333 17545 17561 17422 17254 17212 17149 17202 17406
-9999 -9999 -9999 -9999 -9999 -9999 -9999 -9999 -9999 -9999 -9999 -9999 -9999 -9999 -9999 -9999 -9999 -9999 -9999 -9999 -9999 -9999 -9999 -9999 -9999 -9999 -9999 -9999 -9999 -9999 -9999 -9999 10860 10863 10916 11023 11176 11412 11693 12000 12342 12646 12794 12838 12821 12785 12790 12961 13311 13791 14378 14882 15168 15329 15399 15468 15552 15656 15776 15938 16149 16408 16692 16936 17141 17255 17360 17493 17653 17884 18040 17917 17588 17561 17564 17689 17910
-9999 -9999 -9999 -9999 -9999 -9999 -9999 -9999 -9999 -9999 -9999 -9999 -9999 -9999 -9999 -9999 -9999 -9999 -9999 -9999 -9999 -9999 -9999 -9999 -9999 -9999 -9999 -9999 -9999 -9999 -9999 -9999 10854 10858 10909 11042 11250 11531 11865 12207 12617 13022 13287 13563 13259 13156 13185 13340 13561 13995 14572 15055 15320 15447 15495 15566 15680 15806 15927 16051 16207 16437 16729 17050 17298 17504 17635 17820 18041 18281 18489 18503 18401 18277 18231 18321 18493
-9999 -9999 -9999 -9999 -9999 -9999 -9999 -9999 -9999 -9999 -9999 -9999 -9999 -9999 -9999 -9999 -9999 -9999 -9999 -9999 -9999 -9999 -9999 -9999 -9999 -9999 -9999 -9999 -9999 -9999 -9999 -9999 -9999 10839 10861 10970 11174 11532 11930 12154 12703 13145 13327 13331 13480 13544 13594 13578 13801 14159 14604 15062 15336 15483 15541 15632 15781 15938 16074 16183 16294 16468 16723 17047 17397 17650 17893 18124 18287 18536 18760 18929 19058 19171 19248 19374 19498
-9999 -9999 -9999 -9999 -9999 -9999 -9999 -9999 -9999 -9999 -9999 -9999 -9999 -9999 -9999 -9999 -9999 -9999 -9999 -9999 -9999 -9999 -9999 -9999 -9999 -9999 -9999 -9999 -9999 -9999 -9999 -9999 -9999 -9999 10800 10842 11094 11751 12509 12827 13020 13319 13472 13529 14194 14283 14228 13834 14333 14456 14619 14915 15194 15352 15458 15584 15785 15961 16134 16300 16381 16516 16724 17006 17341 17702 18054 18364 18559 18780 19027 19204 19414 19619 19778 19851 19993
-9999 -9999 -9999 -9999 -9999 -9999 -9999 -9999 -9999 -9999 -9999 -9999 -9999 -9999 -9999 -9999 -9999 -9999 -9999 -9999 -9999 -9999 -9999 -9999 -9999 -9999 -9999 -9999 -9999 -9999 -9999 -9999 -9999 -9999 -9999 10790 11519 12272 12742 13233 13243 13443 13715 14111 14306 14356 14387 14309 14445 14464 14560 14753 14936 15097 15245 15428 15657 15864 16094 16265 16445 16549 16731 16972 17268 17603 17986 18410 18827 19235 19463 19619 19796 20065 20273 20215 20286
-9999 -9999 -9999 -9999 -9999 -9999 -9999 -9999 -9999 -9999 -9999 -9999 -9999 -9999 -9999 -9999 -9999 -9999 -9999 -9999 -9999 -9999 -9999 -9999 -9999 -9999 -9999 -9999 -9999 -9999 -9999 -9999 -9999 -9999 -9999 -9999 12166 12491 13039 13518 13906 14028 14073 14226 14252 14293 14344 14398 14380 14394 14469 14574 14691 14819 14954 15126 15381 15622 15874 16121 16323 16522 16709 16927 17185 17494 17859 18279 18790 19330 19801 20076 20292 20506 20651 20601 20661
-9999 -9999 -9999 -9999 -9999 -9999 -9999 -9999 -9999 -9999 -9999 -9999 -9999 -9999 -9999 -9999 -9999 -9999 -9999 -9999 -9999 -9999 -9999 -9999 -9999 -9999 -9999 -9999 -9999 -9999 -9999 -9999 -9999 -9999 -9999 -9999 12363 12862 13232 13777 14035 14133 14167 14194 14218 14266 14319 14378 14355 14343 14397 14457 14544 14631 14728 14847 15036 15271 15551 15817 16124 16375 16630 16875 17105 17394 17740 18138 18597 19138 19773 20179 20459 20735 20966 21114 21163
-9999 -9999 -9999 -9999 -9999 -9999 -9999 -9999 -9999 -9999 -9999 -9999 -9999 -9999 -9999 -9999 -9999 -9999 -9999 -9999 -9999 -9999 -9999 -9999 -9999 -9999 -9999 -9999 -9999 -9999 -9999 -9999 -9999 -9999 -9999 -9999 -9999 13157 13692 13916 14008 14112 14156 14182 14227 14275 14348 14376 14348 14326 14390 14432 14498 14563 14633 14723 14875 15071 15317 15608 15919 16232 16549 16826 17068 17309 17594 17961 18370 18870 19455 19907 20248 20604 20894 21176 21280
-9999 -9999 -9999 -9999 -9999 -9999 -9999 -9999 -9999 -9999 -9999 -9999 -9999 -9999 -9999 -9999 -9999 -9999 -9999 -9999 -9999 -9999 -9999 -9999 -9999 -9999 -9999 -9999 -9999 -9999 -9999 -9999 -9999 -9999 -9999 -9999 -9999 13634 13812 13875 13960 14083 14133 14184 14244 14309 14373 14406 14376 14398 14481 14534 14601 14654 14704 14779 14907 15082 15299 15566 15862 16161 16491 16792 17037 17228 17419 17705 18083 18580 19102 19563 19909 20267 20580 20934 21295
-9999 -9999 -9999 -9999 -9999 -9999 -9999 -9999 -9999 -9999 -9999 -9999 -9999 -9999 -9999 -9999 -9999 -9999 -9999 -9999 -9999 -9999 -9999 -9999 -9999 -9999 -9999 -9999 -9999 -9999 -9999 -9999 -9999 -9999 -9999 -9999 13529 13704 13763 13810 13907 14033 14112 14178 14254 14321 14369 14437 14468 14553 14685 14773 14840 14889 14942 15007 15127 15277 15448 15651 15877 16170 16473 16788 17031 17130 17212 17454 17712 18118 18739 19285 19680 20047 20346 20691 21063
-9999 -9999 -9999 -9999 -9999 -9999 -9999 -9999 -9999 -9999 -9999 -9999 -9999 -9999 -9999 -9999 -9999 -9999 -9999 -9999 -9999 -9999 -9999 -9999 -9999 -9999 -9999 -9999 -9999 -9999 -9999 -9999 -9999 -9999 12339 12753 13071 13532 13669 13723 13835 13967 14065 14153 14250 14303 14395 14495 14561 14745 14969 15095 15184 15259 15340 15414 15483 15551 15632 15724 15883 16115 16419 16742 16956 17083 17181 17361 17496 17710 18401 18982 19551 20009 20371 20708 21028
-9999 -9999 -9999 -9999 -9999 -9999 -9999 -9999 -9999 -9999 -9999 -9999 -9999 -9999 -9999 -9999 -9999 -9999 -9999 -9999 -9999 -9999 -9999 -9999 -9999 -9999 -9999 -9999 -9999 -9999 -9999 -9999 -9999 12329 12668 12938 13313 13509 13551 13659 13775 13917 14013 14111 14186 14276 14348 14461 14601 14867 15191 15410 15563 15709 15854 15857 15800 15744 15700 15690 15759 15923 16175 16492 16796 17036 17220 16869 17325 17765 18751 18822 19507 20123 20524 20858 21123
-9999 -9999 -9999 -9999 -9999 -9999 -9999 -9999 -9999 -9999 -9999 -9999 -9999 -9999 -9999 -9999 -9999 -9999 -9999 -9999 -9999 -9999 -9999 -9999 -9999 -9999 -9999 -9999 -9999 -9999 -9999 -9999 11715 12086 12325 12853 13279 13407 13487 13588 13737 13845 13946 14032 14114 14157 14238 14330 14500 14903 15231 15508 15766 16028 16213 16129 15946 15747 15591 15486 15493 15608 15814 16078 16350 16710 17310 17679 17900 18419 19130 18916 19642 20297 20757 21068 21317
-9999 -9999 -9999 -9999 -9999 -9999 -9999 -9999 -9999 -9999 -9999 -9999 -9999 -9999 -9999 -9999 -9999 -9999 -9999 -9999 -9999 -9999 -9999 -9999 -9999 -9999 -9999 -9999 -9999 -9999 -9999 11658 11801 12220 12715 13097 13289 13341 13426 13536 13643 13756 13849 13935 14012 14072 14105 14178 14295 14552 14851 15162 15535 15945 16199 16097 15851 15560 15311 15176 15197 15314 15526 15777 16069 16486 17200 17862 17667 18226 19210 19192 19840 20467 20973 21322 21551
-9999 -9999 -9999 -9999 -9999 -9999 -9999 -9999 -9999 -9999 -9999 -9999 -9999 -9999 -9999 -9999 -9999 -9999 -9999 -9999 -9999 -9999 -9999 -9999 -9999 -9999 -9999 -9999 -9999 -9999 -9999 11785 12567 12725 13045 13193 13200 13277 13348 13431 13535 13646 13757 13842 13909 13979 14022 14062 14127 14238 14459 14706 14919 15401 15783 15720 15494 15201 14943 14893 14999 15215 15460 15715 16025 16483 17279 18207 18637 18553 19213 19641 20250 20807 21257 21566 21783
-9999 -9999 -9999 -9999 -9999 -9999 -9999 -9999 -9999 -9999 -9999 -9999 -9999 -9999 -9999 -9999 -9999 -9999 -9999 -9999 -9999 -9999 -9999 -9999 -9999 -9999 -9999 -9999 -9999 -9999 12061 12214 12947 12998 13095 13100 13142 13174 13241 13322 13418 13543 13665 13760 13835 13906 13961 13994 14023 14106 14300 14428 14501 15029 15259 15174 15005 14806 14682 14729 14959 15295 15619 15917 16275 16750 17464 18354 19113 19805 19734 20241 20844 21286 21588 21820 21970
-9999 -9999 -9999 -9999 -9999 -9999 -9999 -9999 -9999 -9999 -9999 -9999 -9999 -9999 -9999 -9999 -9999 -9999 -9999 -9999 -9999 -9999 -9999 -9999 -9999 -9999 -9999 -9999 -9999 11864 12026 12440 12942 13018 12990 13037 13050 13078 13138 13208 13305 13442 13588 13700 13777 13853 13922 13938 13942 14004 14119 14131 14231 14579 14682 14666 14620 14563 14564 14677 14978 15374 15740 16115 16603 17194 17913 18713 19366 20040 20545 20699 21118 21576 21833 21998 22093
-9999 -9999 -9999 -9999 -9999 -9999 -9999 -9999 -9999 -9999 -9999 -9999 -9999 -9999 -9999 -9999 -9999 -9999 -9999 -9999 -9999 -9999 -9999 -9999 -9999 -9999 -9999 -9999 -9999 -9999 12409 12816 12960 12924 12899 12955 12971 12991 13032 13076 13197 13349 13515 13653 13738 13822 13866 13895 13895 13946 14020 14050 14106 14265 14335 14354 14386 14408 14476 14635 14918 15316 15677 16060 16513 17082 17797 18807 19467 20033 20664 20981 21347 21659 21929 22067 22166
-9999 -9999 -9999 -9999 -9999 -9999 -9999 -9999 -9999 -9999 -9999 -9999 -9999 -9999 -9999 -9999 -9999 -9999 -9999 -9999 -9999 -9999 -9999 -9999 -9999 -9999 -9999 -9999 -9999 -9999 12800 12903 12879 12828 12817 12881 12898 12900 12911 12953 13081 13260 13436 13595 13700 13757 13798 13816 13840 13859 13928 13960 14119 14151 14188 14254 14242 14294 14392 14519 14726 14988 15274 15625 16058 16713 17456 18492 19150 19745 20380 20907 21279 21631 21882 21941 22125
-9999 -9999 -9999 -9999 -9999 -9999 -9999 -9999 -9999 -9999 -9999 -9999 -9999 -9999 -9999 -9999 -9999 -9999 -9999 -9999 -9999 -9999 -9999 -9999 -9999 -9999 -9999 -9999 -9999 -9999 -9999 12832 12803 12763 12754 12822 12825 12813 12805 12839 12998 13169 13345 13518 13639 13701 13731 13771 13802 13830 13871 13964 14073 14108 14129 14139 14153 14192 14300 14404 14528 14669 14848 15145 15526 16038 16625 17229 18488 19122 19768 20406 20913 21317 21542 21636 22006
-9999 -9999 -9999 -9999 -9999 -9999 -9999 -9999 -9999 -9999 -9999 -9999 -9999 -9999 -9999 -9999 -9999 -9999 -9999 -9999 -9999 -9999 -9999 -9999 -9999 -9999 -9999 -9999 -9999 -9999 -9999 12770 12750 12708 12703 12774 12769 12748 12732 12761 12927 13084 13255 13428 13568 13656 13710 13771 13817 13877 13895 13959 14050 14061 14071 14075 14097 14152 14199 14283 14358 14465 14627 14873 15149 15548 16021 16504 17045 17631 18289 19005 19986 20658 21147 21467 21764
-9999 -9999 -9999 -9999 -9999 -9999 -9999 -9999 -9999 -9999 -9999 -9999 -9999 -9999 -9999 -9999 -9999 -9999 -9999 -9999 -9999 -9999 -9999 -9999 -9999 -9999 -9999 -9999 -9999 -9999 12742 12739 12706 12668 12662 12717 12717 12700 12668 12702 12859 13009 13160 13322 13487 13595 13675 13740 13822 13880 13926 13969 14055 14093 14082 14081 14091 14088 14140 14165 14225 14317 14488 14713 14954 15250 15587 15958 16339 16800 17292 17960 18691 19475 20277 20984 21429
-9999 -9999 -9999 -9999 -9999 -9999 -9999 -9999 -9999 -9999 -9999 -9999 -9999 -9999 -9999 -9999 -9999 -9999 -9999 -9999 -9999 -9999 -9999 -9999 -9999 -9999 -9999 -9999 -9999 -9999 12737 12716 12692 12658 12652 12659 12644 12628 12609 12635 12800 12929 13050 13205 13391 13542 13624 13709 13783 13857 13877 13907 13983 14059 14035 14033 14028 14080 14075 14136 14178 14268 14423 14619 14829 15036 15279 15568 15890 16238 16626 17050 17543 18439 19358 20173 20802
-9999 -9999 -9999 -9999 -9999 -9999 -9999 -9999 -9999 -9999 -9999 -9999 -9999 -9999 -9999 -9999 -9999 -9999 -9999 -9999 -9999 -9999 -9999 -9999 -9999 -9999 -9999 -9999 -9999 -9999 -9999 12708 12694 12686 12652 12599 12547 12542 12538 12574 12745 12859 12961 13091 13315 13483 13604 13685 13766 13832 13843 13861 13948 14004 14026 13946 14004 14015 14077 14106 14166 14242 14359 14519 14700 14893 15089 15365 15667 15967 16289 16596 16959 17491 18160 19075 19964
-9999 -9999 -9999 -9999 -9999 -9999 -9999 -9999 -9999 -9999 -9999 -9999 -9999 -9999 -9999 -9999 -9999 -9999 -9999 -9999 -9999 -9999 -9999 -9999 -9999 -9999 -9999 -9999 -9999 -9999 12752 12727 12722 12717 12670 12552 12475 12458 12455 12555 12682 12803 12882 13010 13242 13444 13584 13688 13770 13831 13846 13864 13922 14017 13951 13954 13926 13999 14008 14048 14102 14172 14267 14421 14590 14769 15003 15284 15576 15869 16114 16357 16594 16930 17311 17696 18853
-9999 -9999 -9999 -9999 -9999 -9999 -9999 -9999 -9999 -9999 -9999 -9999 -9999 -9999 -9999 -9999 -9999 -9999 -9999 -9999 -9999 -9999 -9999 -9999 -9999 -9999 -9999 -9999 -9999 12793 12774 12764 12761 12756 12655 12528 12418 12379 12422 12511 12666 12733 12809 12935 13192 13408 13580 13706 13793 13853 13874 13894 13914 13925 13959 13915 13946 13923 13896 13923 13998 14069 14206 14330 14485 14669 14905 15230 15539 15776 16008 16162 16345 16550 16796 17105 17711
