Data/ppt/PRISM_ppt_pr_1963-1995_normal_450mM1_07_asc.asc
ncols 557
nrows 164
xllcorner -67.31875000000
yllcorner 17.86875000000
cellsize 0.00416666667
NODATA_value -9999
[rows 0 to 33 of 164, columns 154 to 230 of 557]
-9999 -9999 -9999 -9999 -9999 -9999 -9999 -9999 -9999 -9999 -9999 -9999 -9999 -9999 -9999 -9999 -9999 -9999 -9999 -9999 -9999 -9999 -9999 -9999 -9999 -9999 -9999 -9999 -9999 -9999 -9999 -9999 -9999 -9999 -9999 -9999 -9999 -9999 -9999 -9999 -9999 -9999 -9999 -9999 -9999 -9999 -9999 -9999 -9999 -9999 -9999 -9999 -9999 -9999 -9999 -9999 -9999 -9999 -9999 -9999 -9999 -9999 -9999 -9999 -9999 -9999 -9999 -9999 -9999 -9999 -9999 -9999 -9999 -9999 -9999 -9999 -9999
-9999 -9999 -9999 -9999 -9999 -9999 -9999 -9999 -9999 -9999 -9999 -9999 -9999 -9999 -9999 -9999 -9999 -9999 -9999 -9999 -9999 -9999 -9999 -9999 -9999 -9999 -9999 -9999 -9999 -9999 -9999 -9999 -9999 -9999 -9999 -9999 -9999 -9999 -9999 -9999 -9999 -9999 -9999 -9999 -9999 -9999 -9999 -9999 -9999 -9999 -9999 -9999 -9999 -9999 -9999 -9999 -9999 -9999 -9999 -9999 -9999 -9999 -9999 -9999 -9999 -9999 -9999 -9999 -9999 -9999 -9999 -9999 -9999 -9999 -9999 -9999 -9999
-9999 -9999 -9999 -9999 -9999 -9999 -9999 -9999 -9999 -9999 -9999 -9999 -9999 -9999 -9999 -9999 -9999 -9999 -9999 -9999 -9999 -9999 -9999 -9999 -9999 -9999 -9999 -9999 -9999 -9999 -9999 -9999 -9999 -9999 -9999 -9999 -9999 -9999 -9999 -9999 -9999 -9999 -9999 -9999 -9999 -9999 -9999 -9999 -9999 -9999 -9999 -9999 -9999 -9999 -9999 -9999 -9999 -9999 -9999 -9999 -9999 -9999 -9999 -9999 -9999 -9999 -9999 -9999 -9999 -9999 -9999 -9999 -9999 -9999 -9999 -9999 -9999
-9999 -9999 -9999 -9999 -9999 -9999 -9999 -9999 -9999 -9999 -9999 -9999 -9999 -9999 -9999 -9999 -9999 -9999 -9999 -9999 -9999 -9999 -9999 -9999 -9999 -9999 -9999 -9999 -9999 -9999 -9999 -9999 -9999 -9999 -9999 -9999 -9999 -9999 -9999 -9999 -9999 -9999 -9999 -9999 -9999 -9999 -9999 -9999 -9999 -9999 -9999 -9999 -9999 -9999 -9999 -9999 -9999 -9999 -9999 -9999 -9999 -9999 -9999 -9999 -9999 -9999 -9999 -9999 -9999 -9999 -9999 -9999 -9999 -9999 -9999 -9999 -9999
-9999 -9999 -9999 -9999 -9999 -9999 -9999 -9999 -9999 -9999 -9999 -9999 -9999 -9999 -9999 -9999 -9999 -9999 -9999 -9999 -9999 -9999 -9999 -9999 -9999 -9999 -9999 -9999 -9999 -9999 -9999 -9999 -9999 -9999 -9999 -9999 -9999 -9999 -9999 -9999 -9999 -9999 -9999 -9999 -9999 -9999 -9999 -9999 -9999 -9999 -9999 -9999 -9999 -9999 -9999 -9999 -9999 -9999 -9999 -9999 -9999 -9999 -9999 -9999 -9999 -9999 -9999 -9999 -9999 -9999 -9999 -9999 -9999 -9999 -9999 -9999 -9999
-9999 -9999 -9999 -9999 -9999 -9999 -9999 -9999 -9999 -9999 -9999 -9999 -9999 -9999 -9999 -9999 -9999 -9999 -9999 -9999 -9999 -9999 -9999 -9999 -9999 -9999 -9999 -9999 -9999 -9999 -9999 -9999 -9999 -9999 -9999 -9999 -9999 -9999 -9999 -9999 -9999 -9999 -9999 -9999 -9999 -9999 -9999 -9999 -9999 -9999 -9999 -9999 -9999 -9999 -9999 -9999 -9999 -9999 -9999 -9999 -9999 -9999 -9999 -9999 -9999 -9999 -9999 -9999 -9999 -9999 -9999 -9999 -9999 -9999 -9999 -9999 -9999
-9999 -9999 -9999 -9999 -9999 -9999 -9999 -9999 -9999 -9999 -9999 -9999 -9999 -9999 -9999 -9999 -9999 -9999 -9999 -9999 -9999 -9999 -9999 -9999 -9999 -9999 -9999 -9999 -9999 -9999 -9999 -9999 -9999 -9999 -9999 -9999 -9999 -9999 -9999 -9999 -9999 -9999 -9999 -9999 -9999 -9999 -9999 -9999 -9999 -9999 -9999 -9999 -9999 -9999 -9999 -9999 -9999 -9999 -9999 -9999 -9999 -9999 -9999 -9999 -9999 -9999 -9999 -9999 -9999 -9999 -9999 -9999 -9999 -9999 -9999 -9999 -9999
-9999 -9999 -9999 -9999 -9999 -9999 -9999 -9999 -9999 -9999 -9999 -9999 -9999 -9999 -9999 -9999 -9999 -9999 -9999 -9999 -9999 -9999 -9999 -9999 -9999 -9999 -9999 -9999 -9999 -9999 -9999 -9999 -9999 -9999 -9999 -9999 -9999 -9999 -9999 -9999 -9999 -9999 -9999 -9999 -9999 -9999 -9999 -9999 -9999 -9999 -9999 -9999 -9999 -9999 -9999 -9999 -9999 -9999 -9999 -9999 -9999 -9999 -9999 -9999 -9999 -9999 -9999 -9999 -9999 -9999 -9999 -9999 -9999 -9999 -9999 -9999 -9999
-9999 -9999 -9999 -9999 -9999 -9999 -9999 -9999 -9999 -9999 -9999 -9999 -9999 -9999 -9999 -9999 -9999 -9999 -9999 -9999 -9999 -9999 -9999 -9999 -9999 -9999 -9999 -9999 -9999 -9999 -9999 -9999 -9999 -9999 -9999 -9999 -9999 -9999 -9999 -9999 -9999 -9999 -9999 -9999 -9999 -9999 -9999 -9999 -9999 -9999 -9999 -9999 -9999 -9999 -9999 -9999 -9999 -9999 -9999 -9999 -9999 -9999 -9999 -9999 -9999 -9999 -9999 -9999 -9999 -9999 -9999 -9999 -9999 -9999 -9999 -9999 -9999
-9999 -9999 -9999 -9999 -9999 -9999 -9999 -9999 -9999 -9999 -9999 -9999 -9999 -9999 -9999 -9999 -9999 -9999 -9999 -9999 -9999 -9999 -9999 -9999 -9999 -9999 -9999 -9999 -9999 -9999 -9999 -9999 -9999 -9999 -9999 -9999 -9999 -9999 -9999 -9999 -9999 -9999 -9999 -9999 -9999 -9999 -9999 -9999 -9999 -9999 -9999 -9999 -9999 -9999 -9999 -9999 -9999 -9999 -9999 -9999 -9999 -9999 -9999 -9999 -9999 -9999 -9999 -9999 -9999 -9999 -9999 -9999 -9999 -9999 -9999 -9999 -9999
-9999 -9999 -9999 -9999 -9999 -9999 -9999 -9999 -9999 -9999 -9999 -9999 -9999 -9999 -9999 -9999 -9999 -9999 -9999 -9999 -9999 -9999 -9999 -9999 -9999 -9999 -9999 -9999 -9999 -9999 -9999 -9999 -9999 -9999 -9999 -9999 -9999 -9999 -9999 -9999 -9999 -9999 -9999 -9999 -9999 -9999 -9999 -9999 -9999 -9999 -9999 -9999 -9999 -9999 -9999 -9999 -9999 -9999 -9999 -9999 -9999 -9999 -9999 -9999 -9999 -9999 -9999 -9999 -9999 -9999 -9999 -9999 -9999 -9999 -9999 -9999 -9999
-9999 -9999 -9999 -9999 -9999 -9999 -9999 -9999 8416 8491 8691 8754 8808 8806 8825 8826 8825 -9999 -9999 -9999 -9999 -9999 -9999 -9999 -9999 -9999 -9999 -9999 -9999 -9999 -9999 -9999 -9999 -9999 -9999 -9999 -9999 -9999 -9999 -9999 -9999 -9999 -9999 -9999 -9999 -9999 -9999 -9999 -9999 -9999 -9999 -9999 -9999 -9999 -9999 -9999 -9999 -9999 -9999 -9999 -9999 -9999 -9999 11809 -9999 -9999 12314 12364 -9999 -9999 -9999 -9999 -9999 -9999 -9999 -9999 -9999
8227 8220 8256 8259 8298 8337 8376 8416 8438 8449 8514 8537 8660 8706 8740 8793 8810 8801 8795 8811 8809 -9999 -9999 -9999 -9999 8763 8751 8727 8696 8666 8646 -9999 -9999 -9999 -9999 -9999 -9999 -9999 -9999 -9999 -9999 -9999 -9999 -9999 -9999 -9999 -9999 -9999 -9999 -9999 -9999 -9999 -9999 -9999 -9999 -9999 -9999 11006 11073 11196 11342 11466 11619 11788 11960 12130 12289 12407 12542 12633 -9999 12992 13033 13184 13330 13474 13617
8225 8243 8258 8270 8267 8297 8324 8375 8415 8409 8443 8427 8482 8483 8517 8651 8706 8761 8753 8763 8795 8786 8809 8773 8735 8722 8693 8668 8645 8607 8599 8589 8603 8629 8660 8711 8766 8807 -9999 -9999 -9999 -9999 -9999 -9999 -9999 -9999 -9999 -9999 -9999 -9999 -9999 -9999 -9999 -9999 -9999 -9999 10864 10950 11026 11122 11246 11379 11520 11691 11892 12072 12232 12396 12560 12687 12882 12975 13099 13219 13339 13489 13630
8255 8257 8277 8285 8280 8275 8294 8330 8321 8342 8414 8453 8471 8458 8453 8500 8536 8616 8652 8691 8734 8775 8759 8730 8697 8662 8637 8616 8588 8552 8540 8545 8558 8577 8612 8655 8718 8789 8863 8964 9031 -9999 -9999 -9999 -9999 -9999 -9999 -9999 -9999 -9999 -9999 -9999 -9999 -9999 -9999 10694 10792 10890 10989 11063 11167 11279 11421 11565 11775 11972 12147 12333 12506 12685 12854 13028 13159 13295 13425 13541 13691
8288 8327 8349 8353 8345 8357 8360 8353 8352 8425 8480 8484 8482 8475 8440 8415 8397 8421 8435 8537 8661 8702 8713 8666 8619 8589 8513 8489 8465 8428 8464 8468 8478 8499 8528 8578 8632 8702 8780 8874 8987 9101 9256 9425 9609 9751 -9999 -9999 -9999 -9999 -9999 -9999 -9999 -9999 10516 10594 10685 10803 10884 10953 11051 11180 11308 11460 11649 11832 12011 12215 12408 12599 12805 12990 13181 13356 13496 13663 13787
8381 8479 8516 8514 8520 8517 8508 8490 8458 8496 8470 8441 8435 8397 8366 8328 8306 8261 8242 8264 8352 8387 8508 8488 8452 8405 8192 8144 8134 8151 8294 8334 8343 8360 8390 8437 8492 8597 8668 8748 8847 8974 9122 9287 9460 9654 9849 10018 10111 10157 10209 10256 10304 10353 10430 10489 10565 10664 10720 10778 10865 11016 11160 11320 11486 11656 11836 12033 12225 12450 12698 12926 13159 13368 13549 13725 13884
8495 8565 8565 8574 8573 8562 8539 8504 8491 8466 8439 8411 8394 8367 8335 8314 8266 8222 8177 8148 8131 8091 8075 8051 8037 8081 8021 8033 8022 8025 8094 8101 8106 8106 8130 8173 8247 8441 8534 8611 8766 8895 9052 9215 9392 9578 9788 9974 10087 10136 10183 10224 10265 10309 10354 10405 10471 10527 10592 10638 10739 10870 11009 11182 11353 11524 11725 11919 12124 12339 12573 12805 13084 13323 13514 13742 13914
8567 8563 8573 8575 8565 8546 8516 8498 8478 8468 8441 8459 8441 8422 8357 8316 8280 8219 8184 8131 8076 8016 7975 7948 7913 7912 7919 7925 7948 7947 7977 7992 7994 8011 8033 8072 8109 8195 8239 8327 8631 8800 8960 9121 9287 9524 9707 9900 10037 10119 10149 10183 10217 10252 10290 10321 10365 10429 10472 10553 10647 10753 10871 11018 11171 11425 11666 11788 11996 12234 12454 12677 12921 13144 13440 13657 13864
8563 8576 8579 8577 8564 8538 8529 8531 8531 8529 8543 8580 8577 8520 8419 8357 8315 8258 8194 8155 8099 8053 8007 7969 7928 7881 7853 7855 7836 7848 7883 7914 7951 7959 7983 8009 8045 8084 8138 8222 8379 8518 8667 8804 8958 9395 9578 9738 9910 9989 10038 10082 10126 10188 10208 10234 10271 10328 10395 10470 10557 10759 10875 11002 11136 11706 11878 11724 11880 12160 12401 12642 12882 13147 13653 13630 13755
8575 8584 8588 8586 8582 8588 8615 8645 8678 8698 8696 8704 8674 8623 8512 8458 8397 8317 8240 8177 8142 8104 8065 8037 7995 7963 7931 7896 7875 7860 7874 7882 7928 7949 7952 7949 7983 8036 8113 8229 8372 8530 8684 8825 8946 9116 9200 9280 9370 9481 9615 9766 9927 10062 10153 10155 10198 10259 10320 10387 10582 11278 11467 11668 11847 11942 12070 12082 12209 12442 12740 13017 13312 13577 13982 13963 14020
8604 8618 8632 8646 8679 8708 8758 8828 8882 8908 8892 8792 8768 8679 8570 8494 8440 8402 8331 8288 8250 8211 8167 8133 8107 8080 8060 8043 8035 8030 8032 8031 8049 8043 8017 7992 8019 8078 8143 8289 8458 8640 8807 8942 9044 9112 9175 9240 9314 9402 9532 9688 9859 10029 10125 10159 10173 10224 10273 10420 10976 11280 11485 11705 12047 12253 12459 12452 12462 12647 13218 13616 13800 13881 14596 14326 14753
8666 8707 8744 8792 8841 8897 8976 9059 9192 9162 9120 8892 8771 8706 8606 8546 8506 8495 8464 8417 8373 8327 8266 8225 8194 8168 8147 8132 8140 8135 8131 8144 8145 8145 8151 8119 8140 8165 8255 8366 8572 8809 8985 9109 9191 9243 9282 9324 9371 9449 9560 9705 9840 9978 10086 10144 10176 10314 10405 11047 11223 11454 11799 12041 12287 12523 12698 12767 13205 13380 13507 13786 14103 14599 14770 14843 15004
8704 8764 8836 8893 8954 8999 9061 9160 9428 9330 9271 9104 8396 8431 8399 8460 8418 8400 8363 8327 8291 8253 8211 8175 8146 8142 8138 8136 8136 8136 8141 8143 8153 8157 8136 8123 8118 8196 8281 8391 8570 8913 9110 9324 9314 9407 9443 9473 9506 9573 9669 9788 9894 9974 10041 10151 10237 10601 10706 10920 11089 11336 11586 11773 12038 12275 12443 12714 13262 13473 13684 13904 14089 14425 14501 14557 14697
8821 8918 9012 9106 9223 9308 9385 9445 9722 9508 9418 9348 9329 8618 8442 8422 8306 8256 8242 8222 8196 8211 8180 8153 8141 8161 8174 8150 8151 8127 8109 8106 8086 8069 8062 8038 8089 8142 8268 8318 8507 8790 9115 9765 9486 9702 9768 9975 10102 10144 10200 10286 10462 10503 10526 10547 10583 10695 10773 10979 11170 11307 11438 11572 11872 12037 11984 12382 13021 13037 13385 13623 13985 14585 14671 14590 14625
9020 9149 9320 9431 9716 9879 10051 9813 10396 9721 9507 9350 8755 8541 8396 8350 8258 8245 8285 8283 8259 8363 8351 8317 8279 8227 8198 8159 8155 8124 8086 8052 8014 7982 7959 8011 8074 8169 8230 8308 8393 8639 9536 9812 10038 10033 9799 10199 10339 10173 10238 10290 10368 10398 10418 10427 10451 10509 10649 11128 11200 11044 11063 11168 11340 11529 11730 11945 12151 12767 13066 13309 13940 14708 14988 15421 15077
9234 9325 10051 9768 9922 9876 9887 9590 9668 9258 9123 8887 8668 8523 8478 8496 8496 8518 8670 8633 8370 8382 8294 8261 8213 8174 8167 8143 8169 8135 8096 8054 8005 7967 7967 8021 8112 8177 8250 8278 8371 8604 8917 9406 9625 9969 10068 10380 10659 10379 10333 10339 10328 10360 10346 10341 10349 10364 10413 10425 10466 10783 10861 10935 10887 10932 11260 11465 11565 12297 12539 13084 13827 14205 14804 15666 15420
9934 10138 10269 10046 10324 9515 9287 9115 9261 9138 9009 8837 8660 8433 8376 8386 8430 8448 8470 8394 8356 8714 8328 8265 8253 8226 8203 8154 8147 8104 8079 8057 8026 7987 7986 8023 8126 8166 8242 8354 8482 8671 8775 8878 9051 9686 9871 10260 10587 10430 10367 10370 10372 10350 10351 10336 10331 10348 10308 10132 10131 10194 10250 10262 10701 10775 10850 11304 11517 11648 11826 12468 13060 13979 14353 14678 14837
10363 10509 10830 10024 9440 9535 9635 9375 9193 8772 8758 8836 8805 8678 8454 8405 8429 8418 8395 8327 8206 8209 8193 8207 8214 8221 8202 8176 8150 8138 8119 8103 8081 8036 8009 8049 8134 8186 8322 8445 8635 8738 8646 8405 8342 8722 9535 10155 10377 10353 10374 10393 10385 10395 10369 10369 10369 10359 10375 10317 10288 10308 10380 10575 10929 10962 11316 11530 11697 11692 12056 12501 12714 13322 14035 14103 14316
10414 10405 10236 10041 10152 9868 9981 10068 9751 9169 9028 8992 8909 8856 8777 8692 8595 8510 8428 8336 8220 8199 8197 8214 8212 8197 8194 8170 8187 8189 8207 8217 8193 8151 8125 8091 8087 8111 8279 7881 8601 8622 8129 8129 8335 9255 9585 10217 10363 10388 10394 10409 10420 10413 10426 10426 10414 10407 10425 10431 10444 10407 10546 11066 11233 11584 11576 11677 11975 12164 12424 12831 12683 12728 13179 13910 14180
10422 10392 10369 10174 10648 10617 10113 10064 9733 9471 9344 9241 9090 9052 9027 8928 8745 8643 8539 8445 8367 8340 8340 8295 8268 8265 8237 8229 8232 8250 8265 8272 8284 8272 8290 8273 8199 8051 8077 7862 7997 8099 7984 8017 8702 9125 9788 10280 10412 10438 10449 10445 10452 10471 10476 10477 10467 10450 10449 10476 10465 10469 10580 10966 11223 12075 11760 11971 12215 12440 12988 13424 12955 13086 13572 14009 14074
11007 10324 10188 10040 10204 10088 9976 9895 9623 9662 9563 9490 9409 9322 9293 9189 9047 8937 8805 8634 8533 8494 8449 8399 8346 8307 8287 8275 8269 8285 8282 8298 8304 8338 8374 8402 8472 8259 8204 7601 7842 7954 7855 7894 8120 9097 9907 10383 10478 10510 10506 10505 10500 10496 10504 10501 10494 10495 10499 10501 10505 10589 10808 11047 11244 11305 11814 12091 12237 12292 12917 13305 13384 13483 13791 13971 14082
11104 10538 10062 9706 10191 10172 10135 9869 9034 9842 9813 9700 9522 9400 9358 9237 9208 9106 8996 8871 8729 8622 8544 8467 8406 8363 8324 8323 8316 8312 8336 8345 8330 8363 8355 8337 8432 8452 8365 8169 7592 7502 7242 7818 8471 9375 9833 10456 10599 10587 10552 10544 10543 10567 10535 10536 10540 10547 10553 10553 10611 10559 10655 11137 11854 12156 12321 12565 12834 12810 12730 12921 13496 13614 13862 13929 14352
11590 11104 10587 10527 10526 10332 10296 9782 9863 9947 9841 9632 8877 9286 9228 8632 9189 9158 9084 8933 8757 8647 8540 8462 8451 8357 8398 8398 8398 8403 8359 8342 8332 8353 8368 8375 8454 8496 8408 8374 7570 7428 7340 7301 8076 8885 9643 10476 10743 10742 10676 10596 10620 10614 10612 10585 10587 10594 10599 10672 10767 10782 11179 12022 12484 12636 12979 13181 13304 13216 13365 13669 14118 14355 14412 14520 14874
