Data/ppt/PRISM_ppt_pr_1963-1995_normal_450mM1_05_asc.asc
ncols 557
nrows 164
xllcorner -67.31875000000
yllcorner 17.86875000000
cellsize 0.00416666667
NODATA_value -9999
[rows 102 to 135 of 164, columns 231 to 307 of 557]
16269 15969 15456 15196 15419 15915 16607 17061 17329 17601 17718 17804 17913 17966 18023 18077 18112 18112 18132 18168 18311 18423 18531 18621 18692 18791 18865 18708 18437 18190 17902 17497 17020 16467 15937 15417 15027 14792 14663 14620 14569 14545 14552 14475 14550 14521 14455 14339 14346 14354 14464 14479 14446 14407 14458 14567 14757 15090 15631 16072 16483 16780 17084 17380 17689 18011 18337 18616 18796 18884 18892 18862 18847 18772 18736 18727 18480
16856 16320 16090 15814 15699 15675 15776 15997 16433 16684 16808 16996 17279 17417 17497 17596 17730 17775 17898 18054 18209 18347 18439 18494 18522 18568 18694 18633 18548 18358 18195 17941 17596 17108 16604 16067 15568 15182 14960 14829 14765 14699 14629 14587 14611 14518 14358 14357 14375 14393 14411 14546 14518 14562 14618 14729 14959 15375 16020 16449 16780 17080 17392 17720 18087 18478 18835 19084 19214 19289 19303 19286 19227 19109 18974 18994 18831
16971 16686 16629 16519 16262 15955 15770 15623 15617 15740 15895 16142 16385 16573 16672 16857 17152 17328 17534 17822 18069 18275 18385 18403 18367 18349 18410 18552 18572 18606 18485 18357 18116 17707 17237 16675 16092 15598 15253 15049 14937 14836 14718 14572 14584 14547 14508 14433 14467 14509 14631 14836 14855 14892 14939 15031 15274 15831 16291 16642 16949 17248 17565 17938 18355 18788 19144 19357 19471 19531 19562 19569 19539 19408 19238 19131 18982
16418 16327 16306 16328 16214 15776 15613 15386 15257 15257 15005 15037 15440 15766 15963 16185 16416 16684 16928 17410 17797 18130 18296 18317 18225 18141 18171 18340 18606 18711 18706 18623 18447 18124 17707 17177 16613 16051 15636 15359 15200 15055 14900 14720 14615 14658 14702 14688 14730 14829 15040 15318 15448 15548 15583 15642 15780 16086 16399 16696 16985 17273 17601 17983 18423 18856 19196 19421 19534 19598 19647 19674 19660 19565 19395 19296 19159
15903 15845 15827 15951 16072 15963 15780 15551 15350 15219 15058 15066 15151 15273 15337 15527 15773 16103 16436 16874 17271 17771 18032 18107 18026 17937 17986 18218 18540 18776 18789 18733 18605 18370 18035 17583 17046 16502 16073 15781 15583 15415 15252 15066 14941 14922 15092 15262 15460 15686 15922 16091 16149 16137 16090 16068 16108 16250 16461 16703 16947 17229 17538 17902 18304 18695 19037 19277 19428 19521 19588 19630 19630 19575 19467 19418 19321
15128 15133 15292 15553 15681 15799 15799 15664 15484 15307 15345 15198 15041 15040 15086 15190 15282 15504 15820 16260 16803 17310 17590 17763 17747 17746 17873 18165 18532 18762 18749 18669 18525 18326 18071 17744 17342 16930 16584 16322 16115 15936 15787 15674 15632 15690 15875 16166 16431 16705 16848 16846 16749 16613 16492 16410 16392 16450 16583 16754 16966 17216 17508 17830 18154 18463 18753 19015 19204 19333 19413 19458 19466 19431 19386 19480 19446
14421 14500 14767 15187 15396 15596 15775 15685 15521 15514 15702 15522 15027 14941 14985 15021 15075 15180 15384 15690 16168 16716 17142 17399 17474 17552 17770 18093 18454 18643 18614 18483 18312 18131 17956 17751 17532 17324 17147 16993 16814 16616 16446 16353 16360 16473 16706 17029 17356 17556 17561 17401 17170 16953 16795 16711 16660 16669 16746 16873 17049 17253 17499 17745 18004 18256 18509 18756 18961 19099 19170 19187 19170 19140 19126 19417 19411
13814 13898 14240 14835 15260 15572 15750 15640 15558 15545 15624 15550 15084 14907 14914 14948 14938 15030 15161 15352 15599 16061 16556 16928 17131 17325 17554 17836 18139 18322 18293 18176 17985 17818 17713 17649 17630 17635 17668 17669 17570 17390 17200 17083 17092 17216 17442 17720 17972 18073 17978 17732 17449 17207 17067 16962 16911 16882 16930 17029 17147 17296 17464 17660 17877 18116 18352 18571 18748 18851 18875 18848 18812 18776 18803 19203 18960
13303 13382 13703 14282 14902 15384 15660 15590 15548 15447 15380 15449 15318 15104 15000 14927 14951 14963 15046 15074 15194 15622 16043 16431 16714 16917 17084 17264 17446 17538 17519 17433 17292 17212 17261 17403 17615 17870 18112 18267 18231 18073 17854 17687 17642 17726 17910 18140 18316 18369 18254 18007 17738 17513 17350 17243 17139 17080 17091 17145 17223 17318 17415 17572 17777 18010 18223 18400 18510 18524 18457 18361 18312 18361 18507 18920 18788
12918 13085 13469 13987 14476 14920 15295 15402 15506 15236 15173 15401 15529 15453 15243 15015 14926 14974 14971 14916 14980 15434 15869 16185 16352 16413 16377 16334 16323 16350 16355 16364 16354 16433 16675 17057 17537 18045 18492 18730 18707 18503 18218 17948 17808 17827 17975 18204 18412 18515 18474 18314 18102 17897 17715 17546 17393 17242 17196 17200 17247 17300 17389 17515 17712 17929 18122 18245 18258 18151 17959 17833 17830 18007 18298 18794 18988
12741 13025 13444 13814 14193 14501 14769 14925 15066 14984 15064 15266 15495 15556 15492 15101 14940 14980 15020 14952 15089 15468 15825 16016 16031 15860 15615 15404 15276 15155 15213 15319 15463 15729 16188 16810 17508 18180 18691 18896 18836 18604 18194 17780 17534 17493 17635 17913 18237 18477 18622 18623 18520 18350 18137 17905 17635 17406 17274 17225 17226 17275 17337 17474 17655 17848 17995 18050 17977 17755 17494 17384 17443 17739 18116 18580 18781
12690 13177 13744 14173 14652 14839 14993 15113 15194 15089 15107 15272 15362 15544 15546 15264 15054 15112 15190 15122 15305 15595 15816 15893 15708 15257 14814 14502 14362 14322 14434 14607 14922 15412 16069 16836 17614 18279 18662 18767 18593 18199 17706 17215 16887 16787 16931 17261 17776 18242 18604 18825 18844 18732 18524 18231 17870 17575 17404 17296 17249 17255 17325 17442 17599 17742 17832 17812 17665 17389 17095 16930 16969 17222 17708 18147 17871
13041 13843 14629 14954 15273 15380 15510 15602 15606 15556 15596 15575 15546 15603 15614 15415 15325 15440 15566 15401 15485 15620 15723 15651 15244 14700 14192 13720 13532 13757 14105 14481 14947 15531 16270 17013 17681 18183 18445 18376 18050 17508 16935 16429 16100 16039 16195 16516 17105 17785 18409 18834 19014 18976 18806 18511 18119 17823 17599 17438 17336 17310 17341 17433 17532 17621 17647 17581 17407 17132 16849 16738 16744 16955 17246 17642 17947
13670 14768 15423 15883 16241 16351 16262 16346 16351 16659 16531 16101 15937 16020 15980 16114 16269 16288 16293 15697 15610 15468 15376 15207 14817 14265 13718 13145 12959 13415 13975 14533 15135 15796 16434 16983 17422 17689 17753 17548 17081 16535 15998 15617 15442 15534 15675 15885 16455 17367 18108 18716 19028 19102 18990 18736 18393 18102 17848 17634 17484 17401 17399 17435 17477 17499 17463 17341 17145 16881 16762 16709 16781 16769 16952 17267 17587
13926 15035 16234 17066 17324 17446 17451 17382 17205 17566 17448 17091 16556 16628 16229 16305 16629 16764 17090 16421 16113 15358 14894 14626 14232 13719 13174 12613 12904 13622 14241 14776 15347 15879 16369 16607 16805 16813 16728 16464 16019 15609 15326 15231 15201 15263 15315 15568 16437 17159 17837 18486 18953 19155 19132 18938 18648 18341 18032 17780 17586 17475 17440 17439 17422 17372 17259 17087 16880 16726 16710 16762 16625 16492 16475 16819 17010
14277 15426 16608 17711 18178 18477 18535 18486 18423 18484 18029 17433 16859 16615 16250 16144 16287 16361 16560 15908 15350 15003 14297 13980 13634 13227 12797 12597 13062 13728 14460 14985 15435 15877 16258 16062 16010 15936 15789 15586 15296 15044 14997 15137 15329 15500 15666 15955 16508 17059 17629 18257 18819 19132 19199 19054 18775 18425 18076 17792 17602 17496 17461 17434 17367 17230 17037 16813 16646 16604 16713 16620 16513 16624 17130 16170 16450
14309 15445 16693 17997 18822 19197 19371 19326 19081 18887 18247 18002 17760 16712 16163 15956 15861 15726 15302 14816 14522 14403 14087 13678 13290 12974 12686 12672 13150 13841 14455 14957 15356 15606 15717 15554 15464 15362 15118 14939 14904 14918 15025 15344 15666 15924 16125 16324 16635 17069 17574 18117 18654 19000 19096 18960 18664 18257 17902 17647 17492 17431 17409 17375 17256 17071 16843 16623 16494 16579 16629 16591 16378 16538 16798 16363 16656
14220 15299 16495 17783 18880 19210 19400 19227 19006 19014 18911 18296 17708 16836 16237 15923 15574 15107 14545 14119 13863 13756 13647 13301 12934 12624 12439 12471 12993 13684 14382 14859 15102 15154 14953 14741 14661 14742 14728 14534 14749 15028 15342 15746 16100 16384 16609 16778 16943 17232 17611 18057 18483 18763 18822 18650 18283 17838 17534 17371 17287 17216 17252 17225 17131 16935 16735 16564 16511 16552 16665 16509 16325 16296 16395 15753 15842
14179 15254 16226 17393 18160 18339 18261 18209 18125 18071 18252 18391 18055 17317 16926 16287 15539 14663 13917 13434 12991 12873 12979 12955 12817 12334 12082 11974 12598 13206 13749 14274 14508 14469 14283 14077 13901 14008 14214 14416 14951 15192 15524 15949 16347 16664 16915 17135 17300 17459 17724 18005 18295 18472 18470 18246 17793 17390 17203 17117 17063 17080 17029 17079 17019 16892 16724 16584 16489 16558 16581 16489 16161 15963 15788 15577 15529
14638 15613 16216 16792 17218 17234 16922 16966 16887 16747 17027 17432 16915 16460 16272 15967 15413 14757 13608 12637 11935 11914 12086 12478 12465 11919 11645 11583 11989 12457 12972 13388 13702 13749 13656 13541 13433 13748 14111 14427 14863 15158 15616 15978 16364 16684 16988 17262 17455 17622 17774 17959 18100 18156 18077 17780 17283 17011 16846 16743 16788 16806 16932 17002 17043 16974 16863 16715 16593 16523 16531 16497 16315 16173 15926 15656 15439
14833 15781 15981 15848 16274 16106 15732 15706 15624 15551 15903 16335 15905 15139 14713 14257 13835 13743 12759 11909 11195 11142 11250 11796 11878 11440 11329 11378 11657 12027 12648 12949 13100 13100 13174 13314 13513 13897 14283 14584 14882 15140 15491 15900 16330 16639 16932 17187 17403 17577 17723 17823 17861 17816 17642 17313 16968 16724 16530 16438 16476 16640 16825 17047 17186 17205 17128 16988 16806 16700 16637 16610 16545 16398 16164 15827 15405
14742 15381 15471 14843 15257 14939 14565 14590 14500 14499 14872 15260 14738 14518 14174 13568 13111 12635 11784 11063 10901 10826 10831 11261 11147 11035 11047 11134 11388 11713 12150 12587 12721 12653 12729 12882 13369 13939 14392 14706 15007 15234 15527 15967 16326 16584 16798 17025 17208 17384 17474 17583 17576 17441 17234 16975 16715 16451 16259 16256 16308 16489 16775 17070 17269 17333 17269 17107 16903 16761 16719 16694 16648 16639 16381 15958 15485
14308 14673 14520 14000 14158 13901 13477 13488 13468 13514 13866 14124 13550 13178 12721 12251 12054 11706 11192 10905 10783 10725 10664 10741 10751 10837 10915 11076 11368 11765 12045 12255 12386 12474 12655 12910 13372 13878 14339 14788 15194 15443 15754 16066 16288 16442 16622 16801 16976 17121 17201 17288 17289 17119 16880 16618 16360 16071 15962 16044 16219 16489 16821 17127 17310 17336 17227 17025 16926 16674 16626 16775 16874 17129 16840 16221 15609
13665 13896 13552 13173 13202 12859 12480 12488 12569 12600 12814 13024 12309 11935 11556 11279 11197 11262 10917 10765 10683 10636 10647 10673 10451 10718 10846 11070 11446 12247 12399 12498 12431 12504 12717 13060 13423 13832 14279 14728 15154 15570 15934 16142 16209 16271 16353 16460 16585 16729 16831 16945 16929 16758 16498 16219 15957 15753 15673 15844 16149 16577 16999 17286 17408 17354 17146 17027 17178 16629 16627 17153 17424 17304 16865 16346 15673
12904 13062 12865 12573 12331 12062 11694 11692 11762 11752 11829 11867 11181 10948 10845 10816 10832 10864 10765 10712 10652 10592 10654 10772 10817 10895 10858 11069 11404 12070 12228 12319 12405 12566 12802 13125 13432 13812 14235 14654 15085 15642 15902 16027 16050 16048 16047 16096 16145 16243 16370 16476 16496 16385 16133 15847 15592 15419 15441 15715 16196 16694 17218 17672 17621 17524 17314 17113 17186 16677 16636 16936 17228 17086 16545 16039 15393
11915 12178 12230 12022 11753 11463 11325 11363 11493 11217 11148 10985 10788 10681 10664 10693 10729 10766 10765 10744 10694 10655 10733 10833 10903 11015 11098 11335 11720 12011 12225 12337 12462 12646 12913 13276 13637 13993 14320 14631 14924 15290 15602 15750 15803 15746 15704 15703 15723 15787 15911 16034 16106 16040 15839 15533 15294 15136 15235 15677 16361 16858 17431 18555 17941 17660 17401 17106 17106 16929 16608 16343 16342 16424 16254 15879 15182
10856 11328 11509 11483 11478 11433 11444 11540 11638 11502 11324 11184 10991 10728 10704 10672 10711 10745 10774 10791 10737 10695 10821 10867 10944 11059 11209 11388 11614 11846 12300 12378 12519 12666 12919 13288 13635 13921 14168 14486 14760 15072 15331 15410 15434 15455 15385 15408 15446 15533 15650 15763 15807 15746 15676 15390 15247 15211 15336 15804 16754 17827 18483 19114 18547 17925 17522 17264 17300 16635 15970 15567 15500 15541 15541 15328 14770
10410 10582 10789 10888 11102 11240 11402 11533 11626 11537 11344 11206 11079 10961 10894 10780 10721 10747 10775 10800 10819 10822 10906 10946 10954 11042 11164 11301 11450 11599 11821 12009 12369 12551 12868 13210 13532 13898 14184 14628 14840 14974 15098 15000 14942 15138 15227 15306 15421 15527 15542 15688 15763 15724 16059 15669 15276 15132 15206 15504 16315 17549 18774 19144 18934 18260 17563 17068 17206 16090 15391 14915 14734 14675 14662 14495 14091
10221 10360 10482 10529 10648 10811 11113 11314 11443 11411 11270 11129 11028 10969 10935 10851 10799 10743 10766 10791 10821 10869 10957 10965 10997 11036 11118 11225 11298 11479 11621 11801 12010 12204 12752 13083 13340 13948 14253 14497 14656 14764 14771 14629 14601 14950 15244 15448 15655 15804 15725 15932 16243 16121 15932 15472 15051 14833 14835 14978 15308 16186 17448 18769 19735 18247 17879 17258 16363 15232 14483 13982 13780 13941 13946 13858 13618
10077 10192 10304 10361 10488 10634 10806 10911 11055 11122 11075 11014 10943 10892 10856 10846 10796 10779 10779 10796 10827 10876 10954 11013 11040 11129 11202 11249 11330 11631 11809 11988 12197 12460 12878 13183 13263 13515 13926 14185 14424 14490 14463 14239 14189 14397 15184 15477 15765 16187 16208 16055 15898 15621 15287 14995 14705 14387 14291 14387 14527 14765 15390 16100 16501 16288 16097 15499 14749 13962 13477 13038 12947 13074 13299 13325 13253
9929 10030 10121 10202 10287 10394 10504 10600 10702 10750 10778 10819 10815 10783 10781 10781 10789 10792 10814 10836 10866 10917 10980 11046 11129 11211 11300 11364 11417 11584 11689 11830 12029 12243 12498 12762 12982 13171 13395 13533 13661 13719 13740 13685 13730 13842 14220 14566 14952 15709 15784 15601 15283 15008 14655 14411 14073 13894 13892 13966 13961 13917 14168 14486 14775 14772 14073 13851 13119 12759 12476 12206 12057 12240 12655 12572 12576
9828 9911 9996 10068 10160 10248 10331 10420 10488 10546 10587 10635 10635 10660 10652 10672 10715 10751 10805 10845 10900 10954 11019 11077 11128 11207 11251 11306 11360 11427 11500 11586 11713 11863 12054 12262 12475 12672 12854 12975 13034 13026 13004 12974 13034 13270 13481 13902 14437 14786 15104 14929 14644 14428 14055 13750 13553 13500 13555 13611 13577 13473 13542 13151 12999 13004 12957 12309 12083 11731 11577 11387 11366 11574 11832 11959 12081
9764 9828 9906 9984 10063 10147 10218 10277 10347 10413 10466 10498 10533 10537 10565 10567 10616 10679 10743 10805 10869 10931 10992 11041 11085 11112 11158 11195 11230 11263 11305 11352 11425 11529 11658 11810 11987 12161 12302 12379 12409 12421 12414 12410 12455 12630 12912 13310 13575 13778 13882 14105 13959 13721 13429 13191 13064 13081 13160 13213 13162 12986 12727 12310 12054 11669 11493 11338 11010 10846 10738 10784 10897 11074 11165 11388 11627
9686 9754 9825 9893 9970 10053 10123 10180 10243 10310 10368 10416 10458 10506 10507 10533 10571 10611 10682 10745 10811 10883 10932 10983 11016 11045 11063 11082 11082 11088 11101 11130 11181 11253 11339 11444 11566 11684 11786 11854 11896 11939 11951 11968 12016 12135 12353 12624 12882 13071 13164 13370 13309 13120 12855 12696 12614 12638 12697 12708 12600 12363 11918 11557 11182 10781 10609 10532 10445 10406 10414 10481 10638 10851 11051 11306 11516
