Data/ppt/PRISM_ppt_pr_1963-1995_normal_450mM1_12_asc.asc
ncols 557
nrows 164
xllcorner -67.31875000000
yllcorner 17.86875000000
cellsize 0.00416666667
NODATA_value -9999
[rows 105 to 139 of 164, columns 0 to 78 of 557]
-9999 -9999 -9999 -9999 -9999 -9999 -9999 -9999 -9999 -9999 -9999 -9999 -9999 -9999 -9999 -9999 -9999 -9999 -9999 -9999 -9999 -9999 -9999 -9999 -9999 -9999 -9999 -9999 -9999 -9999 5438 5450 5470 5500 5524 5559 5596 5632 5676 5732 5771 5803 5856 5960 6032 6099 6159 6206 6239 6263 6276 6279 6283 6291 6294 6298 6305 6315 6340 6367 6397 6417 6454 6459 6477 6540 6600 6646 6698 6736 6735 6721 6756 6783 6840 6871 6886 6900 6918
-9999 -9999 -9999 -9999 -9999 -9999 -9999 -9999 -9999 -9999 -9999 -9999 -9999 -9999 -9999 -9999 -9999 -9999 -9999 -9999 -9999 -9999 -9999 -9999 -9999 -9999 -9999 -9999 -9999 5432 5435 5456 5483 5509 5539 5575 5605 5625 5652 5679 5700 5731 5782 5894 5976 6050 6119 6176 6213 6240 6263 6269 6271 6275 6273 6275 6281 6295 6307 6330 6343 6392 6445 6476 6510 6545 6597 6648 6696 6760 6793 6781 6763 6777 6788 6835 6868 6921 6957
-9999 -9999 -9999 -9999 -9999 -9999 -9999 -9999 -9999 -9999 -9999 -9999 -9999 -9999 -9999 -9999 -9999 -9999 -9999 -9999 -9999 -9999 -9999 -9999 -9999 -9999 -9999 -9999 5432 5428 5450 5469 5497 5525 5557 5589 5614 5626 5632 5643 5651 5669 5721 5822 5910 5989 6066 6125 6173 6206 6238 6247 6254 6251 6249 6253 6260 6268 6274 6283 6322 6399 6466 6494 6526 6561 6593 6623 6670 6736 6799 6816 6819 6773 6759 6784 6837 6951 7024
-9999 -9999 -9999 -9999 -9999 -9999 -9999 -9999 -9999 -9999 -9999 -9999 -9999 -9999 -9999 -9999 -9999 -9999 -9999 -9999 -9999 -9999 -9999 -9999 -9999 -9999 -9999 5443 5437 5447 5461 5490 5517 5546 5576 5603 5615 5619 5616 5608 5607 5622 5669 5752 5840 5926 6000 6067 6115 6159 6196 6214 6233 6226 6230 6246 6245 6253 6253 6268 6332 6436 6493 6511 6537 6554 6575 6609 6648 6720 6795 6841 6849 6856 6889 6933 6970 7032 7043
-9999 -9999 -9999 -9999 -9999 -9999 -9999 -9999 -9999 -9999 -9999 -9999 -9999 -9999 -9999 -9999 -9999 -9999 -9999 -9999 -9999 -9999 -9999 -9999 -9999 -9999 5439 5444 5449 5454 5478 5508 5540 5571 5595 5609 5616 5608 5596 5580 5572 5586 5624 5692 5767 5853 5941 6017 6082 6135 6185 6218 6253 6248 6263 6291 6299 6281 6287 6345 6424 6496 6517 6534 6545 6550 6564 6584 6626 6687 6759 6817 6814 6827 6864 6892 6927 6978 7030
-9999 -9999 -9999 -9999 -9999 -9999 -9999 -9999 -9999 -9999 -9999 -9999 -9999 -9999 -9999 -9999 -9999 -9999 -9999 -9999 -9999 -9999 -9999 -9999 -9999 -9999 -9999 5448 5454 5464 5489 5521 5556 5586 5604 5612 5607 5596 5577 5557 5542 5544 5576 5629 5705 5806 5923 6043 6132 6202 6273 6321 6385 6368 6391 6453 6451 6417 6404 6462 6510 6520 6537 6553 6560 6560 6558 6571 6599 6645 6706 6750 6717 6739 6779 6777 6797 6845 6903
-9999 -9999 -9999 -9999 -9999 -9999 -9999 -9999 -9999 -9999 -9999 -9999 -9999 -9999 -9999 -9999 -9999 -9999 -9999 -9999 -9999 -9999 -9999 -9999 -9999 -9999 5456 5456 5461 5474 5497 5527 5560 5587 5603 5608 5599 5582 5559 5535 5521 5515 5540 5594 5688 5827 6011 6220 6352 6436 6536 6620 6694 6692 6715 6719 6704 6648 6590 6591 6579 6568 6572 6581 6583 6576 6568 6565 6578 6605 6650 6666 6504 6538 6580 6595 6622 6658 6698
-9999 -9999 -9999 -9999 -9999 -9999 -9999 -9999 -9999 -9999 -9999 -9999 -9999 -9999 -9999 -9999 -9999 -9999 -9999 -9999 -9999 -9999 -9999 -9999 -9999 5466 5462 5465 5472 5482 5501 5524 5553 5575 5592 5597 5592 5574 5549 5530 5516 5522 5550 5616 5741 5952 6347 6595 6730 6821 6890 6889 6942 6907 6935 6922 6905 6859 6768 6714 6671 6634 6615 6610 6611 6602 6588 6574 6570 6575 6601 6586 6383 6370 6395 6428 6466 6513 6519
-9999 -9999 -9999 -9999 -9999 -9999 -9999 -9999 -9999 -9999 -9999 -9999 -9999 -9999 -9999 -9999 -9999 -9999 -9999 -9999 -9999 -9999 -9999 -9999 -9999 5466 5465 5467 5476 5485 5497 5516 5537 5559 5575 5585 5585 5577 5559 5542 5542 5561 5608 5697 5876 6192 6659 6959 6983 7039 7017 7010 7048 6995 7059 7064 7050 6931 6826 6784 6742 6709 6677 6670 6664 6650 6644 6627 6620 6623 6627 6550 6360 6314 6310 6343 6384 6440 6462
-9999 -9999 -9999 -9999 -9999 -9999 -9999 -9999 -9999 -9999 -9999 -9999 -9999 -9999 -9999 -9999 -9999 -9999 -9999 -9999 -9999 -9999 -9999 -9999 -9999 -9999 5464 5465 5478 5487 5497 5510 5530 5551 5568 5580 5587 5587 5581 5578 5592 5625 5695 5834 6115 6456 6744 6988 7127 7199 7073 7170 7201 7056 7130 7089 7089 6853 6786 6770 6766 6724 6712 6705 6697 6683 6670 6674 6682 6695 6670 6516 6405 6374 6358 6371 6396 6439 6469
-9999 -9999 -9999 -9999 -9999 -9999 -9999 -9999 -9999 -9999 -9999 -9999 -9999 -9999 -9999 -9999 -9999 -9999 -9999 -9999 -9999 -9999 -9999 -9999 -9999 -9999 -9999 5469 5478 5491 5501 5516 5539 5565 5580 5594 5611 5617 5616 5628 5658 5704 5819 6023 6213 6875 7237 7517 7609 7743 7173 7276 7280 7145 7169 6871 6907 6865 6842 6811 6753 6723 6698 6701 6685 6656 6653 6650 6665 6678 6667 6542 6494 6466 6454 6451 6446 6459 6489
-9999 -9999 -9999 -9999 -9999 -9999 -9999 -9999 -9999 -9999 -9999 -9999 -9999 -9999 -9999 -9999 -9999 -9999 -9999 -9999 -9999 -9999 -9999 -9999 -9999 -9999 5482 5478 5494 5506 5518 5539 5566 5595 5609 5636 5659 5669 5673 5690 5728 5806 5987 6103 6243 6938 6826 6993 7085 7253 7225 7268 7037 6917 7102 7020 6967 6922 6861 6805 6757 6709 6692 6674 6654 6623 6610 6604 6603 6604 6556 6503 6478 6448 6466 6476 6459 6505 6525
-9999 -9999 -9999 -9999 -9999 -9999 -9999 -9999 -9999 -9999 -9999 -9999 -9999 -9999 -9999 -9999 -9999 -9999 -9999 -9999 -9999 -9999 -9999 -9999 -9999 5481 5487 5500 5510 5521 5542 5567 5604 5626 5654 5686 5709 5727 5731 5743 5783 5865 6046 6155 6239 6534 6638 6760 6859 6954 7159 7300 7327 7401 7462 7023 6925 6864 6833 6779 6736 6696 6660 6643 6608 6585 6576 6571 6565 6538 6489 6432 6401 6334 6292 6333 6324 6487 6513
-9999 -9999 -9999 -9999 -9999 -9999 -9999 -9999 -9999 -9999 -9999 -9999 -9999 -9999 -9999 -9999 -9999 -9999 -9999 -9999 -9999 -9999 -9999 -9999 -9999 5486 5496 5508 5515 5537 5564 5599 5622 5645 5666 5705 5743 5754 5768 5777 5801 5869 6017 6159 6258 6424 6549 6624 6711 6806 7019 7128 7129 7013 6979 6895 6852 6818 6766 6727 6678 6637 6601 6569 6546 6529 6526 6516 6523 6536 6478 6393 6411 6643 6280 6479 6278 6232 6247
-9999 -9999 -9999 -9999 -9999 -9999 -9999 -9999 -9999 -9999 -9999 -9999 -9999 -9999 -9999 -9999 -9999 -9999 -9999 -9999 -9999 -9999 -9999 -9999 -9999 5490 5498 5504 5519 5540 5580 5608 5629 5635 5661 5717 5743 5769 5770 5769 5783 5834 5912 6007 6091 6211 6413 6487 6565 6638 6725 6852 6899 6869 6858 6815 6743 6686 6628 6570 6525 6489 6458 6442 6425 6418 6422 6424 6435 6439 6288 6243 6267 6351 6326 6405 6335 6170 6364
-9999 -9999 -9999 -9999 -9999 -9999 -9999 -9999 -9999 -9999 -9999 -9999 -9999 -9999 -9999 -9999 -9999 -9999 -9999 -9999 -9999 -9999 -9999 -9999 -9999 -9999 5490 5498 5512 5540 5578 5608 5624 5640 5668 5700 5741 5744 5734 5730 5746 5783 5842 5909 5979 6075 6224 6299 6367 6428 6477 6603 6650 6661 6644 6589 6493 6441 6397 6355 6321 6309 6298 6295 6289 6285 6282 6285 6290 6273 6088 6037 6042 6084 6184 6232 6265 6259 6276
-9999 -9999 -9999 -9999 -9999 -9999 -9999 -9999 -9999 -9999 -9999 -9999 -9999 -9999 -9999 -9999 -9999 -9999 -9999 -9999 -9999 -9999 -9999 -9999 -9999 5491 5491 5496 5511 5534 5571 5599 5621 5638 5646 5670 5681 5698 5702 5702 5716 5749 5787 5849 5916 5985 6069 6136 6190 6233 6285 6384 6413 6394 6381 6361 6315 6281 6253 6222 6202 6193 6193 6190 6187 6184 6179 6148 6139 6107 5842 5705 5674 5658 5671 5685 5669 5595 5350
-9999 -9999 -9999 -9999 -9999 -9999 -9999 -9999 -9999 -9999 -9999 -9999 -9999 -9999 -9999 -9999 -9999 -9999 -9999 -9999 -9999 -9999 -9999 -9999 5485 5495 5492 5498 5507 5525 5551 5588 5604 5612 5612 5604 5624 5639 5669 5691 5703 5720 5753 5808 5867 5925 5974 6014 6054 6093 6140 6191 6222 6227 6228 6216 6199 6179 6161 6140 6123 6118 6117 6114 6093 6091 6058 5974 5888 5777 5668 5567 5484 5422 5415 5392 5355 5069 4996
-9999 -9999 -9999 -9999 -9999 -9999 -9999 -9999 -9999 -9999 -9999 -9999 -9999 -9999 -9999 -9999 -9999 -9999 -9999 -9999 -9999 -9999 -9999 5461 5480 5495 5497 5494 5500 5501 5512 5530 5546 5573 5569 5568 5569 5598 5642 5668 5685 5704 5729 5780 5828 5874 5911 5929 5956 6001 6048 6086 6114 6132 6135 6130 6122 6115 6100 6083 6065 6050 6043 6017 5988 5959 5925 5843 5781 5680 5601 5497 5399 5311 5256 5196 5122 4857 4720
-9999 -9999 -9999 -9999 -9999 -9999 -9999 -9999 -9999 -9999 -9999 -9999 -9999 -9999 -9999 -9999 -9999 -9999 -9999 -9999 -9999 -9999 -9999 -9999 5489 5493 5493 5488 5488 5473 5438 5437 5447 5489 5537 5538 5541 5561 5613 5648 5662 5686 5706 5753 5793 5835 5868 5887 5895 5937 5987 6021 6046 6062 6077 6076 6074 6068 6060 6044 6012 5986 5958 5932 5882 5833 5755 5694 5679 5617 5521 5415 5304 5216 5127 5048 4987 4648 4523
-9999 -9999 -9999 -9999 -9999 -9999 -9999 -9999 -9999 -9999 -9999 -9999 -9999 -9999 -9999 -9999 -9999 -9999 -9999 -9999 -9999 -9999 -9999 -9999 -9999 5493 5487 5486 5479 5444 5388 5364 5351 5377 5476 5512 5510 5515 5554 5619 5643 5655 5680 5725 5766 5812 5851 5869 5875 5896 5945 5980 6001 6021 6032 6042 6038 6036 6026 6007 5983 5948 5923 5893 5859 5800 5715 5615 5542 5423 5297 5142 4933 4801 4707 4625 4495 4116 4007
-9999 -9999 -9999 -9999 -9999 -9999 -9999 -9999 -9999 -9999 -9999 -9999 -9999 -9999 -9999 -9999 -9999 -9999 -9999 -9999 -9999 -9999 -9999 -9999 -9999 -9999 5488 5481 5463 5418 5339 5308 5296 5316 5454 5496 5473 5434 5408 5563 5611 5625 5648 5714 5756 5795 5840 5865 5864 5889 5930 5964 5981 5992 6003 6007 6014 6008 5998 5981 5956 5933 5906 5878 5844 5784 5699 5606 5501 5379 5237 5056 4884 4748 4648 4514 4204 4055 3957
-9999 -9999 -9999 -9999 -9999 -9999 -9999 -9999 -9999 -9999 -9999 -9999 -9999 -9999 -9999 -9999 -9999 -9999 -9999 -9999 -9999 -9999 -9999 -9999 -9999 -9999 -9999 -9999 -9999 -9999 5273 5258 5244 5270 5442 5479 5453 5370 5340 5534 5588 5593 5633 5709 5754 5794 5836 5869 5889 5912 5949 5964 5976 5977 5982 5993 5994 5995 5974 5957 5937 5849 5824 5797 5770 5756 5629 5541 5481 5330 5183 5018 4869 4747 4643 4488 4272 4151 4084
-9999 -9999 -9999 -9999 -9999 -9999 -9999 -9999 -9999 -9999 -9999 -9999 -9999 -9999 -9999 -9999 -9999 -9999 -9999 -9999 -9999 -9999 -9999 -9999 -9999 -9999 -9999 -9999 -9999 -9999 5250 5232 5209 5233 5431 5470 5409 5288 5268 5506 5560 5580 5624 5714 5769 5816 5863 5918 5952 5983 6000 6007 6004 6009 6012 6013 5989 5957 5918 5875 5915 5202 5084 4973 4844 5711 5125 5050 5464 5296 5161 5002 4819 4771 4651 4463 4328 4192 4144
-9999 -9999 -9999 -9999 -9999 -9999 -9999 -9999 -9999 -9999 -9999 -9999 -9999 -9999 -9999 -9999 -9999 -9999 -9999 -9999 -9999 -9999 -9999 -9999 -9999 -9999 -9999 5427 5371 5310 5271 5252 5233 5243 5448 5467 5376 5262 5258 5501 5570 5582 5641 5752 5813 5878 5949 6007 6060 6086 6100 6107 6105 6103 6147 6119 6007 5892 5716 5522 5387 5229 5098 4960 4839 4715 5070 5050 4474 4419 4363 4359 4282 4793 4632 4405 4322 3883 4088
-9999 -9999 -9999 -9999 -9999 -9999 -9999 -9999 -9999 -9999 -9999 -9999 -9999 -9999 -9999 -9999 -9999 -9999 -9999 -9999 -9999 -9999 -9999 -9999 -9999 -9999 5477 5433 5368 5344 5344 5339 5305 5281 5486 5473 5367 5317 5508 5587 5599 5633 5688 5822 5895 5989 6093 6161 6204 6222 6228 6227 6230 6292 6550 6483 6455 6293 6009 5762 5554 5404 5238 5084 4917 4781 4687 4586 4490 4429 4373 4324 4283 4277 4238 4202 4146 3934 3924
-9999 -9999 -9999 -9999 -9999 -9999 -9999 -9999 -9999 -9999 -9999 -9999 -9999 -9999 -9999 -9999 -9999 -9999 -9999 -9999 -9999 -9999 -9999 -9999 -9999 5510 5511 5485 5479 5476 5480 5486 5483 5558 5587 5550 5461 5429 5590 5638 5670 5713 5797 5928 6019 6114 6235 6376 6447 6443 6383 6322 6379 6452 6318 6198 7037 6762 6475 6133 5822 5689 5513 5340 5122 4938 4786 4673 4586 4503 4424 4363 4322 4279 4237 4198 4123 3984 3939
-9999 -9999 -9999 -9999 -9999 -9999 -9999 -9999 -9999 -9999 -9999 -9999 -9999 -9999 -9999 -9999 -9999 -9999 -9999 -9999 -9999 -9999 -9999 -9999 5503 5520 5541 5572 5604 5629 5639 5670 5674 5686 5669 5656 5608 5557 5655 5703 5747 5828 5959 6068 6118 6257 6376 7216 6997 6881 6660 6449 6835 6722 6755 6735 6477 6762 6816 5899 5657 5943 5786 5605 5387 5135 4948 4815 4739 4623 4506 4435 4393 4355 4306 4242 4148 4058 4015
-9999 -9999 -9999 -9999 -9999 -9999 -9999 -9999 -9999 -9999 -9999 -9999 -9999 -9999 -9999 -9999 -9999 -9999 -9999 -9999 -9999 -9999 -9999 5500 5515 5535 5573 5604 5689 5703 5729 5745 5733 5735 5733 5747 5731 5701 5740 5768 5828 5934 6119 6247 6174 6912 7143 7448 7215 7199 7248 6419 7170 6970 6894 6797 6677 6131 6097 5899 5226 5842 5721 5124 4973 4821 4713 4650 4856 4716 4561 4486 4449 4409 4350 4281 4184 4121 4072
-9999 -9999 -9999 -9999 -9999 -9999 -9999 -9999 -9999 -9999 -9999 -9999 -9999 -9999 -9999 -9999 -9999 -9999 -9999 -9999 -9999 -9999 5505 5501 5509 5502 5530 5604 5680 5732 5741 5731 5734 5743 5764 5766 5746 5748 5780 5825 5915 6058 6255 6341 7072 7146 7266 8160 7666 7543 7621 7011 6920 6817 6716 6143 6119 5946 5858 5259 5977 5889 5183 5045 4881 4740 4644 4597 4583 4493 4417 4374 4346 4313 4277 4221 4142 4097 4063
-9999 -9999 -9999 -9999 -9999 -9999 -9999 -9999 -9999 -9999 -9999 -9999 -9999 -9999 -9999 -9999 -9999 -9999 -9999 -9999 -9999 -9999 5496 5492 5451 5407 5502 5612 5682 5695 5694 5689 5664 5683 5671 5627 5633 5698 5778 5885 5966 6105 6354 6946 7281 7435 7298 7467 7340 6974 6954 6411 6155 6208 6224 5926 5769 5550 5378 5223 5192 5139 4999 4845 4694 4596 4530 4503 4457 4395 4343 4301 4281 4259 4234 4203 4149 4107 4071
-9999 -9999 -9999 -9999 -9999 -9999 -9999 -9999 -9999 -9999 -9999 -9999 -9999 -9999 -9999 -9999 -9999 -9999 -9999 -9999 -9999 -9999 5485 5459 5381 5331 5549 5624 5634 5641 5636 5590 5554 5509 5458 5450 5496 5603 5757 5930 5951 6058 6287 6792 6978 6885 6674 6865 6398 6389 6391 5983 5832 5905 5504 5077 5375 4996 4986 4765 4727 4687 4623 4516 4427 4384 4381 4376 4349 4310 4270 4233 4215 4201 4179 4156 4128 4090 4061
-9999 -9999 -9999 -9999 -9999 -9999 -9999 -9999 -9999 -9999 -9999 -9999 -9999 -9999 -9999 -9999 -9999 -9999 -9999 -9999 -9999 -9999 5480 5405 5253 5230 5528 5587 5590 5587 5533 5451 5380 5304 5266 5279 5336 5458 5575 5525 5668 5825 6076 6134 6185 6205 6304 6327 5801 5749 5949 5081 5042 5006 5309 4771 5024 4768 4627 4425 4345 4330 4309 4273 4225 4209 4224 4240 4240 4218 4191 4163 4147 4133 4115 4090 4066 4043 4019
-9999 -9999 -9999 -9999 -9999 -9999 -9999 -9999 -9999 -9999 -9999 -9999 -9999 -9999 -9999 -9999 -9999 -9999 -9999 -9999 -9999 -9999 5451 5224 5129 5168 5499 5557 5553 5498 5341 5287 5216 5125 5103 5111 5193 5269 5287 5349 5464 5604 5932 5383 5881 5326 5315 5334 5648 5251 5206 5151 5170 5140 5039 4744 4543 4332 4218 4181 4158 4142 4134 4125 4114 4109 4117 4130 4140 4134 4119 4101 4090 4081 4060 4043 4026 4009 3994
-9999 -9999 -9999 -9999 -9999 -9999 -9999 -9999 -9999 -9999 -9999 -9999 -9999 -9999 -9999 -9999 -9999 -9999 -9999 -9999 -9999 -9999 5293 5133 5080 5123 5486 5536 5502 5413 4722 5163 4276 4260 4241 4245 5033 5070 5078 5085 4831 4989 5028 5040 4968 4947 4901 4875 4866 4841 4824 4831 4839 4780 4638 4437 4257 4126 4073 4046 4040 4043 4058 4057 4061 4063 4067 4073 4082 4078 4071 4064 4057 4049 4039 4024 4012 4000 3988
