Data/ppt/PRISM_ppt_pr_1963-1995_normal_450mM1_01_asc.asc
ncols 557
nrows 164
xllcorner -67.31875000000
yllcorner 17.86875000000
cellsize 0.00416666667
NODATA_value -9999
[rows 0 to 35 of 164, columns 81 to 161 of 557]
-9999 -9999 -9999 -9999 -9999 -9999 -9999 -9999 -9999 -9999 -9999 -9999 -9999 -9999 -9999 -9999 -9999 -9999 -9999 -9999 -9999 -9999 -9999 -9999 -9999 -9999 -9999 -9999 -9999 -9999 -9999 -9999 -9999 -9999 -9999 -9999 -9999 -9999 -9999 -9999 -9999 -9999 -9999 -9999 -9999 -9999 -9999 -9999 -9999 -9999 -9999 -9999 -9999 -9999 -9999 -9999 -9999 -9999 -9999 -9999 -9999 -9999 -9999 -9999 -9999 -9999 -9999 -9999 -9999 -9999 -9999 -9999 -9999 -9999 -9999 -9999 -9999 -9999 -9999 -9999 -9999
-9999 -9999 -9999 -9999 -9999 -9999 -9999 -9999 -9999 -9999 -9999 -9999 -9999 -9999 -9999 -9999 -9999 -9999 -9999 -9999 -9999 -9999 -9999 -9999 -9999 -9999 -9999 -9999 -9999 -9999 -9999 -9999 -9999 -9999 -9999 -9999 -9999 -9999 -9999 -9999 -9999 -9999 -9999 -9999 -9999 -9999 -9999 -9999 -9999 -9999 -9999 -9999 -9999 -9999 -9999 -9999 -9999 -9999 -9999 -9999 -9999 -9999 -9999 -9999 -9999 -9999 -9999 -9999 -9999 -9999 -9999 -9999 -9999 -9999 -9999 -9999 -9999 -9999 -9999 -9999 -9999
-9999 -9999 -9999 -9999 -9999 -9999 -9999 -9999 -9999 -9999 -9999 -9999 -9999 -9999 -9999 -9999 -9999 -9999 -9999 -9999 -9999 -9999 -9999 -9999 -9999 -9999 -9999 -9999 -9999 -9999 -9999 -9999 -9999 -9999 -9999 -9999 -9999 -9999 -9999 -9999 -9999 -9999 -9999 -9999 -9999 -9999 -9999 -9999 -9999 -9999 -9999 -9999 -9999 -9999 -9999 -9999 -9999 -9999 -9999 -9999 -9999 -9999 -9999 -9999 -9999 -9999 -9999 -9999 -9999 -9999 -9999 -9999 -9999 -9999 -9999 -9999 -9999 -9999 -9999 -9999 -9999
-9999 -9999 -9999 -9999 -9999 -9999 -9999 -9999 -9999 -9999 -9999 -9999 -9999 -9999 -9999 -9999 -9999 -9999 -9999 -9999 -9999 -9999 -9999 -9999 -9999 -9999 -9999 -9999 -9999 -9999 -9999 -9999 -9999 -9999 -9999 -9999 -9999 -9999 -9999 -9999 -9999 -9999 -9999 -9999 -9999 -9999 -9999 -9999 -9999 -9999 -9999 -9999 -9999 -9999 -9999 -9999 -9999 -9999 -9999 -9999 -9999 -9999 -9999 -9999 -9999 -9999 -9999 -9999 -9999 -9999 -9999 -9999 -9999 -9999 -9999 -9999 -9999 -9999 -9999 -9999 -9999
-9999 -9999 -9999 -9999 -9999 -9999 -9999 -9999 -9999 -9999 -9999 -9999 -9999 -9999 -9999 -9999 -9999 -9999 -9999 -9999 -9999 -9999 -9999 -9999 -9999 -9999 -9999 -9999 -9999 -9999 -9999 -9999 -9999 -9999 -9999 -9999 -9999 -9999 -9999 -9999 -9999 -9999 -9999 -9999 -9999 -9999 -9999 -9999 -9999 -9999 -9999 -9999 -9999 -9999 -9999 -9999 -9999 -9999 -9999 -9999 -9999 -9999 -9999 -9999 -9999 -9999 -9999 -9999 -9999 -9999 -9999 -9999 -9999 -9999 -9999 -9999 -9999 -9999 -9999 -9999 -9999
-9999 -9999 -9999 -9999 -9999 -9999 -9999 -9999 -9999 -9999 -9999 -9999 -9999 -9999 -9999 -9999 -9999 -9999 -9999 -9999 -9999 -9999 -9999 -9999 -9999 -9999 -9999 -9999 -9999 -9999 -9999 -9999 -9999 -9999 -9999 -9999 -9999 -9999 -9999 -9999 -9999 -9999 -9999 -9999 -9999 -9999 -9999 -9999 -9999 -9999 -9999 -9999 -9999 -9999 -9999 -9999 -9999 -9999 -9999 -9999 -9999 -9999 -9999 -9999 -9999 -9999 -9999 -9999 -9999 -9999 -9999 -9999 -9999 -9999 -9999 -9999 -9999 -9999 -9999 -9999 -9999
-9999 -9999 -9999 -9999 -9999 -9999 -9999 -9999 -9999 -9999 -9999 -9999 -9999 -9999 -9999 -9999 -9999 -9999 -9999 -9999 -9999 -9999 -9999 -9999 -9999 -9999 -9999 -9999 -9999 -9999 -9999 -9999 -9999 -9999 -9999 -9999 -9999 -9999 -9999 -9999 -9999 -9999 -9999 -9999 -9999 -9999 -9999 -9999 -9999 -9999 -9999 -9999 -9999 -9999 -9999 -9999 -9999 -9999 -9999 -9999 -9999 -9999 -9999 -9999 -9999 -9999 -9999 -9999 -9999 -9999 -9999 -9999 -9999 -9999 -9999 -9999 -9999 -9999 -9999 -9999 -9999
-9999 -9999 -9999 -9999 -9999 -9999 -9999 -9999 -9999 -9999 -9999 -9999 -9999 -9999 -9999 -9999 -9999 -9999 -9999 -9999 -9999 -9999 -9999 -9999 -9999 -9999 -9999 -9999 -9999 -9999 -9999 -9999 -9999 -9999 -9999 -9999 -9999 -9999 -9999 -9999 -9999 -9999 -9999 -9999 -9999 -9999 -9999 -9999 -9999 -9999 -9999 -9999 -9999 -9999 -9999 -9999 -9999 -9999 -9999 -9999 -9999 -9999 -9999 -9999 -9999 -9999 -9999 -9999 -9999 -9999 -9999 -9999 -9999 -9999 -9999 -9999 -9999 -9999 -9999 -9999 -9999
-9999 -9999 -9999 -9999 -9999 -9999 -9999 -9999 -9999 -9999 -9999 -9999 -9999 -9999 -9999 -9999 -9999 -9999 -9999 -9999 -9999 -9999 -9999 -9999 -9999 -9999 -9999 -9999 -9999 -9999 -9999 -9999 -9999 -9999 -9999 -9999 -9999 -9999 -9999 -9999 -9999 -9999 -9999 -9999 -9999 -9999 -9999 -9999 -9999 -9999 -9999 -9999 -9999 -9999 -9999 -9999 -9999 -9999 -9999 -9999 -9999 -9999 -9999 -9999 -9999 -9999 -9999 -9999 -9999 -9999 -9999 -9999 -9999 -9999 -9999 -9999 -9999 -9999 -9999 -9999 -9999
-9999 -9999 -9999 -9999 -9999 -9999 -9999 -9999 -9999 -9999 -9999 -9999 -9999 -9999 -9999 -9999 -9999 -9999 -9999 -9999 -9999 -9999 -9999 -9999 -9999 -9999 -9999 -9999 -9999 -9999 -9999 -9999 -9999 -9999 -9999 -9999 -9999 -9999 -9999 -9999 -9999 -9999 -9999 -9999 -9999 -9999 -9999 -9999 -9999 -9999 -9999 -9999 -9999 -9999 -9999 -9999 -9999 -9999 -9999 -9999 -9999 -9999 -9999 -9999 -9999 -9999 -9999 -9999 -9999 -9999 -9999 -9999 -9999 -9999 -9999 -9999 -9999 -9999 -9999 -9999 -9999
-9999 -9999 -9999 -9999 -9999 -9999 -9999 -9999 -9999 -9999 -9999 -9999 -9999 -9999 -9999 -9999 -9999 -9999 -9999 -9999 -9999 -9999 -9999 -9999 -9999 -9999 -9999 -9999 -9999 -9999 -9999 -9999 -9999 -9999 -9999 -9999 -9999 -9999 -9999 -9999 -9999 -9999 -9999 -9999 -9999 -9999 -9999 -9999 -9999 -9999 -9999 -9999 -9999 -9999 -9999 -9999 -9999 -9999 -9999 -9999 -9999 -9999 -9999 -9999 -9999 -9999 -9999 -9999 -9999 -9999 -9999 -9999 -9999 -9999 -9999 -9999 -9999 -9999 -9999 -9999 -9999
7804 7881 7952 8015 8103 -9999 -9999 7518 8016 8042 8097 -9999 -9999 -9999 -9999 -9999 -9999 -9999 -9999 -9999 -9999 -9999 -9999 -9999 -9999 -9999 7558 7546 7514 7482 7467 7472 7469 -9999 -9999 -9999 -9999 -9999 7153 7141 7242 7270 7281 7265 7252 7243 7249 7258 7275 -9999 -9999 -9999 -9999 -9999 -9999 -9999 -9999 -9999 -9999 -9999 -9999 -9999 -9999 -9999 -9999 -9999 -9999 -9999 -9999 -9999 -9999 -9999 -9999 -9999 -9999 -9999 -9999 -9999 -9999 -9999 -9999
7672 7768 7864 7973 8091 7543 7553 7461 7600 7571 7377 8331 8155 8138 8256 8260 -9999 -9999 -9999 -9999 7573 7531 7430 7402 7405 7421 7491 7495 7506 7479 7460 7469 7450 7408 7376 7350 7325 7304 7222 7129 7132 7188 7212 7217 7221 7210 7202 7215 7225 7236 7238 -9999 -9999 -9999 -9999 -9999 -9999 -9999 -9999 -9999 -9999 -9999 -9999 -9999 -9999 -9999 -9999 -9999 -9999 -9999 -9999 -9999 -9999 9346 9335 9346 9341 9346 9348 9348 9347
7655 7744 7825 7935 8061 8058 7702 7404 7532 7523 7452 7509 7627 7471 8355 8237 8161 8259 8218 8166 8006 7935 7347 7372 7443 7349 7363 7419 7422 7441 7426 7465 7441 7400 7367 7338 7314 7290 7268 7207 7188 7181 7171 7167 7150 7171 7160 7152 7166 7178 7204 7210 7222 -9999 -9999 -9999 -9999 -9999 -9999 -9999 -9999 -9999 -9999 -9999 -9999 -9999 -9999 9128 -9999 -9999 -9999 9366 9384 9388 9403 9396 9394 9386 9381 9374 9380
7679 7845 7921 8020 8122 8125 8115 7735 7773 7750 7715 7632 7618 7521 7554 7683 7588 8447 8355 8278 8127 8078 8013 8008 8009 7297 7256 7909 7316 7375 7389 7478 7415 7397 7365 7333 7305 7280 7258 7292 7271 7259 7222 7195 7158 7174 7182 7167 7107 7120 7133 7162 7192 7220 7251 -9999 -9999 -9999 -9999 -9999 -9999 -9999 -9999 -9999 -9999 -9999 9135 9177 9283 -9999 9439 9426 9467 9485 9485 9478 9468 9453 9434 9427 9419
7731 7801 7757 7961 8124 8037 8104 8125 8229 8343 8405 7952 7882 7680 7593 7667 7586 7562 8383 7619 7761 7853 7858 8334 7536 7927 7912 8118 8091 7526 7609 7600 7392 7380 7376 7344 7353 7325 7333 7467 7476 7448 7421 7391 7369 7358 7328 7272 7142 7109 7078 7095 7130 7171 7232 7297 7401 7525 7672 7839 8022 8215 8414 8613 8811 9024 9167 9293 9395 9498 9510 9550 9578 9588 9667 9661 9642 9619 9599 9589 9562
7866 7909 7950 7984 8061 8114 8231 8351 8430 8501 8566 8486 8469 8493 7637 7857 7566 8352 7643 7658 7727 7757 7696 7661 7536 7672 7404 7985 7146 7833 7663 7701 7557 7493 7438 7435 7555 7532 7497 7542 7510 7474 7440 7401 7324 7302 7275 7283 7207 7173 7088 7079 7068 7114 7172 7254 7361 7494 7650 7830 8028 8241 8461 8679 8894 9121 9292 9426 9531 9604 9644 9676 9700 9785 10297 10319 10301 10271 10239 10201 10154
7849 7768 8054 8059 8128 8158 8262 8413 8465 8525 8598 8645 8618 8583 8463 8441 8436 7899 7980 7800 7835 7491 7512 7666 7314 7382 7331 7185 7456 7096 7320 7693 7527 7526 7480 7337 7440 7413 7395 7464 7458 7466 7422 7322 7095 7074 7077 7159 7162 7139 7102 7089 7073 7045 7088 7163 7315 7520 7690 7884 8101 8335 8579 8826 9057 9303 9430 9644 9679 9749 9785 9886 9929 10374 10474 10463 10436 10405 10369 10327 10277
7985 8033 8114 8008 8245 8215 8287 8383 8420 8459 8588 8658 8675 8640 8609 8589 8568 8483 8444 8380 8309 8260 8192 8113 8112 8086 8052 7748 7629 7515 7422 7423 7045 7454 7424 6964 7903 7556 7286 7274 7297 7439 7364 7316 7236 7187 7127 7035 6994 6990 6966 6995 7047 6998 6960 6979 7268 8115 8330 8617 8872 9120 9282 9527 9694 9813 9587 10504 9936 9969 10029 10410 10433 10524 10507 10486 10458 10426 10389 10345 10297
8018 8035 8142 8236 8350 8382 8440 8508 8556 8595 8653 8689 8690 8686 8670 8636 8644 8615 8572 8537 8476 8463 8415 8340 8334 8306 8267 8137 8058 7965 7500 7357 7253 7261 7033 6949 6965 7581 7031 7049 7098 7496 7164 7169 7166 7086 7036 6969 6973 6998 6978 6999 7083 7079 7219 7349 8043 8339 8547 9235 9439 9573 9484 9705 9871 10039 10390 10532 10444 10459 10470 10564 10556 10545 10528 10506 10479 10446 10408 10367 10326
8123 8169 8250 8326 8356 8421 8508 8568 8635 8670 8694 8703 8710 8709 8706 8695 8684 8667 8643 8615 8592 8542 8466 8386 8330 8298 8265 8198 8158 8101 8110 7277 7212 7144 7027 6980 6931 6968 6978 7429 7309 7323 7415 7751 7360 7086 7003 6970 6944 6968 6948 6999 7053 7153 7605 7680 8381 8837 9264 9476 9644 9815 10228 10308 10369 10422 10537 10558 10571 10578 10586 10584 10577 10564 10548 10526 10501 10473 10439 10408 10374
8172 8221 8292 8344 8394 8461 8546 8599 8652 8691 8710 8720 8721 8727 8720 8711 8702 8682 8664 8648 8606 8519 8397 8271 8236 8199 8160 8118 8072 8027 7978 7833 7252 7125 7090 6990 7016 7433 6995 7017 7010 7033 7034 7060 7043 6979 6970 6948 6927 6929 6931 6981 7076 7616 7844 8614 8618 9007 9681 9925 10106 10226 10379 10440 10486 10528 10559 10580 10591 10598 10606 10604 10595 10584 10569 10551 10531 10508 10482 10453 10429
8181 8200 8249 8347 8414 8518 8574 8625 8668 8701 8720 8723 8727 8724 8720 8713 8709 8694 8676 8657 8617 8557 8426 8233 8180 8145 8109 8011 7971 7928 7876 7801 7182 7117 7081 7063 7262 7557 7660 7454 6951 7303 7311 7031 6987 6983 6969 6935 6926 6942 6944 6944 6951 6911 7781 8419 8838 9026 9727 9982 10233 10352 10424 10474 10514 10544 10574 10594 10608 10616 10623 10622 10614 10603 10594 10580 10562 10543 10519 10496 10474
8080 8093 8138 8246 8304 8443 8496 8637 8673 8693 8703 8725 8725 8724 8717 8713 8710 8704 8689 8668 8636 8583 8502 8388 8357 8341 8291 8006 7908 7868 7742 7101 7188 7120 7112 7155 7762 7813 8320 7581 7369 7426 7518 7071 7027 7024 6996 6979 6964 6960 6974 6969 6948 6945 6926 7768 8411 8759 9123 9694 10223 10414 10458 10492 10519 10553 10582 10609 10624 10631 10635 10631 10624 10616 10607 10596 10580 10562 10542 10522 10504
8066 8050 8101 8134 7956 7899 7785 8548 8678 8686 8661 8687 8721 8704 8698 8691 8709 8700 8685 8661 8610 8564 8506 8394 8332 8230 7964 7854 7825 7827 7793 7670 7629 7225 7098 7073 6800 7767 7339 7379 7311 7285 7288 7161 7086 7039 7028 7006 6978 6983 6968 6986 6985 6999 7041 7453 8342 8586 9048 9257 9835 10379 10509 10517 10536 10564 10594 10616 10636 10641 10642 10641 10639 10636 10631 10622 10613 10598 10583 10568 10554
8086 8096 8072 8125 7993 7385 7701 7838 8794 8757 8684 8686 8696 8696 8657 8679 8676 8688 8666 8599 8546 8462 8398 8302 8224 8126 7833 7742 7750 7758 7764 7763 7665 7261 6816 6866 6826 6911 7015 7267 7216 7174 7151 7142 7091 7079 7057 7035 7014 6986 7008 7013 7050 7118 7281 7595 7988 8493 8955 9071 9569 10099 10478 10547 10546 10566 10588 10617 10632 10642 10645 10648 10651 10653 10652 10651 10648 10639 10646 10613 10596
8080 8116 8038 8059 8018 8020 7541 7740 7883 8771 8801 8782 8788 8755 8743 8705 8711 8658 8620 8562 8475 8363 8316 8254 8209 8172 8047 7802 7761 7705 7750 7717 7716 7618 7381 6915 6947 6968 7062 7208 7183 7177 7184 7176 7159 7115 7091 7070 7060 7061 7062 7087 7131 7203 7269 7349 7396 8100 8589 8712 9336 9938 10455 10544 10522 10520 10545 10573 10605 10627 10636 10643 10661 10669 10678 10687 10697 10721 10691 10676 10573
7885 8129 8032 7935 7880 7990 7629 7665 7796 8262 8787 8730 8724 8802 8774 8782 8728 8702 8665 8632 8555 8400 8340 8212 8224 8106 8097 8109 8041 7707 7972 7736 7688 7649 8053 7437 7327 7135 7097 7175 7177 7231 7252 7245 7199 7162 7128 7144 7155 7171 7155 7204 7285 7330 7372 7430 7549 7786 7979 8483 9158 9264 9911 10392 10494 10490 10498 10527 10567 10600 10625 10650 10678 10709 10728 10749 10775 10745 10745 10591 9993
8014 8097 7990 7872 8183 7807 7604 7472 7367 7583 8017 8125 8215 8670 8675 8748 8732 8712 8641 8691 8547 8466 8274 8020 8198 7515 7887 8335 8215 7249 8006 7966 7949 7599 7566 7446 7375 7352 7181 7163 7212 7275 7283 7266 7250 7217 7285 7306 7309 7333 7319 7419 7510 7573 7672 7804 7834 8013 8720 8617 9035 9173 9668 10065 10375 10503 10504 10521 10555 10601 10634 10670 10712 10745 10776 10802 10774 10767 10720 10755 10642
8081 7985 7839 7803 7414 7390 6863 7217 6848 7521 7762 7926 7546 8029 8143 8600 8561 8586 8085 8706 8072 8629 8021 7829 7297 7474 7846 7354 7419 7328 7430 7487 7494 7443 7446 7368 7146 7145 7160 7198 7243 7293 7272 7237 7219 7272 7424 7446 7458 7507 7534 7608 7702 7818 7983 8124 8442 8766 8499 8920 9219 9523 9739 9893 10142 10451 10521 10523 10547 10583 10638 10687 10739 10771 10809 10809 10798 10784 10827 10839 10875
8020 7966 7982 7921 7791 7742 6955 6927 6853 6930 6840 7441 7398 7544 7964 7959 7798 7930 8012 8040 7973 7767 7736 7713 7368 6867 6972 6985 7291 7346 7326 7381 7407 7409 7451 7400 7152 7108 7231 7290 7296 7306 7253 7242 7259 7302 7388 7425 7514 7601 7683 7765 7941 8097 8367 8547 8587 8938 9270 9401 9453 9704 9654 9375 10044 10496 10546 10530 10534 10567 10613 10691 10740 10812 10821 10849 10864 10918 10916 10893 10908
7874 7918 7951 7885 7807 6921 6895 6876 6860 6849 6849 6943 7065 7359 7311 7391 7509 7807 7906 7659 7660 7184 7325 7374 7352 7289 6979 6919 7022 7354 7407 7447 7426 7417 7439 7465 7333 7117 7247 7305 7312 7285 7286 7281 7320 7365 7395 7407 7472 7503 7540 7600 8106 8323 8447 8530 8681 9151 9384 9212 9992 9779 9676 9846 10087 10508 10475 10555 10542 10548 10601 10658 10793 10842 10896 10883 10809 10833 10811 10745 10750
7780 7867 7877 7825 6960 6931 6907 6883 6867 6859 6856 6873 6931 7076 7112 7100 7053 7769 7853 7237 7630 7601 7327 7288 7329 7268 6998 6970 7004 7204 7356 7416 7392 7351 7371 7425 7408 7124 7236 7285 7298 7314 7309 7366 7387 7404 7413 7443 7487 7543 7546 7494 8184 8381 7837 8063 8236 8298 8734 8813 9080 9506 9447 9212 10208 10153 9939 10456 10563 10565 10603 10717 10843 10955 10948 10874 10622 10535 10464 10426 10422
7524 7581 7591 7451 7236 7012 6920 6895 6877 6870 6882 6897 6917 7008 7179 7275 7196 7311 7399 7507 8057 7871 7907 7341 7253 7138 7069 7088 7102 7087 7098 7116 7120 7115 7123 7135 7151 7258 7257 7254 7288 7324 7370 7447 7475 7436 7443 7483 7517 7573 7547 8404 8401 8535 8516 8081 8139 8171 8189 8604 8618 8806 8954 8917 9302 9554 9743 9948 10484 10590 10632 10714 10867 10962 11076 11004 10615 10563 10492 10484 10766
7420 7425 7393 7104 7068 7022 6965 6909 6891 6885 6889 6907 6915 6928 6996 7058 7049 7034 7057 7388 7402 7459 7480 7233 7185 7131 7147 7161 7130 7058 7020 7037 7058 7048 7128 7159 7199 7333 7397 7365 7368 7408 7445 7484 7532 7542 7572 7595 7651 7803 7745 7620 8257 8399 8039 8219 8341 8392 8503 8743 8560 8605 8858 8852 9027 9408 9688 9854 10575 10648 10657 10726 10839 11017 11159 11167 10728 10926 10927 10872 10906
7167 7134 7111 7039 7011 7014 6958 6930 6910 6904 6906 6911 6918 6929 6943 6975 7001 6994 7010 7102 7110 7157 7222 7225 7216 7166 7186 7199 7172 7098 7040 7053 7051 7103 7375 7362 7267 7263 7473 7503 7532 7591 7519 7386 7368 7407 7493 7528 7552 7589 7908 8042 8162 8519 8790 8916 9036 8711 9381 9400 8823 8487 9402 9448 9496 9347 9720 10093 10283 10592 10638 10658 10802 10979 11157 11270 11188 11120 11039 10987 10923
