Data/ppt/PRISM_ppt_pr_1963-1995_normal_450mM1_08_asc.asc
ncols 557
nrows 164
xllcorner -67.31875000000
yllcorner 17.86875000000
cellsize 0.00416666667
NODATA_value -9999
[rows 102 to 135 of 164, columns 231 to 307 of 557]
15775 16048 15347 15209 15824 15277 15351 15293 15190 15583 15666 15641 15850 15703 15937 16044 16345 15522 16288 16081 16294 16593 16982 17293 17959 18050 18284 18310 18587 18874 19129 19207 19068 18686 18261 17800 17405 17037 16846 16745 16640 16559 16465 16294 16213 16221 16287 16252 16256 16235 16191 16131 16049 16037 16119 16278 16661 17585 18616 20001 21569 22103 22560 22943 23219 23187 23290 23200 23156 23142 23121 23088 23043 23077 23155 23182 23003
16493 16413 16127 15984 16110 16037 15951 15377 15296 15387 15552 15574 15939 16284 16669 16627 16670 16498 16596 16458 16860 17268 17835 18162 18488 18525 18754 18645 18681 18888 19322 19592 19575 19280 18928 18441 17939 17538 17232 17025 16891 16754 16592 16370 16257 16283 16291 16332 16240 16264 16330 16313 16360 16402 16496 16726 17395 18530 19911 21462 22249 22823 23231 23509 23461 23375 23423 23486 23469 23462 23460 23426 23402 23364 23349 23155 22934
16877 16659 16506 16441 16347 16208 16223 16110 16259 16093 15898 16173 15753 16444 17722 17374 17151 17274 17360 17345 17862 18172 18470 18808 19239 19444 19633 19722 19578 19836 20147 20353 20407 20244 19941 19405 18746 18140 17715 17367 17153 16957 16744 16490 16349 16308 16375 16337 16431 16463 16621 16718 16935 17104 17186 17618 18188 19691 20867 22150 22855 23328 23646 23658 23563 23474 23633 23712 23711 23744 23773 23797 23770 23684 23438 23115 22905
17098 16981 17003 17019 16821 16284 16180 16254 16623 16434 16323 16468 16283 16415 16332 16447 15580 16849 18083 17904 18323 18491 18643 18993 19465 19764 19966 20168 20317 20585 20724 20775 20744 20699 20452 19995 19443 18747 18236 17831 17570 17291 17024 16732 16566 16517 16536 16635 16840 16990 17366 17658 18008 18504 18770 19065 19473 20729 21759 22667 23268 23673 23810 23602 23646 23724 23709 23733 23769 23806 23898 23970 23963 23832 23568 23195 22933
16849 16816 16830 16958 16905 16448 16262 16162 16296 16459 16758 16822 16675 16866 16910 16869 16520 16964 17330 16818 18728 18877 19253 19322 19595 19814 20059 20329 20639 21000 21078 21036 21007 20913 20781 20452 19966 19353 18797 18451 18213 17871 17549 17240 17045 17013 17197 17514 17835 18177 18509 18787 19059 19428 19952 20483 20686 21490 22281 23071 23636 23784 23922 23761 24146 24056 23908 23701 23663 23696 23751 23847 23872 23797 23622 23344 23148
16103 16109 16279 16554 16587 16384 16258 16157 16067 16137 16668 16935 17315 17205 17182 17202 16984 17277 17479 17618 18103 18286 19728 19384 19566 19821 20064 20374 20727 21121 21281 21264 21191 21083 20918 20644 20265 19842 19486 19136 18851 18582 18379 18185 18081 18117 18293 18662 18959 19278 19535 19736 19959 20270 20680 21283 21751 22227 22667 23321 23857 23727 23852 23962 24210 24186 23967 23736 23554 23505 23512 23551 23580 23553 23494 23379 23247
15346 15426 15715 16156 16331 16299 16297 16131 16009 16092 16648 16820 17163 17459 17748 17780 17317 17636 17764 17751 17993 18233 18156 18767 19096 19443 19798 20259 20587 20998 21166 21196 21125 21023 20880 20695 20471 20234 20117 19947 19718 19494 19270 19099 19060 19147 19334 19679 20061 20318 20403 20405 20415 20644 21017 21722 22654 23009 23139 23720 24140 24069 24174 24434 24339 24166 24004 23637 23453 23340 23344 23321 23312 23223 23248 23276 23295
14684 14759 15137 15780 16174 16373 16433 16197 16110 16308 16708 16766 16872 17224 17516 17718 17695 17926 18083 18130 18163 18071 18316 18495 18497 18500 18932 19926 20109 20480 20736 20864 20817 20738 20723 20665 20612 20573 20618 20569 20461 20345 20156 19987 19960 20050 20235 20496 20683 20662 20573 20364 20354 20605 20852 21167 22422 23003 22962 23963 24442 24522 24461 24505 24452 24577 24435 23949 23606 23431 23386 23307 23209 23046 23046 23180 23314
14218 14267 14636 15307 15842 16191 16438 16357 16409 16458 16649 16707 16765 16902 17190 17554 17787 17953 18149 18334 18387 18617 18766 18741 18900 19053 19158 19495 19085 19376 19957 20269 20236 20226 20379 20514 20699 20893 21013 21122 21077 20959 20748 20581 20509 20526 20556 20599 20600 20510 20227 19847 19817 20218 20626 21221 21959 23000 23873 24332 24554 24672 24580 24530 24626 24713 24611 24237 23837 23442 23127 22873 22713 22618 22756 22956 23189
13879 14038 14456 15042 15499 15833 16194 16304 16481 16293 16397 16736 16883 16882 16898 17129 17505 17816 18138 18282 18373 18786 19050 19099 19211 19249 19036 19123 19007 19138 19435 19416 19358 19489 19916 20275 20693 21088 21375 21552 21543 21320 21067 20792 20574 20498 20471 20430 20271 20138 19936 19785 19789 19892 20156 21147 21671 22411 23384 24252 24458 24639 24511 24629 24629 24702 24527 24243 23888 23358 22877 22457 22386 22351 22520 22639 22918
13704 14013 14454 14831 15237 15548 15826 15958 16139 16061 16279 16630 16886 16908 16898 16890 17251 17735 18154 18449 18596 18939 19197 19223 19136 18942 18678 18683 18636 18586 18654 18648 18735 18940 19377 19898 20407 20930 21286 21572 21492 21153 20812 20466 20214 20194 20226 20122 19838 19890 19769 19839 19723 19689 19786 20774 21540 22090 22926 23959 24218 24353 24528 24455 24666 24592 24451 24213 23712 23047 22579 22192 22464 22610 22735 22576 22740
13637 14180 14775 15250 15773 15974 16159 16241 16194 16100 16290 16594 16768 16935 16944 16904 17279 17884 18395 18702 18924 19201 19358 19380 19088 18685 18372 18154 18086 18105 18220 18286 18471 18783 19340 19982 20473 20857 21093 21242 21135 20723 20319 19980 19832 19862 19850 19731 19509 19635 19766 19792 19803 19695 19600 19801 20948 22273 23111 23825 23949 24073 24223 24055 24277 24327 24217 23955 23214 22817 22577 22089 22049 22157 22345 22468 22774
13940 14836 15307 15680 16066 16323 16648 16675 16386 16483 16738 16874 16990 17055 17160 17263 17699 18275 18841 19149 19283 19380 19476 19398 18982 18498 18093 17545 17271 17686 18153 18426 18673 19012 19613 20078 20482 20638 20580 20464 20241 19928 19586 19398 19387 19260 18717 18773 18941 19280 19539 19745 19858 19802 19699 19801 20678 21729 22791 23531 23889 23949 23929 23534 23520 23638 23381 23107 22925 22765 22423 21721 21716 21667 21586 21716 22362
14264 15180 16019 16520 16619 16600 16731 16903 17003 17198 17130 17162 17285 17461 17599 18288 18667 19065 19423 19378 19324 19294 19170 19083 18739 18328 17836 16588 16230 17003 18159 18609 18967 19377 19774 19951 20171 20295 20217 20061 19793 19544 19326 19258 19165 19029 18478 18491 18800 19227 19493 19762 19871 19931 19866 20012 20722 21531 22474 23163 23545 23532 23185 23161 23188 23404 23028 22779 22789 22574 22230 21884 21776 21481 21300 21246 21099
14384 15498 16595 17302 17398 17255 17152 17170 17196 17736 17861 17732 17933 18451 18725 19047 19283 19642 19973 19549 19274 18984 18725 18478 18141 17706 16563 16077 16530 17931 18721 19039 19279 19528 19812 19925 19927 19974 19802 19623 19478 19322 19210 18979 18516 18484 18372 18502 18761 19046 19401 19730 20006 20125 20244 20572 21130 21824 22604 23119 23158 22928 22925 23220 23249 23245 22970 22664 22482 22136 21761 21545 21342 21262 21208 21293 21191
14803 15981 17082 17964 18107 17996 17962 18104 18246 18395 18522 18590 18781 19056 19202 19502 19668 19938 19922 19484 19063 18304 17946 17275 16951 16594 16200 15988 16708 18135 18949 19420 19634 19933 20147 19959 19586 19537 19237 19127 19312 19155 18996 18622 18531 18650 18762 18842 18947 19145 19536 19950 20227 20506 20765 21240 21737 22422 22991 23104 22906 22750 22838 22977 22841 22691 22476 22117 21933 21626 21165 20834 20542 20863 20979 21006 21149
14918 16081 17377 18597 19190 19049 18930 18976 18995 18961 19123 19344 19323 19298 19332 19816 19729 19406 18613 18118 17615 17449 17151 16306 16235 15957 15452 15466 16489 17953 18925 19545 19953 20401 20484 19406 19317 19327 18938 18761 18814 18704 18750 18668 18753 18897 19210 19266 19353 19551 19969 20387 20781 21223 21659 22194 22687 23235 23360 23231 23006 23018 23003 22960 22727 22448 22151 21764 21474 21252 20906 20657 20428 20648 20612 20638 20814
14859 16016 17251 18540 19368 19696 19396 19392 19177 19026 19158 19422 19569 19641 19809 19837 19354 18518 17579 16858 15995 15821 16036 15576 15562 15378 14967 15073 16183 17766 19200 19704 20064 20157 19801 19384 19472 20054 18860 18699 18845 19062 19204 19263 19263 19359 19731 19916 20075 20223 20546 20979 21564 22247 22746 23318 23569 23682 23599 23315 23178 23149 23126 22959 22715 22378 22089 21703 21461 21124 20931 20864 21026 20894 20664 20514 20644
14901 16045 17293 18496 19092 19096 18960 18757 18546 18507 18743 19275 19722 19988 20162 19795 18969 17619 16281 15177 14442 14285 14567 14753 14800 14627 14225 14246 15018 16583 17258 18435 18901 19043 18891 18688 17833 18125 18657 19161 19667 19562 19723 19978 20083 20102 20370 20642 20802 20923 21277 21785 22485 23177 23559 23870 23897 23664 23363 23065 22985 22981 22983 22911 22662 22367 22072 21781 21479 21218 21131 21027 21216 21028 20735 20565 20572
15353 16596 17654 17229 18276 17789 17800 17428 17324 17334 17557 18296 18431 18648 18490 17959 17138 16140 14885 13828 13278 13224 13499 13843 14051 13804 13283 13375 13883 14940 15725 16549 17474 17696 17747 17356 16594 17824 18821 19482 20043 20200 20519 20659 20686 20765 20954 21189 21351 21472 21825 22441 23125 23577 23762 23794 23567 23147 22827 22652 22614 22731 22858 22908 22793 22546 22316 22037 21746 21577 21860 21818 21712 21435 21050 20749 20615
15651 16498 16764 16637 16928 16620 16560 16164 16058 16168 16397 16969 17040 17167 16646 15926 15290 14530 13562 12751 12286 12332 12590 12993 13259 12896 12784 12944 13408 14268 15106 15808 16143 16322 16521 16605 17085 18020 18999 19559 19976 20293 20449 20792 21322 21497 21511 21751 21995 22121 22358 22800 23195 23477 23568 23375 23021 22667 22428 22299 22357 22566 22859 23078 23194 23185 23130 22949 22665 22406 22361 22232 22080 21953 21525 21077 20702
15455 15987 16039 15831 15770 15442 15322 14971 14903 15115 15314 15753 15753 15642 14895 14355 13806 13359 12574 11973 11342 11929 12137 12622 12398 12281 12306 12501 12931 13487 14249 15245 15501 15181 15540 15968 16818 18049 19112 19637 20080 20294 20069 20811 21642 21998 22182 22402 22637 22742 22793 22967 23167 23214 23142 22897 22620 22341 22128 22046 22138 22426 22812 23189 23412 23510 23432 23217 22888 22610 22458 22365 22575 22872 22492 21903 20981
14661 15221 15225 14781 14626 14351 14169 13843 13820 14109 14222 14570 14490 14124 13369 12962 12726 12534 11806 11515 11370 11514 11693 11904 11647 11948 12194 12618 13102 13769 14177 14469 14768 14946 15308 15784 16808 18041 18916 19756 20703 20833 20676 21438 21802 21796 21792 22011 22511 22738 22808 23036 23105 23057 22822 22583 22314 22065 21901 21863 22054 22433 22882 23292 23532 23550 23391 23068 22829 22368 22191 22459 23090 23258 22798 22321 21825
13882 14346 14188 13846 13642 13296 13107 12802 12800 13160 13199 13458 13162 12791 12215 12088 12118 12153 11435 11326 11334 11369 11426 11434 11601 11898 12095 12748 13317 14192 15009 15229 14897 14994 15380 16200 16988 17833 18647 19475 20295 20928 21452 21756 21705 21483 21453 21628 22283 22470 22557 22598 22690 22658 22406 22057 21748 21557 21494 21662 22036 22561 23132 23517 23671 23574 23264 22985 22974 22130 21948 23219 23706 23908 23688 22964 21915
13006 13449 13242 12880 12738 12402 12304 11976 12082 12287 12206 12274 12027 11801 11878 11937 12023 12014 11410 11416 11325 11364 11547 11965 11816 12293 11805 12625 13219 13961 14471 14728 14884 15181 15605 16234 16837 17571 18397 19204 20160 21287 21749 21803 21789 21711 21731 21735 21867 21988 22120 22151 22259 22224 21892 21488 21113 20921 20963 21342 22004 22716 23468 23868 23976 23834 23568 23259 23082 22620 22401 22938 23350 23501 23217 22596 21470
12030 12523 12446 12119 12010 11420 11981 11983 11816 11706 11669 11798 11876 11770 11856 11948 12039 12127 12068 12086 11438 11481 11988 12175 12216 12494 12624 13011 13770 14160 14497 14765 14985 15321 15805 16469 17128 17746 18309 18849 19407 20301 20619 20961 21076 20994 20947 21122 20975 21050 21250 21463 21667 21660 21408 20974 20585 20399 20463 21048 22021 22831 23638 24174 24047 23898 23551 23111 22858 22610 22220 21952 21980 22302 22400 21941 20793
11167 11629 11788 11810 11924 11879 12038 12157 12215 12217 12213 12305 12341 11960 11983 11957 12047 12129 12200 12249 12141 11446 12174 12262 12397 12603 12851 13163 13579 14105 14550 14892 15107 15352 15790 16437 16976 17434 17824 18338 18816 19552 19955 20187 20399 20452 20355 20430 20471 20609 20803 20997 21106 21054 21001 20623 20347 20292 20448 21102 22306 23544 24365 25045 24319 24066 23607 23009 22749 22090 21321 20853 20786 20980 21081 20915 19806
10904 11066 11243 11471 11760 11887 12065 12196 12339 12387 12386 12432 12477 12422 12458 12112 12046 12125 12194 12256 12304 12286 12558 12445 12428 12578 12822 13063 13310 13658 14026 14240 14958 15231 15668 16323 16891 17343 17796 18747 19045 19330 19489 19396 19261 19950 20117 20251 20438 20574 20632 20867 20960 20878 21438 20864 20262 20086 20215 20639 21713 23100 24370 25237 25056 24844 24117 22793 22442 21448 20678 20129 20029 20086 20002 19514 18509
10852 10974 11113 11310 11462 11603 11964 12125 12270 12396 12415 12438 12460 12492 12544 12444 12205 12127 12199 12275 12339 12450 12671 12667 12520 12618 12815 12942 13087 13420 13736 14067 14737 14998 15520 16117 16784 17397 18198 18550 18781 18964 18989 18766 18742 19689 20038 20442 20802 21039 20890 21199 21567 21378 21094 20505 19892 19592 19675 19906 20524 21749 23137 24347 24820 24843 24453 24023 22896 20898 20166 19739 19543 19323 19007 18459 17596
10795 10900 11054 11339 11522 11684 11881 11883 12031 12362 12485 12411 12431 12472 12494 12524 12430 12260 12281 12328 12400 12504 12704 12829 12832 13008 13173 13309 13488 13789 14525 14816 14983 15495 16120 17179 16833 17022 18033 18477 18966 19285 19212 18514 18380 18776 19683 20386 20930 21591 21598 21339 21058 20613 20100 19690 19249 18715 18498 18791 19483 20315 21748 23214 24242 24611 24120 23202 22171 20879 20023 19483 19102 18716 18240 17764 17099
10687 10840 11008 11380 11615 11825 12066 12385 12567 12611 12644 12470 12441 12412 12468 12500 12530 12512 12540 12519 12548 12621 12764 12899 13051 13294 13463 13596 13746 13933 14249 14522 14837 15296 15753 16263 16538 16819 17219 17420 17589 17675 17720 17778 17802 17903 18491 18938 19449 20475 20866 20632 20108 19631 18997 18692 17844 17663 17451 17583 18115 18852 19800 20840 21928 22635 22511 21913 20960 20196 19519 18920 18440 18057 17498 17206 16780
10713 10920 11092 11314 11477 11650 11825 12019 12228 12326 12418 12373 12359 12234 12288 12334 12426 12485 12578 12625 12690 12743 12830 12952 13094 13257 13351 13466 13574 13715 13866 14041 14290 14577 14965 15396 15801 16143 16397 16543 16601 16564 16488 16414 16468 16889 17249 17826 18671 19101 19804 19528 19023 18676 17677 17251 16667 16498 16522 16659 16907 17461 18091 19199 19918 20597 20983 20477 19864 19443 18854 18238 17779 17353 16751 16734 16321
10773 10944 11071 11203 11340 11482 11614 11728 11858 11971 12063 12124 12171 12102 12100 12122 12236 12338 12445 12568 12686 12741 12822 12912 13019 13087 13160 13232 13304 13376 13461 13569 13745 13951 14226 14538 14904 15238 15458 15554 15545 15552 15485 15447 15489 15738 16176 16809 17204 17446 17668 18175 17738 17300 16543 16117 15924 15911 15994 16119 16304 16645 17047 17638 17904 19057 19448 19350 18731 18136 18052 17572 17125 16617 15671 15640 15173
10761 10864 10973 11083 11210 11314 11427 11519 11594 11700 11761 11847 11916 11987 11971 12023 12112 12192 12312 12435 12559 12679 12805 12903 12982 13021 13043 13065 13073 13084 13107 13193 13343 13477 13646 13861 14104 14352 14545 14659 14706 14817 14765 14757 14806 14975 15298 15668 16033 16329 16416 16746 16432 16074 15804 15571 15447 15486 15595 15725 15911 16210 16518 17119 17617 17890 17913 17910 17442 16727 17314 16920 16358 15740 14987 14568 14090
