Data/ppt/PRISM_ppt_pr_1963-1995_normal_450mM1_02_asc.asc
ncols 557
nrows 164
xllcorner -67.31875000000
yllcorner 17.86875000000
cellsize 0.00416666667
NODATA_value -9999
[rows 36 to 71 of 164, columns 82 to 163 of 557]
9554 9475 9396 9312 9220 9128 9037 8972 8940 8915 8898 8897 8907 8943 8998 9055 9076 9102 9109 9121 9118 9140 9146 9118 9097 9064 9039 9022 9005 8979 8946 8909 8873 8833 8782 8748 8664 8567 8509 8515 8547 8587 8651 8688 8716 8725 8721 8701 8679 8629 8600 8577 8574 8601 8618 8655 8678 8644 8554 8283 8273 8416 8464 8407 8354 8353 8294 8163 7982 7857 7895 8087 8441 8422 8460 8696 8844 9099 9195 9175 9168 9083
9493 9419 9358 9303 9257 9209 9152 9119 9079 9000 8955 8921 8907 8927 8978 9032 9085 9126 9158 9179 9207 9223 9248 9255 9188 9141 9096 9067 9043 9018 8991 8964 8941 8923 8899 8837 8769 8613 8559 8573 8596 8663 8714 8780 8799 8795 8786 8773 8745 8722 8701 8677 8696 8708 8740 8745 8752 8720 8642 8523 8487 8553 8573 8543 8505 8468 8371 8268 8105 7909 7837 7912 8016 8289 8458 8689 8821 9001 9147 9190 9194 9068
9284 9243 9221 9211 9215 9243 9209 9200 9170 9077 8995 8947 8906 8910 8955 9016 9048 9120 9160 9213 9243 9298 9351 9372 9280 9191 9137 9100 9075 9057 8994 9029 9023 9017 8998 8955 8859 8691 8631 8632 8677 8703 8780 8830 8860 8864 8860 8838 8817 8795 8769 8756 8760 8780 8773 8771 8755 8687 8644 8585 8566 8572 8597 8591 8567 8518 8441 8358 8215 7961 7854 7866 7945 8123 8336 8400 8683 8896 9122 9187 9206 9155
8826 8861 8936 8990 9066 9146 9157 9152 9138 9061 9005 8937 8869 8856 8902 8948 9016 9066 9140 9187 9224 9253 9284 9290 9233 9198 9163 9132 9113 9019 8970 9022 9100 9098 9082 9032 8929 8773 8695 8715 8726 8802 8821 8883 8910 8921 8914 8900 8875 8850 8828 8794 8802 8806 8794 8766 8709 8651 8589 8567 8572 8582 8609 8623 8608 8570 8523 8450 8342 8142 7914 7858 7897 7994 8234 8274 8392 8745 9085 9196 9205 9186
8335 8364 8608 8720 8810 8945 9031 9074 9070 9046 8975 8889 8808 8775 8805 8865 8896 8985 9056 9096 9139 9176 9224 9227 9218 9192 9156 9166 9078 9023 8926 8989 9060 9085 9060 9000 8913 8804 8757 8741 8810 8847 8910 8939 8969 8973 8966 8941 8918 8894 8849 8818 8806 8806 8803 8760 8701 8618 8572 8563 8574 8606 8635 8660 8664 8633 8598 8519 8382 8201 7950 7877 7907 7960 8096 8202 8292 8650 8913 9122 9180 9151
7838 7972 8149 8276 8388 8613 8842 8919 8972 8954 8906 8839 8749 8704 8705 8710 8744 8790 8868 8908 8905 9019 9107 9156 9174 9159 9141 9105 9081 8998 8992 8992 9025 8970 8925 8891 8851 8817 8792 8789 8825 8906 8947 8995 9017 9019 9002 8977 8952 8918 8875 8832 8819 8827 8804 8774 8711 8641 8590 8583 8603 8639 8674 8702 8706 8691 8637 8489 8252 8078 7944 7903 7933 7977 8067 8134 8177 8351 8532 9077 9135 9113
7567 7735 7944 8079 8229 8402 8545 8664 8785 8836 8814 8780 8723 8666 8619 8610 8606 8637 8705 8702 8580 8817 8902 9025 9110 9156 9137 9154 9083 9078 9064 9067 9028 8962 8907 8877 8864 8854 8862 8844 8888 8941 9002 9039 9059 9053 9034 9011 8985 8946 8909 8879 8874 8861 8851 8804 8746 8680 8634 8623 8642 8674 8706 8736 8750 8737 8675 8507 8203 7994 7907 7888 7950 7997 8071 8132 8120 8204 8412 8799 9019 8994
7516 7582 7756 7939 8104 8273 8361 8507 8579 8702 8747 8770 8721 8653 8604 8568 8560 8516 8589 8585 8433 8578 8483 8783 8954 9108 9165 9197 9203 9164 9112 9084 9068 9015 8977 8939 8909 8909 8909 8929 8955 9017 9062 9094 9104 9092 9071 9045 9019 8995 8959 8948 8939 8936 8906 8863 8808 8740 8696 8675 8678 8707 8736 8767 8777 8770 8668 8519 8161 7962 7873 7888 7947 8039 8107 8160 8176 8192 8246 8375 8939 8640
7514 7540 7580 7840 8030 8100 7957 8283 8164 8523 8668 8732 8723 8667 8620 8583 8514 8372 8486 8550 8563 8620 8589 8701 8800 8964 9130 9219 9272 9270 9199 9163 9102 9074 9032 8982 8945 8938 8954 8983 9030 9078 9131 9155 9163 9144 9122 9097 9070 9037 9017 9003 9000 8995 8971 8934 8876 8813 8756 8729 8727 8747 8774 8798 8805 8738 8585 8486 8162 7991 7922 7908 7971 8042 8125 8169 8172 8202 8171 8217 8298 8259
7494 7543 7578 7777 7948 8069 8063 8272 8362 8531 8632 8643 8692 8676 8634 8609 8502 8373 8372 8388 8584 8641 8644 8665 8640 8446 8998 9172 9263 9316 9330 9295 9198 9139 9056 9034 9010 9011 9042 9067 9119 9168 9199 9223 9227 9213 9186 9158 9129 9103 9079 9071 9070 9057 9032 8992 8936 8867 8802 8770 8767 8796 8826 8846 8848 8845 8735 8393 8177 8050 7983 7962 7993 8064 8144 8187 8204 8190 8176 8169 8208 8208
7530 7633 7682 7684 7924 8062 8141 8214 8343 8526 8564 8521 8639 8635 8611 8550 8459 8547 8590 8604 8666 8671 8656 8666 8679 8710 8986 9116 9178 9268 9329 9363 9306 9217 9136 9077 9100 9110 9119 9145 9186 9232 9268 9286 9296 9280 9250 9220 9191 9166 9149 9138 9125 9104 9070 9028 8966 8898 8832 8797 8805 8841 8875 8895 8908 8851 8826 8705 8589 8243 8073 8022 8007 8060 8145 8214 8245 8249 8221 8218 8224 8224
7561 7622 7694 7879 8027 8157 8162 8198 8266 8464 8552 8548 8634 8528 8493 8455 8453 8608 8672 8643 8648 8660 8682 8668 8673 8727 8893 9064 9118 9195 9255 9301 9272 9219 9114 9141 9137 9166 9156 9174 9218 9274 9317 9344 9354 9339 9307 9273 9246 9222 9201 9181 9158 9121 9085 9034 8982 8921 8872 8855 8873 8908 8940 8931 8895 8757 8661 8532 8733 8347 8176 8089 8058 8081 8143 8224 8293 8338 8334 8331 8313 8309
7539 7596 7716 7901 8036 8125 8211 8299 8376 8492 8484 8584 8618 8477 8484 8515 8611 8693 8643 8558 8530 8590 8658 8686 8692 8760 8927 9127 9172 9166 9201 9199 9211 9176 9157 9155 9187 9180 9193 9179 9227 9306 9345 9380 9395 9382 9352 9323 9294 9268 9241 9211 9174 9132 9088 9050 9005 8977 8955 8958 8978 9012 9005 8965 8871 8651 8492 8384 8390 8313 8251 8193 8129 8107 8144 8220 8318 8379 8409 8395 8367 8317
7440 7447 7632 7777 7808 7983 8019 8198 8229 8314 7859 8472 8610 8615 8634 8671 8725 8668 8585 8419 8367 8478 8657 8706 8713 8733 8861 9065 9172 9209 9181 9182 9198 9196 9193 9196 9198 9206 9191 9188 9224 9266 9364 9403 9418 9410 9384 9359 9334 9304 9272 9233 9191 9147 9111 9084 9065 9059 9068 9086 9108 9126 9140 9106 9077 8985 8464 8397 8343 8368 8352 8294 8207 8148 8151 8226 8331 8413 8439 8435 8395 8352
7318 7357 7493 7543 6896 7568 7123 7311 7589 7869 7813 8053 8199 8166 8253 8628 8688 8557 8330 8100 8080 8296 8607 8688 8678 8684 8795 8963 9184 9278 9192 9243 9208 9250 9232 9226 9228 9227 9229 9217 9218 9262 9321 9404 9433 9439 9415 9389 9362 9333 9296 9254 9218 9185 9165 9152 9149 9155 9167 9209 9228 9242 9237 9219 9142 9062 8735 8635 8462 8448 8445 8376 8275 8188 8168 8227 8330 8415 8457 8455 8420 8364
7199 7257 7350 7430 7405 7043 6833 7099 7386 7225 7171 7461 8113 7489 7740 8225 8580 8448 8179 7889 7859 7979 8378 8545 8543 8549 8571 8577 8667 9262 9112 9225 9218 9238 9261 9253 9248 9245 9248 9260 9263 9248 9307 9378 9433 9452 9446 9413 9380 9347 9314 9287 9266 9252 9247 9247 9242 9238 9258 9252 9268 9269 9303 9235 9082 8860 8273 8605 8530 8516 8499 8432 8318 8216 8179 8214 8298 8390 8434 8441 8391 8324
7123 7190 7248 7337 7402 7342 6722 6637 6702 6361 6568 6855 7510 7430 7587 7718 8048 8229 8014 7604 7624 7707 7991 8334 8433 8518 8508 8466 8548 8948 9184 9310 9292 9301 9291 9274 9270 9266 9267 9294 9327 9323 9360 9417 9452 9472 9455 9413 9386 9353 9332 9328 9328 9336 9344 9352 9358 9356 9324 9272 9209 9155 9233 9149 8969 8463 8384 8509 8498 8530 8529 8449 8336 8222 8171 8185 8249 8323 8373 8359 8293 8197
7098 7135 7211 7277 7352 7322 6853 6324 6358 6088 6211 6855 6978 6544 7137 7240 7909 7928 7071 7245 7308 7313 7381 7719 8134 8092 8348 8316 8314 8934 9264 9381 9361 9350 9331 9312 9297 9289 9297 9339 9373 9399 9433 9472 9496 9495 9458 9421 9380 9335 9340 9376 9396 9416 9436 9453 9465 9472 9450 9393 9280 9118 9126 8768 8474 8371 8403 8443 8481 8517 8508 8418 8324 8212 8157 8151 8178 8225 8225 8166 8073 7904
7117 7158 7199 7265 7323 7367 7334 6850 6667 5848 5978 6086 6089 6095 6584 7118 7391 7154 6995 6824 6873 6960 6866 7483 7671 8349 8250 8181 8248 8742 8950 9280 9335 9376 9336 9320 9311 9321 9335 9373 9406 9415 9432 9482 9505 9508 9489 9441 9389 9346 9352 9417 9430 9445 9467 9548 9541 9556 9559 9449 9231 9016 8828 8650 8304 8243 8292 8418 8393 8474 8414 8343 8261 8190 8145 8123 8126 8120 8106 8023 7915 7602
7177 7203 7239 7274 7314 7358 7404 7369 6758 6616 5820 5967 5956 6010 6175 6638 6684 6698 6495 6565 6576 6838 6403 6758 7183 7466 8143 8077 8114 8664 8883 9069 9130 9274 9239 9194 9306 9316 9369 9403 9410 9407 9389 9402 9468 9505 9514 9492 9453 9399 9417 9441 9413 9401 9431 9549 9533 9554 9609 9505 8528 8151 8093 7935 7862 7392 7455 8361 8102 8336 8226 8197 8188 8139 8120 8112 8078 8056 7983 7814 7462 7103
7225 7256 7274 7298 7337 7374 7431 7489 7575 6616 6560 6585 5870 5894 5943 5988 5958 5931 5944 5879 6310 6423 6326 6599 7099 7284 7277 7932 7953 8251 8326 8539 8517 8672 8887 8934 9232 9275 9347 9422 9443 9423 9386 9383 9449 9530 9564 9532 9502 9469 9459 9477 9485 9507 9436 9419 9257 9173 9500 8632 8528 7668 7560 7617 7618 7122 7000 7912 7405 7613 7973 8079 8091 8071 8047 8038 8023 7974 7862 7654 7013 6935
7270 7292 7308 7324 7352 7386 7431 7473 7513 7572 6730 6648 6574 5791 5868 5866 5878 5874 5875 5877 5945 5953 5962 6398 6628 6504 7277 7389 7313 8124 8179 8397 7960 8487 8225 8707 8854 9000 9194 9339 9463 9480 9437 9428 9461 9517 9552 9541 9541 9461 9387 9450 9509 9559 9394 9221 8987 8682 8511 7931 7760 6903 6865 6822 6879 7013 7099 7169 7833 7893 7970 8033 8020 7980 7922 7819 7806 7838 7309 7576 7398 7197
7277 7311 7322 7338 7353 7378 7400 7413 7448 7505 7536 6860 6781 6634 6684 5817 5849 5865 5876 5880 5878 5877 5880 5959 6171 6210 6448 7006 7301 7572 7577 7898 7868 8002 8180 8256 8723 8845 8498 8852 9366 9387 9390 9372 9419 9453 9399 9513 9589 9388 9270 9350 9403 9408 9029 8532 8464 8271 7886 7579 6871 6530 6567 6568 6850 7087 7044 7759 7731 7765 7826 7834 7895 7855 7821 7532 7587 6941 6820 7000 6522 6918
7274 7284 7314 7320 7327 7335 7344 7345 7375 7445 7513 7460 6750 6773 6633 6702 5900 5861 5882 5889 5885 5877 5873 5876 5936 5977 6151 6575 6775 7544 6991 7611 7419 7867 8283 7702 8232 8168 7943 8314 8503 8766 8786 8904 9232 9392 8533 9279 9448 9056 8995 9060 8972 8784 8645 8386 8162 8047 7650 7439 7093 6345 6650 6726 6733 7665 7539 7563 7575 7548 7564 7049 7687 7454 7032 7000 6809 6233 6737 6042 6153 6140
7248 7260 7259 7285 7281 7278 7286 7278 7292 7387 7467 7511 7436 7333 6349 6349 5902 5869 5896 5907 5903 5892 5879 5875 5884 5910 5980 6074 6225 6642 7113 7151 6982 7944 7397 7319 7285 8088 7809 8218 7935 7939 7980 8703 8581 8453 8475 8677 9624 8768 8649 8633 8388 8329 8254 8144 8095 8225 7585 7280 6439 7284 6797 7386 7508 7557 7542 7451 7388 6837 7428 7040 7108 6830 6500 6221 5957 5846 6165 5539 5720 5765
7165 7143 7165 7183 7200 7193 7203 7196 7268 7354 7448 7489 7444 6686 6359 5801 5845 5886 5921 5935 5933 5919 5902 5889 5889 5905 5939 5985 6066 6188 6204 7042 6813 7043 7021 7202 7382 7273 7022 7301 7779 7356 7290 8159 8485 8015 7995 8348 8639 8428 8246 8129 7928 7911 7897 7908 7975 7979 7609 7469 7200 7246 7151 7266 7294 7251 7250 7229 7144 6818 6638 6509 6377 6249 6136 6030 5875 5712 5601 5506 5523 5563
6918 6884 6934 7009 7060 7056 7057 7089 7267 7366 7418 7441 7444 7463 6554 6423 5937 5916 5960 5976 5975 5957 5937 5920 5911 5918 5943 5980 6020 6073 6118 6278 6225 6990 6843 7034 7146 6593 6682 6855 7176 7197 7276 7640 7531 7814 7834 8048 8261 7787 7666 7256 7478 7330 7729 7871 7907 7720 7947 7973 7392 7270 7232 7265 7306 7074 7026 7054 7100 6693 6470 6024 6106 6150 6071 5959 5822 5685 5573 5509 5496 5543
6738 6727 6652 6744 6851 6825 6739 6790 6897 7228 7293 7375 7334 7109 6521 6427 5959 5950 5998 6027 6022 6005 5982 5962 5948 5947 5964 5995 6031 6060 6101 6164 6238 6509 6598 6727 6709 6846 6768 6872 6551 6828 6869 6976 7244 7429 7312 7418 7421 7467 7358 7519 7874 7690 7835 7939 7787 8438 8168 7508 7242 7175 7092 7058 6755 6633 6645 6669 7450 6886 6726 6437 6377 6283 6146 5998 5830 5686 5586 5540 5543 5592
6536 6569 6456 6344 6483 6578 6531 6648 6707 6663 6566 7326 7300 7137 6858 6790 5973 5971 6020 6042 6054 6043 6026 6007 5991 5984 5994 6019 6049 6075 6093 6107 6138 6403 7010 6977 7136 7511 6928 6872 6334 6455 6614 6596 6587 7382 6444 7330 7272 7406 7581 7871 8122 8199 8527 8505 8462 7654 7603 6808 6851 6777 6683 6605 6525 6494 6528 6604 6754 6821 6975 6052 6395 6307 6134 5972 5806 5674 5597 5572 5599 5664
6324 6316 6264 6180 6205 6257 6360 6437 6508 6421 6359 6372 7153 7045 6929 6633 6267 6029 6009 6054 6063 6068 6061 6045 6029 6021 6026 6046 6073 6105 6118 6129 6150 6257 6283 6998 6407 6675 6662 6706 6748 6875 7079 6416 6470 6497 6439 6438 6950 7303 7714 7951 8624 8656 8595 8487 7656 7383 6949 6785 6714 6627 6542 6477 6436 6437 6474 6540 6630 6743 6883 6962 6984 6503 6130 5956 5793 5678 5636 5609 5655 5738
6346 6320 6272 6143 6089 6109 6260 6316 6431 6271 6110 6210 6197 6495 6939 6732 6371 6139 6044 6037 6061 6068 6073 6067 6056 6048 6051 6074 6104 6134 6160 6158 6176 6221 6275 6431 6343 6323 6332 6387 6689 6758 6889 7246 6524 6453 6467 6533 6875 6874 7517 8034 8656 8643 7943 8103 7540 7000 6823 6712 6613 6534 6466 6420 6401 6405 6436 6490 6569 6669 6804 6899 6721 6406 5912 5971 5854 5741 5699 5675 5706 5811
6363 6311 6254 6117 6058 6024 6090 6136 6199 6166 6073 6116 6115 6138 6125 6110 6076 6045 6000 6033 6037 6049 6057 6065 6057 6053 6064 6092 6128 6164 6186 6195 6202 6215 6288 6368 6386 6321 6305 6306 6386 6407 6448 6488 6477 6468 6527 6465 7201 7483 8246 8311 8815 8135 7774 7619 7057 6892 6759 6635 6542 6470 6422 6396 6389 6399 6422 6462 6519 6590 6694 6827 6869 6536 6274 6041 5870 5729 5720 5717 5783 5874
6290 6268 6216 6121 6076 6046 6044 6089 6127 6143 6087 6073 6068 6037 6023 6014 5993 5976 5976 6003 6008 6056 6038 6046 6035 6034 6054 6089 6138 6177 6210 6224 6226 6256 6283 6339 6392 6401 6400 6376 6348 6394 6455 6512 6541 6533 6740 7277 7703 7873 8480 8997 8277 7904 7079 7037 6892 6795 6676 6575 6495 6439 6407 6396 6402 6415 6433 6456 6482 6516 6544 6645 6739 6809 6399 5989 5823 5684 5718 5786 5838 5942
6216 6201 6150 6136 6123 6092 6100 6076 6108 6133 6097 6058 6036 6017 6014 5996 5989 5947 5943 5977 6007 6111 6060 6019 6020 6002 6024 6080 6125 6183 6226 6249 6257 6283 6326 6346 6413 6458 6454 6429 6412 6409 6445 6485 6514 6555 6683 7516 7592 8237 8909 8942 8703 7965 7310 6989 6833 6722 6621 6536 6470 6429 6411 6413 6429 6449 6464 6473 6487 6472 6449 6428 6460 6521 6477 6619 5756 5886 6017 5956 5896 5997
6213 6212 6196 6195 6193 6187 6190 6129 6118 6110 6086 6036 6025 6020 5991 6000 5986 5955 5915 5941 5931 5953 5971 6005 5988 5993 6023 6041 6122 6175 6233 6280 6302 6315 6344 6381 6428 6455 6449 6434 6426 6434 6447 6451 6488 6602 7160 7791 8440 8540 8941 8893 8724 8117 7191 6969 6817 6692 6598 6522 6466 6433 6425 6436 6460 6483 6495 6497 6500 6499 6438 6323 6242 6289 6327 6252 6240 6447 6345 6351 5891 5991
6274 6275 6289 6286 6261 6230 6224 6144 6108 6099 6061 6040 6036 6026 6003 5992 6001 5977 5965 5954 5942 5928 5948 5967 5990 6010 6108 6077 6095 6167 6223 6276 6327 6353 6367 6396 6444 6486 6468 6470 6451 6451 6451 6468 6502 6544 6634 7221 7953 8166 8170 8429 8273 7289 7132 6971 6820 6698 6602 6534 6481 6450 6444 6458 6481 6503 6504 6507 6496 6508 6489 6402 6249 6244 6288 6293 6365 6405 6362 6326 5888 6131
