Data/ppt/PRISM_ppt_pr_1963-1995_normal_450mM1_02_asc.asc
ncols 557
nrows 164
xllcorner -67.31875000000
yllcorner 17.86875000000
cellsize 0.00416666667
NODATA_value -9999
[rows 108 to 143 of 164, columns 246 to 327 of 557]
5085 5337 5534 5757 5933 6165 6389 6622 6547 7288 7099 7203 7516 7792 7956 7955 7878 7766 7679 7576 7483 7370 7283 7223 7183 7136 7067 7020 6999 7014 7080 7201 7341 7497 7579 7511 7337 7110 6821 6504 6130 5790 5644 5604 5570 5574 5845 6622 7457 8228 8995 9678 9980 10536 11053 11110 11231 11267 11191 10941 10509 10307 10078 9809 9491 9393 9635 9715 9229 9123 10018 10098 10563 10682 10842 10960 11000 11076 11118 11163 11186 11186
4843 5027 5248 5457 5710 6046 6199 6457 6543 6697 6819 6990 7700 7651 7722 7702 7626 7511 7433 7412 7423 7454 7488 7535 7563 7518 7388 7312 7263 7270 7346 7473 7619 7777 7859 7768 7543 7251 6905 6583 6290 5937 5695 5647 5625 5661 5861 6247 7061 7782 8415 9123 9715 10226 10277 10155 10050 9812 9717 9673 9609 9560 9491 9291 9205 9289 9618 9602 9131 8913 9345 9931 10467 10733 10791 10895 10989 11056 11115 11129 11138 11116
4447 4710 4892 5056 5279 5592 6007 6411 6515 6614 6728 6814 7017 7114 7262 7146 7133 7065 7057 7122 7242 7408 7607 7820 7953 7949 7827 7672 7567 7532 7592 7731 7918 8089 8160 8063 7808 7458 7105 6853 6471 6197 5867 5759 5704 5732 5859 6143 6533 7203 7946 8693 9247 9597 9321 9162 8726 8342 8286 8424 8994 8986 9031 8916 8980 9074 9444 9519 8992 8812 9286 9855 10088 10820 10817 10888 10940 11014 11037 11093 11091 11047
4199 4360 4594 4805 4991 5367 5704 6171 6537 6709 6686 6507 6589 6427 6540 6413 6498 6517 6582 6790 6966 7246 7617 8047 8316 8301 8122 7885 7666 7603 7649 7773 7999 8214 8327 8320 8118 7795 7498 7164 6822 6549 5999 5854 5770 5759 5848 6027 6397 6975 7651 8317 8719 8766 8484 8028 7374 6964 7023 7359 8056 8661 8925 8689 8734 8856 9379 10006 8635 8345 9298 9482 10389 10790 10808 10902 10925 10950 11002 11038 11059 10988
4068 4229 4442 4689 4946 5288 5670 6056 6351 6453 6379 6100 5912 5762 5714 5748 5928 6001 6187 6460 6792 7200 7649 8218 8485 8439 8242 8036 7454 7416 7444 7480 7761 8080 8346 8506 8515 8365 8059 7730 7336 6890 6145 5983 5831 5791 5827 5960 6315 6804 7406 7952 8195 7960 7615 6908 6175 5832 5970 6542 7263 7953 8400 8545 8548 8709 9182 9747 8565 9057 9658 8796 9669 10558 10713 10761 10906 10931 10941 10982 10944 10881
4075 4244 4477 4740 5073 5389 5700 5967 6096 6021 5702 5300 4977 4817 4875 5032 5241 5515 5919 6358 6807 7329 7830 8237 8301 8120 7664 7398 7090 6893 6771 6845 7019 7684 8077 8534 8815 8855 8586 8189 7843 7085 6517 6184 5961 5853 5845 5939 6253 6645 7149 7384 7374 6979 6616 5908 5200 5034 5325 5992 6795 7183 7629 8012 8239 8554 8843 9421 8532 9227 9705 9508 9701 10489 10619 10439 10814 10923 10859 10836 10833 10742
4192 4401 4680 4932 5181 5442 5637 5771 5724 5485 5021 4584 4325 4308 4337 4542 4947 5473 6019 6450 6875 7314 7698 7977 7938 7736 7345 6973 6660 6434 6288 6339 6513 6864 7454 8184 8917 9156 9051 8688 8215 7500 7015 6529 6183 6014 5953 6057 6260 6511 6745 6860 6775 6273 5817 5131 4773 4483 4788 5410 6000 6520 7272 7614 7922 8236 8495 8831 8800 9306 9427 9434 9882 10029 10072 10084 10210 10687 10428 10338 10548 10603
4431 4640 4861 5038 5180 5318 5409 5432 5277 4896 4369 3915 3864 3963 4074 4351 4875 5476 6080 6570 6930 7191 7388 7457 7326 7007 6662 6319 6014 5641 5817 5801 5683 6175 6896 7724 8710 9147 9253 9014 8596 7951 7512 7090 6697 6399 6240 6243 6343 6470 6560 6527 6353 5964 5384 4765 4589 4701 4855 5046 5304 5725 6192 6712 7113 7551 8204 8347 8491 9121 9219 9906 9759 9780 9836 9874 9764 10499 10503 10460 9863 10381
4681 4821 4919 4948 4990 4998 4941 4938 4751 4421 3976 3645 3640 3643 3774 4272 4894 5510 6064 6457 6719 6824 6863 6803 6618 6299 5921 5636 5388 5293 5252 5410 5527 6107 6721 7404 8226 9049 9384 9313 9073 8542 7999 7449 7002 6654 6432 6388 6438 6461 6424 6294 6057 5640 5241 4829 4731 4797 4495 4507 5055 5421 5596 5671 6063 6535 7283 7807 8093 8200 8930 9090 9638 9623 9270 9398 9629 9838 10323 10436 10299 9641
4756 4815 4801 4661 4419 4308 4289 4410 4292 4030 3668 3437 3399 3358 3779 4256 4845 5332 5691 5708 6002 6036 5897 5754 5583 5350 5206 5156 5247 5294 5335 5490 5556 5894 6469 6978 7865 8785 9385 9615 9402 8951 8281 7486 7060 6719 6554 6561 6577 6488 6337 6112 5827 5454 4978 4795 4839 5376 5446 5432 4771 4546 5428 5624 5723 6002 6475 6981 7255 8190 8859 8930 9155 9138 9048 9416 9688 9888 10111 10231 10355 10143
4724 4686 4530 4287 4007 3839 3778 3787 3795 3674 3437 3322 3309 3419 3761 4275 4723 5008 4987 4928 4788 4760 4733 4807 4683 4545 4688 4954 5343 5628 5805 5931 5973 6077 6400 6869 7645 8489 9206 9455 9299 8736 7935 7391 6988 6735 6637 6640 6594 6432 6182 5885 5496 5167 4902 4714 5370 4890 4671 5116 4832 4738 5031 5294 5667 5743 6108 6486 7052 7995 8575 8460 8508 8502 8492 8609 9339 9532 9818 9930 10373 9902
4561 4483 4239 3935 3639 3450 3380 3371 3468 3344 3184 3122 3132 3198 3561 3966 4346 4500 4448 4332 4118 3962 3909 3877 4204 4337 4524 4921 5452 5912 6206 6364 6408 6389 6534 6949 7529 8256 8802 8971 8708 7939 7351 6914 6569 6441 6449 6491 6463 6311 6016 5629 5272 5002 4867 4810 4681 4890 4475 4790 3903 4443 4106 5000 4737 5064 5319 5663 6216 7069 7637 7599 7881 8273 8276 8188 8789 9258 9512 9261 9849 9581
4168 4120 3865 3603 3327 3145 3068 3105 3201 3164 3050 2992 2994 3098 3348 3770 3982 4083 4027 3834 3638 3671 3711 3774 3928 4022 4399 4852 5357 5870 6280 6545 6636 6717 6824 7067 7472 7901 8295 8365 7938 7287 6587 6367 5788 5837 6006 6173 6260 6210 6010 5656 5305 5056 4948 4940 5057 4515 4340 4106 3940 3844 3775 4024 4315 4647 4346 4992 5480 6077 6712 6903 7076 7527 7723 8053 8206 8722 8787 8639 9165 9040
3826 3651 3398 3313 3090 2915 2832 2918 3008 2984 2902 2808 2787 2949 3160 3419 3615 3646 3601 3452 3449 3549 3575 3639 3832 4008 4332 4604 5058 5613 6030 6354 6647 6837 7003 7173 7401 7608 7789 7545 7120 6263 5722 5244 5157 5139 5382 5711 6031 6098 6045 5850 5555 5279 5122 4997 4956 4803 4665 4349 4041 3537 3563 3630 3824 4089 4271 4027 4701 5245 5853 6404 6279 6615 6736 7602 7798 8009 8425 7832 8565 8595
3314 3205 3067 2828 2510 2624 2621 2622 2904 2806 2689 2649 2667 2764 2912 3184 3318 3376 3338 3278 3371 3504 3588 3721 3949 4167 4373 4558 4775 5045 5541 6152 6570 6700 7009 7114 7236 7284 7133 6825 6314 5750 5171 4901 4926 4838 4968 5211 5465 5722 5775 5665 5476 5292 5185 5113 5096 5037 4890 4586 4182 3522 3468 3473 3512 3469 3650 3697 3757 4415 5154 5823 6039 6523 6732 7256 7415 7805 7796 7532 7758 8069
2987 2898 2802 2441 2513 2563 2560 2445 2623 2558 2522 2512 2543 2640 2772 2912 3084 3152 3164 3222 3333 3475 3597 3762 3999 4240 4389 4488 4572 4751 5072 5472 5840 6244 6537 6699 6790 6774 6480 6139 5685 5195 4730 4651 4655 4688 4846 5102 5371 5593 5670 5601 5449 5279 5156 5089 5045 4990 4492 4241 4229 3455 3436 3432 3448 3466 3511 3510 3591 3685 4481 5130 5396 5746 6313 6785 6980 7311 7013 7009 6884 7284
2751 2697 2631 2525 2538 2564 2595 2629 2299 2411 2433 2457 2510 2622 2755 2855 2937 2992 3055 3169 3310 3437 3561 3786 3998 4178 4359 4443 4536 4671 4866 5083 5313 5479 5676 6104 6162 6064 5793 5421 5026 4728 4478 4342 4484 4632 4862 5142 5384 5539 5581 5499 5333 5157 4996 4852 4651 4717 4192 4097 3568 3476 3421 3392 3393 3410 3443 3481 3557 3655 3777 4539 4647 4854 5839 6390 6726 6691 6938 6200 6651 6484
2733 2723 2519 2540 2555 2579 2611 2646 2724 2281 2362 2429 2513 2640 2856 2926 2971 3000 3049 3161 3317 3440 3619 3834 4054 4246 4390 4457 4549 4647 4752 4842 4945 5048 5161 5287 5434 5374 5145 4920 4696 4488 4286 4215 4346 4620 4969 5247 5430 5497 5465 5360 4819 4934 4760 4563 3918 3741 3740 3660 3546 3460 3396 3352 3344 3355 3397 3486 3599 3741 3882 3916 4077 4281 4856 5461 5900 5999 6211 6207 6351 6545
2748 2783 2825 2560 2598 2595 2622 2673 2731 2778 2820 2399 2510 2620 2863 2935 2987 3032 3092 3197 3352 3496 3688 3876 4082 4268 4422 4504 4626 4666 4677 4674 4687 4766 4825 4915 5033 5000 4880 4694 4480 4315 4206 4211 4367 4663 5024 5207 5299 5250 5037 4460 4326 3973 3943 3828 3821 3752 3706 3636 3552 3464 3389 3340 3347 3325 3392 3499 4172 3808 3983 4150 4268 4066 4499 4756 5033 5374 5711 6118 6436 6700
2763 2801 2836 2834 2881 2610 2652 2718 2762 2801 2845 2883 2929 2973 3080 3134 3130 3148 3187 3294 3441 3660 3850 4008 4172 4360 4426 4522 4740 4714 4673 4637 4534 4674 4741 4805 4864 4840 4733 4567 4375 4286 4163 4233 4346 4522 4963 5125 5206 5084 4841 4487 4670 3914 3885 3826 3788 3755 3716 3661 3573 3509 3428 3333 3860 4209 4194 4439 4755 4350 4515 4647 4405 4197 4432 4665 5020 5354 5687 6057 6492 6806
2777 2813 2847 2878 2902 2925 2678 2787 2803 2865 2895 2938 2986 3023 3085 3186 3216 3227 3269 3547 3299 3727 3604 3607 3649 3758 4235 3925 4304 4524 4485 4486 4476 4542 4595 4658 4716 4741 4694 4554 4396 4433 4021 4309 4353 4459 4040 4340 4304 4632 4569 4244 4365 3900 3831 3790 3765 3757 3762 3720 4153 3865 3673 4295 4508 4897 4758 5158 5364 4993 4936 5059 5131 5139 5278 5416 5352 5839 6057 5998 6528 6884
2816 2817 2853 2884 2913 2935 2933 2984 2838 2968 2957 2979 3026 3065 3109 3209 3255 3265 3284 3351 3383 3491 3535 3592 3640 3692 3762 3767 3755 3699 4198 4245 4298 4363 4440 4511 4532 4573 4563 4354 4264 4165 4076 4107 4118 4129 4073 4081 4037 4034 4309 4061 3969 3730 3729 3715 3717 3755 4525 4594 4576 4398 4277 4961 5182 4897 5349 5865 5364 5948 5774 5716 5477 5507 5571 5678 5713 5877 6239 6533 6660 6949
2941 2859 2858 2893 2928 2955 2986 3028 3027 3051 3067 3103 3146 3153 3206 3251 3292 3318 3325 3362 3399 3429 3472 3565 3585 3638 3704 3742 3743 3756 3939 4027 4075 4132 4166 4329 4146 4311 4305 4239 4198 4131 4083 4098 4095 4075 4068 4006 3924 3856 4010 3927 3862 3794 3589 3600 3604 4218 4478 4856 5037 4759 5238 5589 5182 5584 5953 5937 5973 6481 6488 6258 6045 5848 5810 5854 5955 6118 6297 6487 6895 7073
2965 2954 2894 2916 2944 2978 3008 3055 3099 3200 3237 3260 3284 3192 3575 3611 3683 3835 3895 3807 3812 3429 3415 3924 3906 3919 3942 3962 3910 3908 3703 3976 4086 4204 4268 4323 4280 4296 4271 4221 4163 4103 4101 4100 4093 4001 3933 3842 3737 3627 3592 3648 3618 3558 3578 3648 3719 4038 4387 4980 5238 5311 5726 5650 5857 6213 6726 6572 6608 6550 7039 6772 6093 6274 6256 6116 6137 6228 6348 6514 6768 7132
2960 2986 3000 3018 2996 3009 3040 3087 3154 3275 3362 3398 3430 3450 3524 3582 3636 3689 3760 3826 3872 3866 3904 3975 3999 3999 4010 4001 3970 3992 4001 4071 4128 4217 4281 4316 4309 4298 4279 4247 4207 4147 4099 4027 3981 3917 3825 3703 3568 3416 3268 3225 3272 3263 3294 3272 3485 3821 4248 4789 5231 5687 6288 6217 6558 6846 6726 7514 7411 7379 7349 7272 6725 7245 7224 6392 6343 6351 6396 6560 6780 6997
2925 2963 2992 3027 3046 3069 3083 3137 3254 3325 3365 3384 3411 3427 3449 3481 3523 3573 3645 3734 3819 3884 3963 4012 4011 4008 4045 4075 4074 4065 4068 4096 4137 4192 4256 4283 4294 4282 4273 4256 4223 4188 4140 4080 4020 3914 3673 3463 3410 3249 3071 2928 2939 2925 2886 3014 3241 3575 4053 4684 5058 5829 6595 7146 7430 7512 7517 7581 7577 7574 7556 7505 7288 7255 7202 7091 6990 6955 6934 6990 7036 7129
2862 2918 2953 2989 3034 3071 3116 3217 3266 3298 3312 3338 3351 3363 3369 3389 3411 3456 3509 3581 3668 3753 3838 3908 3944 3955 4027 4021 4036 4057 4073 4103 4141 4181 4221 4260 4258 4273 4255 4258 4247 4223 4193 4153 4084 3971 3795 3547 3229 2948 2879 2743 2675 2690 2721 2856 3066 3395 3964 4353 5230 6099 6820 7279 7513 7602 7619 7607 7579 7561 7516 7418 7149 7046 6945 6806 6609 6344 6278 6703 6899 7038
2875 2890 2906 2940 2992 3047 3100 3192 3226 3246 3264 3289 3298 3293 3292 3303 3321 3360 3393 3448 3519 3600 3676 3748 3803 3862 4014 3939 3951 3986 4029 4083 4116 4161 4253 4275 4247 4236 4260 4269 4283 4278 4256 4214 4126 4000 3797 3548 3285 3031 2819 2677 2619 2607 2612 2628 2758 3314 3744 4553 5461 6256 6836 7253 7473 7563 7586 7576 7552 7508 7457 7364 7111 6948 6887 6707 6302 6823 6788 6666 6810 6950
2913 2924 2911 2927 2952 3034 3088 3132 3148 3172 3175 3181 3180 3171 3162 3154 3156 3184 3215 3255 3318 3388 3460 3525 3592 3653 3705 3742 3787 3836 3910 3990 4030 4095 4329 4361 4313 4248 4238 4266 4272 4270 4258 4212 4147 4075 3896 3543 3184 2909 2706 2605 2605 2603 2617 2678 2876 3298 3939 4670 5434 6137 6717 7091 7311 7428 7467 7467 7438 7396 7340 7315 7349 6989 7113 7033 6923 6925 6836 6634 6743 6881
2903 2933 2944 2955 2943 3018 3062 3075 3090 3119 3132 3133 3131 3124 3107 3091 3077 3081 3091 3116 3163 3201 3254 3307 3381 3457 3512 3570 3621 3683 3755 3843 3922 3998 4109 4178 4215 4215 4234 4247 4253 4241 4228 4189 4091 3936 3679 3394 3148 2971 2874 2740 2685 2668 2696 2794 3048 3462 4035 4725 5419 6062 6446 6843 7093 7238 7310 7324 7305 7265 7209 7147 7101 6990 7079 6981 6921 6924 6881 6799 6648 6693
2862 2896 2927 2959 2978 3029 3048 3062 3076 3100 3108 3114 3119 3112 3095 3063 3035 3010 3002 3011 3032 3059 3114 3158 3229 3300 3386 3458 3511 3583 3656 3733 3816 3893 3974 4061 4140 4184 4194 4204 4205 4176 4146 4083 3959 3767 3549 3591 3413 3198 3031 2903 2828 2805 2851 2988 3270 3658 4168 4754 5355 5716 6188 6600 6838 7015 7119 7161 7150 7121 7073 7010 6932 6847 6791 6695 6645 6811 6768 6769 6684 6658
2837 2865 2897 2923 2956 2985 3006 3023 3040 3055 3068 3088 3100 3105 3085 3052 3010 2972 2947 2942 2943 2956 2984 3018 3074 3149 3219 3316 3373 3463 3548 3612 3677 3754 3836 3935 4022 4082 4034 4065 4093 4084 4086 4020 3939 3970 3856 3697 3527 3218 3066 2951 2882 2858 2866 3243 3514 3868 4317 4716 4911 5443 5914 6340 6601 6824 6945 7018 7021 7007 6964 6906 6829 6752 6675 6596 6513 6465 6411 6573 6586 6562
2854 2869 2884 2910 2932 2955 2969 2983 2989 2998 3013 3041 3065 3074 3073 3041 2998 2954 2921 2907 2898 2907 2920 2943 2980 3034 3083 3138 3176 3236 3411 3475 3562 3618 3693 3785 3737 3825 3903 3964 4037 4072 4164 4146 4086 4010 3907 3647 3496 3330 3192 3092 3030 3018 3079 3248 3483 4023 4315 4487 4886 5336 5782 6110 6381 -9999 -9999 -9999 -9999 -9999 -9999 -9999 6778 6713 6640 6574 6486 6415 6356 6408 6419 6443
2861 2879 2888 2898 2919 2935 2949 2954 2961 2964 2977 3003 3033 3064 3071 3044 2996 2942 2905 2879 2869 2868 2881 2897 2928 2967 3004 3040 3072 3120 3176 3195 3498 3315 3364 3557 3650 3761 3859 3940 4147 4164 4196 4149 4086 3932 3794 3666 3541 3426 3323 3251 3205 3207 3279 3390 3581 3836 4132 4480 4863 5245 5614 5922 -9999 -9999 -9999 -9999 -9999 -9999 -9999 -9999 -9999 6637 6557 6483 6439 -9999 -9999 -9999 6439 6452
2870 2890 2894 2900 2912 2924 2930 2937 2940 2935 2945 2970 3008 3038 3057 3027 2980 2928 2885 2866 2845 2843 2852 2864 2894 2920 2951 2987 3019 3065 3116 3162 3232 3264 3310 3552 3642 4103 4104 4130 4161 4163 4142 4059 3961 3865 3692 3685 3612 3521 3428 3361 3316 3329 3431 3536 3699 3955 4221 4526 4851 5161 5481 -9999 -9999 -9999 -9999 -9999 -9999 -9999 -9999 -9999 -9999 -9999 6441 6401 -9999 -9999 -9999 -9999 -9999 -9999
2862 2892 2897 2903 2910 2918 2908 2911 2906 2895 2901 2924 2961 2997 3005 2984 2944 2903 2873 2850 2838 2829 2830 2849 2878 2897 2925 2973 3017 3059 3101 3155 3243 3268 3839 3852 4021 4103 4092 4101 4070 4028 4014 3962 3738 3771 3781 3746 3666 3597 -9999 -9999 -9999 -9999 3552 3649 3824 4043 4299 4574 4869 5150 -9999 -9999 -9999 -9999 -9999 -9999 -9999 -9999 -9999 -9999 -9999 -9999 -9999 -9999 -9999 -9999 -9999 -9999 -9999 -9999
