Data/ppt/PRISM_ppt_pr_1963-1995_normal_450mM1_09_asc.asc
ncols 557
nrows 164
xllcorner -67.31875000000
yllcorner 17.86875000000
cellsize 0.00416666667
NODATA_value -9999
[rows 68 to 101 of 164, columns 231 to 307 of 557]
14761 14611 14611 14643 14689 14739 14788 14837 14866 14896 14863 14805 14802 14801 14700 14722 14858 15161 15504 15891 16485 16366 16229 16228 16219 16294 16432 16868 17061 16232 17082 17244 17842 17854 17720 16873 16702 16691 17256 17885 18557 18485 18168 17607 17358 17139 17043 17060 17361 16976 16729 16956 16592 16726 16426 16626 16655 16934 16635 16673 16803 16404 16897 17303 16348 17398 16222 16949 17623 17960 18021 18082 18052 18002 17902 17839 17837
14951 14872 14856 14885 14904 14921 14943 14953 14962 14940 14897 14843 14799 14791 14738 14760 14796 14960 15178 15777 16470 16666 16779 17516 16596 16355 15991 16653 16815 17244 17323 17467 17715 17922 17559 16804 16368 16042 16535 16886 17390 17432 17306 16983 16550 16269 15965 16099 16559 15955 15908 16023 15814 15748 15674 15731 15697 15749 15432 15338 15275 15216 15561 16040 15968 16173 16304 16555 17032 17393 17542 17687 17770 17767 17740 17718 17754
15409 15254 15160 15180 15180 15170 15140 15112 15064 15011 14952 14870 14845 14826 14803 14865 14945 15033 15181 15601 16009 16396 16488 16365 16041 16025 16277 17156 16825 17036 17061 17261 17170 17143 16816 15826 15710 15636 15603 15817 16224 16346 16401 16275 15977 15722 15422 15242 16026 15202 15044 15113 14926 14808 14805 14784 14761 14753 14702 14658 14838 15135 15506 15749 15924 16139 16349 16509 16840 17120 17273 17449 17539 17582 17608 17652 17666
16344 15857 15531 15553 15563 15452 15418 15330 15244 15152 15070 15024 14967 14924 14942 15023 15159 15281 15369 15553 15660 15934 16041 16030 15980 16211 17022 17250 17126 17296 16592 16620 16392 16095 15775 15029 15381 15601 15772 16200 16268 16281 16409 16321 16075 15756 15414 15186 15163 15014 14887 14552 14429 14536 14631 14597 14577 14513 14466 14394 14521 14810 15018 15184 15410 15603 15942 16274 16491 16752 17103 17200 17324 17455 17533 17589 17632
17140 16772 16388 16386 16265 15858 15731 15540 15420 15311 15228 15186 15147 15071 15050 15157 15218 15345 15533 15599 15585 15838 15994 16199 16124 16331 16565 17050 17042 16886 16488 16404 16203 15660 14989 14648 14531 14786 15051 15592 16161 16056 16111 16082 15951 15695 15508 15232 15072 14957 14811 14469 14384 14513 14569 14575 14525 14473 14381 14317 14364 14550 14689 14813 15018 15399 16306 17024 17250 17426 17510 17244 17299 17357 17463 17542 17581
17871 17432 17213 17408 17033 16596 16313 15870 15587 15475 15389 15393 15429 15318 15313 15479 15586 15868 16036 16122 16145 16076 16203 16901 16762 16745 16812 16757 16836 16564 16223 15943 15482 14796 13932 13899 14119 14468 14954 15476 16006 15874 15844 15788 15645 15638 15402 15235 15043 14904 14684 14464 14400 14503 14566 14559 14544 14475 14373 14281 14258 14371 14473 14643 14836 15326 16184 16992 17315 17507 17703 17740 17646 17471 17438 17503 17549
18242 17996 17523 17661 17503 17575 16844 16447 15807 15538 15601 15712 15989 15997 15958 15848 15829 15992 16188 16357 16358 16356 16598 17667 17080 17056 17393 17147 16644 15645 15449 15141 14657 13857 13045 13366 13832 13483 14753 15222 15876 15956 15920 15712 15532 15613 15349 15170 14940 14765 14595 14446 14465 14546 14592 14610 14584 14522 14426 14315 14272 14313 14491 14712 15033 15705 16096 16851 17193 17386 17597 17699 17391 17307 17403 17477 17548
18426 18506 18358 18391 18160 17964 17398 17138 16618 15739 16114 16310 16545 16850 16922 16213 16339 16505 16750 16884 16596 16718 17574 16442 17302 17563 17719 17377 16357 15559 14820 14764 14491 14212 13868 13995 14172 14152 14553 14917 15468 15460 15680 15654 15447 15621 15341 15248 14896 14682 14532 14487 14529 14611 14661 14676 14654 14600 14525 14446 14397 14425 14529 14751 14947 15310 15753 16205 16918 17207 17392 17549 17322 17252 17386 17481 17699
18092 18379 18597 18887 19037 18965 18315 18051 17843 16527 16533 17147 17091 17265 17776 17247 16726 16703 16805 16989 17271 17716 17112 16798 17315 17657 18025 16730 15289 15735 14213 14664 14629 14541 14130 14415 14579 14449 14472 14720 15039 15200 15275 15393 15644 15633 15347 15323 14988 14717 14589 14562 14615 14705 14755 14767 14741 14692 14639 14601 14591 14713 14650 14752 14903 15011 15277 16079 16688 17032 17305 17599 17665 17341 17360 17656 18021
19105 19115 18950 18478 19549 20537 19381 18907 18591 17543 17315 17964 17965 17849 18168 18321 17410 16884 16527 16226 15963 15882 15728 15731 15982 16360 16067 15294 15032 14746 14759 14727 14688 14536 14583 14703 14811 14845 14955 15162 15343 15417 15326 15309 15426 15398 15220 15279 15195 14883 14688 14660 14720 14808 14856 14861 14835 14791 14757 14762 14898 15433 14971 14834 14828 14871 15023 15748 16025 16813 17190 17534 17675 17300 17516 18643 18388
20109 20599 19791 19998 20467 20921 20321 19702 19383 18522 18159 18409 19068 18722 18994 18769 17875 16740 15942 15723 15498 15385 15405 15454 15490 15082 15080 14872 14857 14509 14255 14175 14613 14700 14813 14829 14886 14921 14896 15040 15227 15367 15349 15388 15412 15275 15272 15221 15161 14982 14835 14764 14829 14905 14935 14945 14918 14886 14880 15001 15109 15585 15549 15076 14824 14737 14861 15528 15804 16650 17099 17520 17724 17373 17474 17686 18382
21149 21900 21216 21338 21217 21717 21270 20525 20173 19518 19328 19416 20123 19704 19926 18870 17705 16649 15878 15617 15402 15259 15241 15349 15395 15261 14973 14655 14653 14539 14235 14168 14499 14736 14853 14884 14902 14949 14997 15159 15279 15394 15427 15548 15487 15343 15306 15229 15113 14997 14904 14887 14910 14967 14995 15000 14989 14969 15074 15447 15566 15736 15773 15566 14893 14657 14737 15457 15760 16551 17021 17533 17921 17986 18035 18147 18611
22358 22430 22310 22417 22377 22486 22404 21957 21188 20253 20279 20474 20989 20970 20379 19453 18090 17041 15988 15746 15504 15314 15228 15186 15244 15238 14988 14607 14390 14314 14174 14177 14407 14678 14812 14788 14835 14939 15236 15431 15502 15434 15463 15528 15442 15248 15285 15177 15067 15063 14975 14936 14962 14998 15067 15040 15035 15031 15145 15450 15665 15735 15784 15660 14870 14623 14735 15484 15796 16471 16977 17575 17952 18212 18117 18378 18699
22820 22866 22688 22709 22934 22788 22882 22736 21904 20898 20503 20513 21008 21175 20592 19237 18039 17141 16279 16038 15819 15579 15304 15115 15003 15013 14798 14411 14185 14170 14152 14141 14255 14543 14681 14735 14778 14918 15141 15396 15620 15651 15553 15501 15367 15312 15275 15198 15144 15089 15030 14972 14968 15076 15106 15084 15051 15053 15069 15229 15495 15663 15693 15529 14900 14802 14764 15033 15610 16263 16876 17563 17988 18150 17655 18078 18334
21817 22903 22116 22144 23642 22561 22461 22827 22324 21410 20254 19959 20221 20544 19606 18636 17591 16789 16329 16162 15996 15799 15477 15113 14853 14745 14644 14340 14146 14187 14249 14268 14358 14551 14604 14636 14766 14922 15159 15287 15542 15722 15713 15564 15413 15360 15355 15242 15186 15138 15036 14969 14987 15025 15092 15049 15039 15059 15070 15069 15217 15441 15619 15554 15434 15609 15127 15152 15427 15801 16003 17194 17810 18178 18148 17693 17846
20578 21429 21331 21178 22052 21723 21554 21607 20955 20336 19212 19206 19323 19657 19509 18967 17698 16653 16339 16229 16101 15888 15554 15140 14753 14548 14542 14432 14267 14315 14403 14449 14588 14696 14736 14723 14837 15002 15282 15431 15497 15696 15671 15522 15426 15379 15327 15264 15186 15110 15013 14952 14972 15035 15053 15063 15070 15047 15063 15060 15055 15269 15543 15679 15658 15632 15552 15831 15245 15693 16487 16919 17599 18093 18409 18527 18005
20411 20716 20851 19801 20976 20707 20559 20840 20073 19433 18399 18623 18691 19022 19204 18074 16921 16556 16394 16271 16122 15872 15510 15098 14713 14471 14419 14440 14502 14513 14593 14714 14854 14997 15065 15191 15229 15255 15536 15653 15624 15605 15560 15410 15374 15335 15291 15232 15156 15072 14992 14971 14965 15012 15025 15057 15047 15027 15019 15017 15098 15442 15743 16275 16261 15648 15264 15438 15437 15614 16401 16942 17321 18025 18457 18659 18142
19565 20065 19764 18568 19858 19471 19260 19508 18840 18434 17686 17562 17962 18266 17970 16913 16666 16529 16398 16251 16063 15760 15360 14931 14661 14443 14395 14376 14526 14678 14780 15022 15141 15207 15267 15347 15463 15531 15760 15868 15792 15742 15568 15473 15353 15293 15239 15212 15117 15059 15003 14968 14988 14985 14987 15003 15001 14973 14957 14925 14876 14974 15327 15712 16265 15789 15577 15818 16059 16150 16442 16936 17278 18024 18546 18984 18873
19552 19542 19340 18649 18711 18786 18412 18105 17782 17324 17041 16957 17020 17426 17034 16678 16554 16437 16286 16137 15909 15550 15186 14866 14649 14542 14501 14499 14615 14846 15051 15287 15403 15454 15460 15501 15550 15668 15805 15891 15901 15804 15746 15578 15410 15276 15275 15204 15140 15061 15014 14994 14965 14963 14949 14960 14964 14939 14920 14888 14890 15001 15234 15530 16459 16153 15932 16042 16511 16545 16462 16947 17395 18052 18710 19395 19165
19263 19444 19386 18828 18520 18386 17917 17433 17306 17070 16894 16783 16792 17023 16927 16519 16377 16218 16090 15879 15655 15308 14972 14662 14558 14533 14637 14714 14871 15308 15475 15531 15607 15695 15704 15755 15841 15852 15914 15933 15858 15820 15687 15541 15446 15308 15289 15288 15155 15085 15028 14984 14954 14930 14927 14941 14964 14954 14943 14913 14939 15048 15167 15430 16189 16293 16432 16079 16159 16347 16346 16803 17380 18002 18626 19304 19417
20060 19945 19629 19174 18605 18224 17755 17278 17131 17126 16833 16646 16426 16287 16253 15996 16070 16031 15883 15531 15362 15164 14791 14557 14396 14473 14605 14778 15111 15878 15967 15749 15799 15871 15910 16023 16146 16178 16096 16014 15922 15812 15702 15618 15702 15411 15299 15213 15186 15084 15046 15006 14958 14938 14932 14955 14984 14975 14980 14996 15046 15121 15184 15411 16034 16417 17243 16677 16188 15978 16136 16661 17243 17874 18514 19291 20053
20900 20379 19873 19909 19216 18204 17701 17320 17357 17690 16894 16399 15893 15628 15730 15842 15918 15885 15957 15707 15548 15369 14573 14374 14090 14391 14580 14775 14954 15836 16418 16225 16188 16137 16087 16111 16364 16431 16350 16146 15989 15863 15764 15739 15787 15648 15411 15272 15163 15099 15068 15040 14998 14973 14970 15005 15034 15050 15064 15109 15161 15198 15216 15310 15561 16187 16831 17525 16391 16549 16198 16618 17183 17652 18254 18917 19743
21096 20586 19864 19755 19122 18117 17733 17508 17390 17372 16704 16069 15588 15482 15498 15488 15423 15412 15616 15829 15860 15784 15261 15058 14884 14840 14692 15052 15545 15970 16489 16546 16560 16495 16358 16316 16495 16471 16585 16398 16131 15984 15877 15739 15618 15473 15407 15332 15287 15140 15110 15118 15048 15032 15056 15064 15175 15175 15236 15258 15282 15249 15269 15317 15442 15623 15824 16383 17127 17293 18028 16800 17440 17530 17889 18546 19298
20522 20382 20280 19710 18950 17938 17654 17466 17522 17556 16766 16014 15634 15636 15613 15440 15236 15314 15508 15713 15784 15877 15845 15934 15863 15323 15138 15637 15914 16071 16536 16692 16788 16921 16987 16795 16858 16811 16896 16718 16399 16187 16016 15902 15731 15569 15481 15471 15365 15244 15200 15153 15144 15101 15132 15229 15304 15384 15442 15485 15467 15397 15365 15453 15533 15706 15841 16108 16469 17119 18134 18198 18260 18227 17805 18060 18301
19511 19606 19847 19594 18922 18332 18044 17862 18156 17640 16832 16180 15976 15937 15816 15717 15633 15708 15906 15924 15853 15826 15899 16074 16175 16099 16084 16175 16259 16262 16599 16736 16812 16998 17233 17272 17224 17138 17019 16841 16551 16365 16213 16092 15990 15815 15650 15564 15491 15401 15356 15336 15259 15239 15268 15280 15428 15478 15611 15654 15632 15581 15561 15646 15806 16124 16351 16508 16694 16958 17396 18411 18475 18609 18476 18528 18307
19436 19376 19701 19781 18512 18412 18179 17839 17571 17610 17124 16484 16288 16114 15966 15888 15926 16013 16212 16273 16190 16137 16008 16050 16182 16260 16307 16287 16278 16228 16539 16641 16844 17017 17273 17470 17439 17315 17159 16970 16703 16589 16441 16319 16202 16078 15895 15769 15676 15656 15627 15562 15509 15404 15363 15402 15457 15602 15703 15754 15771 15788 15944 16222 16493 16820 17136 17272 17343 17417 17653 17963 18158 18610 18735 18720 18404
19719 19908 20903 20829 19533 18907 18413 18207 18262 18211 17782 17030 16693 16451 16300 16234 16272 16321 16444 16450 16435 16412 16333 16324 16406 16410 16437 16369 16275 16345 16758 16742 16959 17120 17231 17370 17395 17299 17197 17082 16873 16725 16639 16451 16352 16245 16095 15953 15890 15825 15815 15775 15687 15597 15535 15508 15580 15677 15708 15746 15799 16033 16484 16900 17393 17768 18015 18103 18128 18165 18262 18356 18462 18656 18749 18800 18563
19575 19731 20209 20830 19911 19436 18742 18566 18735 18691 18301 17436 17152 17049 16969 16835 16759 16711 16704 16680 16649 16643 16656 16676 16729 16749 16716 16575 16443 16505 17081 17500 17341 17324 17127 17233 17188 17017 17028 17002 16921 16815 16723 16589 16450 16374 16271 16172 16098 16051 15999 15936 15863 15764 15694 15640 15665 15692 15728 15748 15853 16282 17084 17632 18125 18527 18712 18724 18720 18701 18690 18736 18755 18693 18810 19076 19240
18950 19362 19756 20249 20248 19820 19289 19066 19484 19182 18765 18140 17736 17698 17565 17360 17208 17067 17007 16954 16923 16925 16952 16988 17008 17043 17027 16903 16732 16658 17086 17489 16730 16724 16749 17085 17028 16755 16757 16800 16780 16801 16656 16578 16459 16424 16332 16295 16262 16197 16177 16136 16047 15971 15916 15853 15822 15851 15877 15969 16131 16637 17693 18278 18713 19026 19163 19155 19122 19058 18995 18994 18967 18715 18897 19037 19183
17452 18805 19323 19870 20196 20499 19744 20027 20180 19660 19260 18687 18258 18097 17925 17721 17540 17347 17246 17196 17213 17247 17327 17379 17340 17378 17341 17282 17145 16996 17147 17130 16548 16532 16390 16471 16561 16535 16580 16549 16549 16630 16576 16459 16419 16364 16353 16343 16336 16311 16293 16259 16206 16161 16139 16100 16062 16059 16105 16215 16385 16785 17875 18540 18939 19219 19370 19395 19376 19307 19197 19188 19137 18788 18985 19220 19390
16424 17385 17696 19543 19641 19871 19925 20322 20464 20009 19361 18691 18332 18156 18060 17912 17759 17555 17433 17377 17423 17545 17648 17766 17816 17819 17742 17633 17594 17508 17409 17321 17064 16790 16353 16384 16531 16600 16524 16474 16460 16509 16422 16423 16369 16367 16386 16415 16407 16375 16344 16304 16265 16223 16239 16234 16206 16198 16259 16376 16595 16934 17748 18544 19025 19296 19464 19542 19550 19479 19389 19346 19239 18810 18897 19194 19590
16257 16574 16026 17320 19181 19029 19201 20062 20354 19946 19200 18542 18188 18074 18029 17965 17887 17731 17632 17568 17641 17772 17881 18009 18137 18211 18111 18016 18014 17977 17817 17573 17351 17038 16672 16597 16684 16572 16580 16512 16469 16463 16414 16416 16418 16415 16446 16480 16498 16456 16397 16340 16274 16239 16240 16255 16264 16282 16363 16534 16792 17089 17575 18270 19019 19387 19579 19684 19725 19681 19611 19545 19553 19444 19116 19368 19904
16874 16898 16651 16575 16589 16178 17853 18666 19192 19008 18740 18344 18088 17919 17891 17869 17844 17783 17716 17646 17834 17976 18093 18227 18376 18397 18389 18280 18421 18388 18253 17961 17622 17285 17016 16910 16750 16662 16613 16580 16544 16501 16509 16464 16459 16480 16496 16567 16585 16561 16476 16394 16306 16237 16220 16237 16261 16337 16490 16731 17135 17459 17855 18332 19156 19563 19768 19896 19941 19940 19879 19824 19817 19660 19385 19591 20034
17895 17311 17111 16607 16529 16482 17169 18934 18744 18159 18084 17947 17818 17720 17672 17675 17729 17631 17572 17355 17760 18002 18160 18336 18466 18633 18813 18659 18686 18738 18655 18419 18077 17691 17411 17221 16985 16729 16670 16627 16582 16603 16575 16534 16510 16530 16598 16599 16657 16619 16567 16447 16348 16276 16259 16267 16339 16469 16763 17149 18018 18500 18922 19288 19647 19882 20061 20172 20237 20250 20239 20201 20092 19741 19664 19882 20125
