Data/ppt/PRISM_ppt_pr_1963-1995_normal_450mM1_03_asc.asc
ncols 557
nrows 164
xllcorner -67.31875000000
yllcorner 17.86875000000
cellsize 0.00416666667
NODATA_value -9999
[rows 72 to 107 of 164, columns 324 to 404 of 557]
7671 7655 7551 7446 7357 7301 7270 7279 7310 7376 7482 7642 7877 8279 8696 9380 9939 9746 10575 11103 11774 12420 12919 12952 13556 14406 14920 14767 14426 15390 15392 16907 18838 19444 19241 18754 17991 16775 16082 16703 16789 16433 15659 16103 17295 19263 17988 17852 17115 16376 15634 14868 13858 12859 12125 11799 11837 11998 11798 11343 11157 10846 10409 10386 10554 11072 11458 11865 12223 12456 12220 11620 10852 9919 9202 8260 7460 7124 6966 6896 6884
7960 7951 7884 7735 7609 7486 7408 7355 7333 7291 7283 7322 7418 7591 7768 8546 8894 9043 9585 10019 10291 10605 10924 11620 11725 12239 13021 13095 13310 13564 14359 14690 16059 18109 19996 19413 18742 17590 16530 16744 16883 15828 14206 13607 14051 15327 16874 16438 15647 14645 14033 13492 12388 11765 11338 10961 10986 11241 11109 10939 10359 9895 9652 9642 9853 10205 10745 11401 12023 12360 12130 11236 10518 9587 8789 8051 7338 7097 6973 6911 6885
8249 8228 8159 8053 7932 7728 7598 7515 7440 7367 7273 7220 7212 7260 7365 7585 8151 8205 8697 9088 9410 9733 10086 10404 10689 10959 11546 11805 12243 12921 13874 13859 14672 16644 18601 20015 19012 18540 17733 17394 17322 14950 13178 12250 12090 12604 13339 14034 14124 13259 12497 12019 11190 10793 10452 10257 10278 10597 10423 10275 9681 9327 9140 9173 9339 9643 10159 10756 11540 11923 11345 10748 9781 8922 8231 7240 7173 7072 7006 6930 6890
8499 8497 8398 8270 8141 7957 7791 7688 7623 7551 7397 7238 7156 7159 7237 7416 7659 7876 8110 8290 8600 8757 9025 9282 9536 9777 10363 10596 10956 11527 12248 12833 13669 14304 15985 17262 18373 19423 18225 18464 16324 14242 12480 11269 10983 11077 11306 11611 11572 11658 11844 10890 10566 10281 9924 9754 9759 9843 9845 9689 9352 9098 9028 9113 9248 9435 9782 10214 10751 11021 10692 9985 9035 8331 7509 7253 7138 7079 7017 6939 6867
8590 8574 8513 8416 8311 8138 8028 7963 7861 7711 7508 7318 7204 7176 7236 7368 7547 7732 7883 7996 8105 8237 8434 8655 8866 8993 9605 9695 9967 10543 11226 12033 12564 13498 14001 14794 15983 17209 17540 16621 14918 13189 11660 10623 10031 10126 10178 10296 10200 10307 10816 10342 10118 9860 9604 9411 9337 9348 9374 9273 9123 9102 9282 9242 9156 9182 9330 9667 9795 10163 9830 9171 8359 7504 7241 7173 7117 7074 7001 6888 6812
8570 8566 8537 8510 8435 8353 8274 8191 8003 7801 7609 7425 7312 7276 7302 7379 7511 7657 7776 7861 7939 8042 8211 8403 8597 8793 9053 9329 9710 10079 10484 11062 11971 12676 13274 13519 13552 14630 15047 14511 13222 11939 10780 9848 9081 9351 9383 9369 9359 9943 10139 9830 9679 9515 9322 9131 8978 8926 8947 8921 8996 9156 9261 9194 9046 8898 8801 9013 9134 9266 9020 8351 7619 7256 7136 7157 7119 7053 6947 6820 6745
8523 8545 8565 8563 8543 8490 8437 8364 8133 7917 7730 7537 7449 7414 7403 7432 7518 7636 7759 7848 7913 8027 8174 8357 8562 8782 9040 9343 9727 10094 10408 10757 11186 11769 12175 12725 12902 12953 12947 12629 11741 10812 9842 9150 8410 8534 8840 8811 8723 9233 9426 9141 9195 9089 8970 8817 8649 8554 8535 8640 8858 8989 9035 8982 8803 8633 8534 8589 8685 8579 8281 7831 7393 7162 7083 7162 7108 6993 6860 6747 6671
8429 8477 8524 8574 8590 8585 8551 8465 8274 8064 7878 7679 7617 7581 7541 7535 7582 7686 7810 7912 7987 8084 8226 8397 8579 8817 9101 9420 9803 10207 10492 10716 10947 11220 11447 11638 11701 11558 11482 11335 10730 9923 8974 8227 7893 8440 8546 8461 8320 8696 8816 8376 8557 8613 8538 8426 8277 8229 8269 8499 8616 8587 8702 8656 8491 8346 8296 8311 8338 8198 7879 7545 7277 7118 7031 7058 7025 6950 6802 6705 6643
8342 8403 8494 8568 8626 8658 8633 8557 8426 8188 8014 7842 7781 7744 7692 7668 7705 7797 7930 8027 8092 8170 8291 8441 8623 8846 9136 9473 9850 10231 10555 10826 11019 11102 11124 11034 11011 10811 10592 10365 9838 9033 8575 8346 8259 8388 8337 8153 7596 8378 7987 7981 8069 8123 8107 8108 7967 8126 8263 8379 8399 8393 8433 8364 8233 8121 8080 8077 8075 7981 7724 7462 7233 7112 7022 6998 6961 6898 6775 6679 6651
8046 8155 8359 8498 8643 8708 8708 8652 8530 8167 8026 7933 7902 7864 7820 7809 7849 7947 8068 8177 8220 8268 8349 8483 8637 8854 9132 9493 9899 10254 10610 10951 11238 11321 11247 10957 10795 10486 10163 9844 9535 9135 8830 8758 8446 8280 8161 7583 8080 7963 7777 7699 7708 7737 7745 7777 7846 8226 8250 8246 8260 8286 8281 8208 8088 7988 7940 7930 7928 7860 7603 7390 7186 7072 7003 6932 6889 6834 6746 6683 6657
7639 7714 7873 8121 8573 8697 8782 8742 8707 8585 8139 8017 7968 7932 7910 7925 7988 8084 8198 8319 8369 8390 8443 8544 8684 8904 9196 9576 9989 10419 11044 11008 11289 11535 11519 11253 10992 10567 10239 9981 9716 9434 9406 9124 8805 8191 8067 8361 8154 7913 7714 7579 7521 7516 7531 7655 7981 8129 8132 8156 8215 8262 8280 8223 8099 7973 7882 7847 7821 7770 7496 7304 7131 7027 6942 6889 6818 6785 6739 6692 6670
7494 7546 7685 7916 8273 8452 8725 8747 8725 8476 8194 8074 7994 7954 7957 8000 8086 8190 8305 8452 8504 8528 8570 8649 8777 8993 9302 9702 10111 10499 10875 11013 11274 11617 11665 11321 10964 10663 10340 10156 9935 9555 9394 8733 8424 8311 8608 8452 8234 8002 7764 7572 7464 7423 7517 7822 7975 8013 8052 8129 8229 8329 8387 8362 8231 8045 7876 7754 7630 7522 7358 7221 7079 6984 6912 6852 6797 6752 6720 6689 6653
7442 7472 7576 7759 8016 8284 8488 8564 8688 8495 8259 8110 8006 7956 7973 8037 8133 8250 8378 8510 8606 8646 8689 8772 8894 9105 9425 9842 10265 10596 10854 11121 11684 11881 11805 11261 10740 10426 10071 9965 9709 9352 9040 8597 8301 8358 8693 8504 8304 8053 7802 7595 7505 7470 7700 7838 7883 7927 7994 8105 8243 8381 8472 8470 8360 8124 7857 7651 7496 7372 7264 7163 7043 6962 6892 6844 6766 6724 6696 6679 6652
7460 7457 7527 7665 7854 8086 8314 8413 8526 8451 8292 8141 8025 7969 7985 8049 8157 8275 8390 8540 8648 8726 8800 8873 8989 9176 9493 9910 10337 10681 10965 11242 11410 12076 11690 11037 10355 9952 9712 9483 9089 9050 8214 8426 8154 8634 8589 8402 8207 7951 7735 7651 7769 7745 7772 7784 7815 7836 7921 8011 8183 8320 8423 8432 8335 8085 7771 7565 7411 7294 7175 7108 7024 -9999 6862 6824 6757 6694 6681 6669 6647
7510 7484 7524 7625 7773 7948 8136 8266 8345 8357 8266 8163 8061 8003 8010 8069 8167 8284 8403 8530 8682 8788 8871 8956 9067 9248 9539 9910 10359 10756 11154 11588 11747 11830 11280 10819 9915 9528 9202 8981 8710 8401 7983 7441 7953 8275 8200 8065 7937 7790 7653 7679 7777 7761 7733 7740 7746 7750 7772 7786 7981 8123 8208 8238 8176 7990 7718 7493 7329 7197 7087 7081 -9999 -9999 -9999 -9999 6708 6693 6664 -9999 6646
7549 7542 7560 7645 7769 7923 8079 8207 8290 8313 8271 8197 8111 8057 8057 8105 8187 8292 8410 8547 8681 8825 8925 9017 9139 9323 9570 9866 10289 10743 11466 11763 11900 11587 10855 10073 9574 9099 8713 8459 8236 8023 7817 7684 7790 7756 7886 7747 7606 7597 7637 7699 7752 7717 7701 7705 7696 7670 7699 7716 7798 7870 7921 7937 7918 7843 7656 7456 7306 -9999 -9999 -9999 -9999 -9999 -9999 -9999 -9999 -9999 -9999 -9999 -9999
7625 7631 7657 7741 7872 8029 8182 8301 8373 8389 8348 8268 8190 8140 8137 8167 8241 8338 8456 8568 8714 8846 8969 9067 9195 9352 9543 9757 10106 10432 10755 11585 11541 11179 10620 10115 9492 8930 8502 8201 7994 7913 7989 7754 7673 7537 7419 7465 7438 7545 7633 7708 7697 7638 7680 7681 7656 7610 7620 7637 7648 7651 7673 7671 7680 7669 7595 7435 7303 -9999 -9999 -9999 -9999 -9999 -9999 -9999 -9999 -9999 -9999 -9999 -9999
7686 7764 7813 7935 8103 8306 8483 8598 8652 8636 8522 8414 8321 8265 8252 8288 8341 8438 8549 8659 8763 8893 9002 9094 9193 9331 9475 9644 9922 10227 11009 11190 11064 10824 10441 10204 9560 8950 8517 8242 8076 7968 7813 7733 7634 7439 7220 7037 7435 7608 7675 7670 7618 7537 7615 7654 7631 7576 7569 7588 7560 7552 7522 7526 7505 7505 7462 7406 -9999 -9999 -9999 -9999 -9999 -9999 -9999 -9999 -9999 -9999 -9999 -9999 -9999
7728 7916 8050 8220 8445 8784 9036 9132 9165 9126 8844 8656 8522 8428 8404 8429 8493 8596 8708 8804 8879 8956 9039 9111 9187 9277 9391 9503 9743 10216 10607 10759 10683 10448 10199 10052 9549 8942 8550 8362 8198 8136 8048 7949 7753 7471 7238 7460 7562 7636 7649 7646 7643 7604 7649 7642 7618 7562 -9999 -9999 -9999 -9999 7462 7441 7434 7382 7408 -9999 -9999 -9999 -9999 -9999 -9999 -9999 -9999 -9999 -9999 -9999 -9999 -9999 -9999
7893 8185 8346 8535 8818 9234 9423 9545 9583 9525 9368 9040 8804 8651 8599 8636 8701 8808 8908 8984 9019 9063 9121 9164 9197 9244 9285 9333 9400 9529 9910 10078 10094 9969 9918 9818 9280 8971 8572 8706 8644 8561 8521 8338 8019 7700 7642 7592 7568 7603 7641 7639 7635 7641 7643 7638 7609 7562 -9999 -9999 -9999 -9999 -9999 -9999 -9999 7360 -9999 -9999 -9999 -9999 -9999 -9999 -9999 -9999 -9999 -9999 -9999 -9999 -9999 -9999 -9999
8186 8464 8666 8854 9255 9517 9717 9900 9974 9919 9766 9538 9161 8943 8869 8897 8970 9083 9188 9236 9212 9215 9249 9249 9254 9250 9225 9164 9112 9102 9188 9296 9328 9336 9506 9592 9444 9058 8547 9053 9022 8954 8890 8683 8356 8028 7766 7588 7571 7628 7643 7641 7640 7645 7638 7632 7629 -9999 -9999 -9999 -9999 -9999 -9999 -9999 -9999 -9999 -9999 -9999 -9999 -9999 -9999 -9999 -9999 -9999 -9999 -9999 -9999 -9999 -9999 -9999 -9999
8523 8634 8917 9127 9384 9676 9909 10143 10280 10275 10134 9910 9716 9318 9217 9224 9333 9482 9606 9595 9455 9433 9375 9375 9343 9303 9207 9103 8954 8853 8798 8782 8770 8840 8784 8935 9038 8964 9047 9129 9067 9007 8944 8731 8410 8023 7705 7536 7595 7648 7650 7640 7643 7638 7630 7628 -9999 -9999 -9999 -9999 -9999 -9999 -9999 -9999 -9999 -9999 -9999 -9999 -9999 -9999 -9999 -9999 -9999 -9999 -9999 -9999 -9999 -9999 -9999 -9999 -9999
8934 8927 9052 9320 9512 9777 10036 10298 10514 10587 10514 10290 10026 9743 9586 9582 9782 9785 9795 9776 9710 9776 9603 9492 9442 9345 9217 9066 8878 8691 8550 8456 8401 8413 8418 8518 8602 8378 8774 8829 8761 8703 8655 8490 8225 7922 7676 7570 7639 7687 7650 7642 7652 7635 7629 -9999 -9999 -9999 -9999 -9999 -9999 -9999 -9999 -9999 -9999 -9999 -9999 -9999 -9999 -9999 -9999 -9999 -9999 -9999 -9999 -9999 -9999 -9999 -9999 -9999 -9999
9282 9258 9294 9511 9683 9894 10170 10452 10701 10804 10776 10612 10344 10175 10046 10013 10037 9992 9983 9928 9860 9867 9793 9666 9543 9371 9210 9061 8841 8612 8424 8312 8228 8208 8197 8248 8326 8304 8393 8326 8243 8203 8165 8091 7941 7766 7625 7544 7556 7601 7592 7650 7646 7640 -9999 -9999 -9999 -9999 -9999 -9999 -9999 -9999 -9999 -9999 -9999 -9999 -9999 -9999 -9999 -9999 -9999 -9999 -9999 -9999 -9999 -9999 -9999 -9999 -9999 -9999 -9999
9568 9533 9529 9665 9892 10161 10386 10623 10856 10998 11012 10918 10686 10461 10331 10268 10209 10158 10130 10066 9942 9866 9849 9827 9804 9454 9231 9049 8814 8567 8379 8257 8197 8130 8110 8123 8208 8176 7997 7878 7815 7832 7805 7753 7680 7590 7536 7503 7461 7476 7481 7590 -9999 -9999 -9999 -9999 -9999 -9999 -9999 -9999 -9999 -9999 -9999 -9999 -9999 -9999 -9999 -9999 -9999 -9999 -9999 -9999 -9999 -9999 -9999 -9999 -9999 -9999 -9999 -9999 -9999
9827 9783 9784 9863 10082 10387 10586 10783 11014 11190 11209 11139 10919 10641 10507 10411 10333 10268 10217 10145 10033 9924 9883 9885 9876 9486 9262 9077 8818 8565 8383 8267 8201 8153 8088 8083 8166 8099 7697 7577 7588 7628 7609 7561 7529 7505 7468 7463 7430 7414 7423 -9999 -9999 -9999 -9999 -9999 -9999 -9999 -9999 -9999 -9999 -9999 -9999 -9999 -9999 -9999 -9999 -9999 -9999 -9999 -9999 -9999 -9999 -9999 -9999 -9999 -9999 -9999 -9999 -9999 -9999
10096 10045 10046 10141 10353 10590 10775 10965 11167 11313 11338 11253 11067 10812 10666 10574 10483 10384 10294 10209 10111 10003 9900 9897 9893 9539 9316 9110 8863 8625 8435 8330 8265 8207 8142 8103 8105 7847 7556 7472 7552 7575 7529 7486 7464 7454 7438 7428 7394 7422 7403 -9999 -9999 -9999 -9999 -9999 -9999 -9999 -9999 -9999 -9999 -9999 -9999 -9999 -9999 -9999 -9999 -9999 -9999 -9999 -9999 -9999 -9999 -9999 -9999 -9999 -9999 -9999 -9999 -9999 -9999
10371 10329 10313 10403 10592 10748 10903 11096 11285 11386 11393 11298 11126 10940 10853 10760 10691 10589 10448 10334 10226 10103 9973 9935 9993 9834 9458 9209 8989 8771 8554 8468 8430 8369 8282 8173 8087 7806 7556 7476 7606 7614 7588 7530 7501 7485 7450 7450 7460 7517 -9999 -9999 -9999 -9999 -9999 -9999 -9999 -9999 -9999 -9999 -9999 -9999 -9999 -9999 -9999 -9999 -9999 -9999 -9999 -9999 -9999 -9999 -9999 -9999 -9999 -9999 -9999 -9999 -9999 -9999 -9999
10596 10571 10563 10621 10778 10911 11052 11226 11367 11425 11376 11262 11114 11001 10923 10840 10737 10664 10554 10451 10341 10195 10055 10003 10103 10098 9763 9428 9204 8968 8709 8727 8747 8637 8434 8291 8126 7881 7682 7642 7749 7771 7765 7705 7682 7642 7597 7575 7555 -9999 -9999 -9999 -9999 -9999 -9999 -9999 -9999 -9999 -9999 -9999 -9999 -9999 -9999 -9999 -9999 -9999 -9999 -9999 -9999 -9999 -9999 -9999 -9999 -9999 -9999 -9999 -9999 -9999 -9999 -9999 -9999
10732 10744 10749 10802 10930 11041 11166 11304 11419 11422 11347 11215 11098 11019 10903 10784 10688 10652 10585 10496 10360 10222 10085 10030 10076 10051 9913 9794 9527 9217 9075 9239 9102 8816 8518 8372 8261 8086 7923 7873 7886 7853 7841 7790 7755 7706 7621 7619 7602 -9999 -9999 -9999 -9999 -9999 -9999 -9999 -9999 -9999 -9999 -9999 -9999 -9999 -9999 -9999 -9999 -9999 -9999 -9999 -9999 -9999 -9999 -9999 -9999 -9999 -9999 -9999 -9999 -9999 -9999 -9999 -9999
10823 10849 10871 10931 11021 11131 11214 11321 11409 11411 11315 11186 11096 10996 10813 10652 10625 10605 10557 10438 10311 10171 10104 10045 10104 10095 10079 10032 9611 9398 9341 9375 8928 8710 8564 8499 8420 8283 8120 8020 7944 7896 7863 7815 7780 7690 7606 7549 -9999 -9999 -9999 -9999 -9999 -9999 -9999 -9999 -9999 -9999 -9999 -9999 -9999 -9999 -9999 -9999 -9999 -9999 -9999 -9999 -9999 -9999 -9999 -9999 -9999 -9999 -9999 -9999 -9999 -9999 -9999 -9999 -9999
10888 10921 10961 11009 11083 11159 11220 11281 11341 11349 11263 11138 11031 10947 10740 10609 10564 10567 10475 10363 10238 10216 10247 10223 10236 10213 10115 9959 9730 9589 9494 9337 8909 8673 8582 8555 8523 8404 8234 8101 7993 7922 7895 7849 7784 7682 7525 7414 -9999 -9999 -9999 -9999 -9999 -9999 -9999 -9999 -9999 -9999 -9999 -9999 -9999 -9999 -9999 -9999 -9999 -9999 -9999 -9999 -9999 -9999 -9999 -9999 -9999 -9999 -9999 -9999 -9999 -9999 -9999 -9999 -9999
10933 10981 11016 11050 11092 11163 11216 11238 11261 11271 11210 11067 10938 10836 10734 10599 10540 10454 10380 10288 10320 10335 10370 10317 10290 10160 9976 9818 9709 9500 9108 9033 8849 8700 8600 8557 8523 8387 8234 8098 8006 7952 7919 7863 7786 7660 7575 7532 7568 -9999 -9999 -9999 -9999 -9999 -9999 -9999 -9999 -9999 -9999 -9999 -9999 -9999 -9999 -9999 -9999 -9999 -9999 -9999 -9999 -9999 -9999 -9999 -9999 -9999 -9999 -9999 -9999 -9999 -9999 -9999 -9999
10976 11014 11042 11045 11061 11120 11171 11198 11175 11159 11126 11010 10847 10752 10642 10557 10447 10379 10316 10348 10365 10393 10357 10302 10165 9966 9733 9639 9559 9524 9307 8862 8649 8611 8541 8478 8395 8254 8140 8061 7988 7935 7898 7848 7753 7627 7569 7569 -9999 -9999 -9999 -9999 -9999 -9999 -9999 -9999 -9999 -9999 -9999 -9999 -9999 -9999 -9999 -9999 -9999 -9999 -9999 -9999 -9999 -9999 -9999 -9999 -9999 -9999 -9999 -9999 -9999 -9999 -9999 -9999 -9999
10980 11037 11053 11047 11033 11053 11098 11095 11042 11014 10980 10889 10745 10605 10479 10359 10281 10236 10265 10303 10309 10282 10225 10127 9794 9709 9320 9262 9270 9382 9146 8802 8444 8466 8456 8381 8262 8140 8072 8000 7951 7904 7852 7801 7710 7610 7564 -9999 -9999 -9999 -9999 -9999 -9999 -9999 -9999 -9999 -9999 -9999 -9999 -9999 -9999 -9999 -9999 -9999 -9999 -9999 -9999 -9999 -9999 -9999 -9999 -9999 -9999 -9999 -9999 -9999 -9999 -9999 -9999 -9999 -9999
10995 11040 11064 11063 11053 11038 11005 10974 10900 10838 10802 10698 10579 10442 10283 10144 10050 10019 10074 10157 10015 9981 9894 9577 8818 9059 9001 8997 9019 9025 8825 8652 8404 8405 8387 8306 8181 8092 8006 7947 7892 7832 7777 7717 7635 7585 -9999 -9999 -9999 -9999 -9999 -9999 -9999 -9999 -9999 -9999 -9999 -9999 -9999 -9999 -9999 -9999 -9999 -9999 -9999 -9999 -9999 -9999 -9999 -9999 -9999 -9999 -9999 -9999 -9999 -9999 -9999 -9999 -9999 -9999 -9999
