Data/ppt/PRISM_ppt_pr_1963-1995_normal_450mM1_06_asc.asc
ncols 557
nrows 164
xllcorner -67.31875000000
yllcorner 17.86875000000
cellsize 0.00416666667
NODATA_value -9999
[rows 102 to 135 of 164, columns 77 to 153 of 557]
10143 10298 10638 10790 11548 11942 12274 12654 13048 13388 13964 13751 13297 12627 12271 12262 13022 14043 14434 14740 15058 14705 13642 12934 12437 12120 12343 12885 12833 13296 14399 14594 14665 13709 13019 12352 12576 12716 12676 12743 12978 13396 13843 14115 14213 14326 14353 14160 13936 13780 13674 13706 13874 14145 14422 14661 15208 15272 15400 15415 15452 15364 15313 15374 15540 15569 15559 15629 15807 16001 16093 15912 15691 15345 15085 14747 14364
9191 9271 9406 9369 9877 10091 10403 10823 11329 11730 12383 12454 12287 11642 11316 11308 12057 13119 13706 13911 14075 13684 12653 11963 11096 10460 10430 10757 10649 10933 11736 11713 11864 11371 11054 11213 11613 11640 12017 12275 12506 12919 13290 13747 14001 14100 14103 13933 13664 13434 13229 13221 13399 13782 14236 14461 14723 14835 15407 15568 15596 15413 15490 15565 15530 15291 15020 15035 15115 15265 15402 15382 15218 14893 14707 14477 14155
8314 8328 8366 8209 8499 8631 8925 9369 9807 10155 10849 11077 11195 10738 10416 10617 11181 12152 12714 12898 13067 12687 11858 11218 10510 9560 9481 9511 9247 9295 9709 9430 9407 9658 9960 10023 10245 10780 11225 11634 12038 12481 12987 13456 13736 13745 13619 13528 13140 12849 12600 12662 12905 13349 13891 14252 14613 14924 15108 15234 15323 15487 15671 15658 15456 15047 14632 14493 14470 14414 14493 14571 14552 14474 14451 14346 13988
7432 7475 7446 7341 7424 7516 7772 8160 8516 8764 9392 9735 10048 9793 9490 9657 10248 11005 11343 11403 11588 11455 10972 10365 10389 9727 9125 8756 8455 8291 8304 8408 8557 8771 8974 9173 9450 9816 10149 10689 11240 12217 12812 13262 13497 13402 13164 13164 11928 11693 11368 12190 12515 13160 13689 14108 14693 15111 15280 15397 15433 15460 15487 15487 15231 14820 14372 13889 13881 13731 13498 13644 13753 13808 13902 13971 13829
7677 7083 7019 6930 6897 6966 7043 7166 7416 7587 8082 8453 8883 8842 8520 8704 9250 9818 9938 9901 10319 10128 9997 9464 9783 9422 9005 8615 8241 8005 7933 7932 8010 8208 8407 8627 8930 9346 9738 10204 10853 11465 12594 12954 13067 12979 12549 12020 11582 11256 11080 11343 11684 12954 13641 14032 14566 14949 15206 15251 15165 15041 14961 15048 14800 14482 14174 13644 13579 13331 12878 12762 12902 13074 13102 13241 13323
7037 6897 6842 6778 6745 6758 6781 6843 7204 7390 7561 7691 7783 7844 7821 8029 8371 8812 9051 9222 9147 9120 9131 9119 9169 9044 8819 8481 8102 7842 7675 7638 7759 8039 8209 8385 8660 9012 9413 9795 10309 11080 11447 11965 12155 12140 11796 11236 11573 10844 10810 11153 11825 12756 13250 13599 13992 14437 14827 14800 14612 14506 14359 14429 14218 14015 13914 13588 13481 12616 12168 11948 11941 12265 12363 12675 12819
6825 6768 6725 6690 6661 6660 6673 6724 6907 7059 7184 7271 7330 7394 7504 7735 8064 8403 8599 8696 8712 8710 8740 8807 8860 8790 8604 8296 7935 7637 7480 7459 7567 7743 7978 8237 8544 8838 9155 9491 10054 10394 10702 10981 11119 11084 10753 10407 10232 10041 10232 10888 11522 12153 12760 13139 13174 13354 14010 14325 13987 14067 13680 13668 13600 13457 13448 13269 13210 12281 11600 11424 11444 11651 11888 12417 12592
6738 6684 6653 6620 6601 6593 6601 6633 6708 6801 6894 6945 6993 7088 7271 7525 7826 8110 8320 8419 8408 8405 8462 8536 8592 8547 8395 8145 7838 7571 7420 7380 7470 7682 8005 8281 8526 8731 8941 9176 9567 9781 10070 10220 10364 10357 9879 9586 9454 9486 10105 10778 11183 11758 12302 12603 12712 12691 12593 12505 12451 12395 11934 11776 11989 12155 12140 12588 12286 11743 11234 11004 10917 11173 11813 12184 12552
6656 6621 6591 6565 6542 6535 6539 6557 6582 6634 6675 6706 6761 6872 7080 7350 7654 7945 8128 8204 8168 8152 8206 8287 8348 8333 8233 8053 7810 7573 7421 7361 7450 7713 8046 8290 8483 8631 8777 8934 9046 9117 9195 9285 9342 9428 9167 9072 9076 9364 10140 10792 11344 11693 12072 12086 12471 12409 11961 12180 12281 12347 12228 11969 11868 12236 12616 12513 12168 11774 11158 10747 10577 11136 11409 12041 12463
6587 6549 6508 6476 6461 6451 6457 6458 6466 6476 6503 6540 6590 6690 6852 7122 7428 7704 7880 7955 7949 7934 7969 8047 8122 8131 8066 7934 7750 7539 7375 7302 7394 7680 8000 8187 8336 8462 8608 8777 8776 8719 8626 8541 8471 8480 8604 8398 8895 9163 9474 10453 11484 11597 12733 12678 12687 12586 12437 12539 12439 12539 12373 12150 12438 12708 12977 12941 12230 11810 11191 10573 10375 10800 11065 11804 12164
6536 6482 6391 6340 6326 6318 6329 6354 6323 6319 6334 6343 6378 6490 6678 6934 7210 7460 7642 7730 7745 7728 7735 7782 7851 7885 7848 7749 7606 7413 7253 7179 7239 7489 7776 7908 8054 8206 8419 8638 8633 8565 8436 8267 8140 8055 8808 8797 8793 8944 9143 9404 9882 10686 11592 12533 13157 13080 12533 12594 12696 13420 12846 12460 12240 12506 12931 12897 12418 11936 11205 10545 10278 10416 10662 11182 11588
6528 6461 6362 6299 6275 6252 6254 6210 6163 6169 6187 6177 6211 6341 6524 6749 6998 7226 7400 7500 7519 7502 7486 7501 7532 7551 7538 7456 7348 7229 7124 7059 7066 7181 7373 7503 7675 7904 8226 8409 8480 8472 8386 8280 8107 7856 8538 8707 8700 9042 9100 8936 9146 9626 9718 10224 10853 11319 11880 12412 12501 12074 12221 11536 11224 11355 11959 12193 11993 11290 10501 10025 9929 10060 10330 10621 10785
6556 6470 6376 6318 6283 6256 6179 6112 6081 6116 6166 6164 6186 6256 6403 6595 6808 7010 7160 7243 7255 7237 7207 7196 7172 7133 7138 7107 7072 7038 6999 6962 6936 6949 7067 7225 7348 7588 7950 8129 8256 8307 8345 8302 8194 8549 8378 8476 8413 8610 8778 8933 8981 9219 9395 9680 9945 10109 9987 10053 10198 9928 10233 10415 10035 9819 10167 10357 10247 9756 9574 9409 9460 9682 9924 10101 10184
6554 6484 6422 6376 6331 6215 6135 6089 6114 6157 6198 6226 6214 6253 6360 6508 6672 6825 6936 6990 6983 6945 6897 6876 6877 6839 6840 6828 6832 6834 6847 6844 6815 6768 6878 7093 7154 7340 7545 7752 7897 8013 8144 8092 8795 8519 8205 8062 8082 8099 8118 8215 8565 8972 9099 9209 9327 9442 9449 10110 10091 9713 9621 9016 8819 8603 8828 8939 8897 8599 8593 8506 8782 9160 9503 9673 9684
6618 6557 6599 6560 6413 6189 6114 6142 6186 6232 6280 6318 6322 6322 6358 6462 6584 6700 6783 6804 6758 6673 6597 6609 6684 6654 6641 6627 6630 6607 6624 6647 6628 6532 6596 6675 6831 7091 7253 7447 7587 7673 7749 8610 8406 8215 7933 7741 7803 7660 7593 7595 7767 8071 8464 8807 9126 9360 9928 9733 9583 9131 8601 8184 7998 7735 7916 7969 7963 7768 7880 7908 8213 8763 9205 9363 9314
6745 6703 6734 6643 6498 6353 6198 6210 6218 6281 6328 6368 6393 6372 6395 6430 6539 6643 6705 6705 6628 6515 6424 6425 6454 6387 6353 6348 6383 6332 6301 6330 6361 6232 6190 6228 6525 6658 6898 7084 7227 7292 7367 7819 7919 7716 7494 7394 7450 7338 7285 7280 7385 7570 7898 8312 8686 8907 9006 8920 8714 8300 7870 7420 7032 7154 6966 7002 7032 7149 7126 7503 8032 8640 9087 9219 9101
6841 6849 6792 6625 6489 6414 6326 6321 6231 6253 6272 6304 6325 6346 6349 6413 6508 6607 6676 6658 6564 6418 6296 6288 6276 6185 6096 6035 6035 6045 6015 5983 5912 5792 5742 5800 6072 6353 6620 6759 6882 6930 6948 7091 7211 7135 6973 6846 6895 6979 7074 7122 7155 7256 7506 7860 8241 8483 8504 8376 8299 8119 7886 7589 7189 6713 6415 6298 6318 6628 7096 7543 8147 8767 9165 9252 9063
6828 6827 6738 6532 6404 6322 6262 6236 6184 6186 6146 6144 6162 6163 6240 6339 6467 6556 6609 6606 6507 6349 6195 6155 6126 6006 5878 5778 5723 5681 5614 5560 5498 5435 5419 5509 5707 6007 6341 6525 6900 7001 6936 6835 6573 6302 6165 6253 6516 6799 7047 7174 7205 7273 7417 7747 8117 8367 8438 8321 8219 8167 8117 7948 7577 6937 6466 6347 6661 7096 7806 8209 8680 9144 9397 9408 9150
6899 6415 6478 6394 6275 6161 6088 6038 6013 5992 5973 5966 5955 5862 5989 6166 6319 6398 6448 6437 6352 6214 6055 5982 5967 5840 5684 5560 5457 5370 5273 5203 5151 5138 5186 5299 5485 5779 6067 6601 6852 6991 6869 6550 6134 5869 5765 5863 6288 6821 7192 7412 7425 7432 7493 7721 8063 8335 8434 8352 8251 8209 8190 8022 7648 7176 6867 6887 7304 7904 8515 9130 9399 9555 9677 9590 9280
5974 6060 5561 5441 5318 5242 5425 5395 5401 5422 5426 5448 5477 5523 5646 5876 6052 6148 6137 6112 6055 5956 5824 5714 5749 5633 5487 5377 5259 5142 5018 4899 4848 4873 4956 5098 5266 5545 5990 6587 6724 6832 6717 6414 5991 5676 5538 5641 6143 6766 7254 7620 7625 7552 7489 7592 7867 8048 8084 8010 8000 8037 8010 7807 7461 7144 7069 7355 8019 8806 9422 9714 9741 9732 9772 9644 9345
5430 5420 5228 5125 5018 4948 4898 4839 4797 5066 5041 5064 5091 5144 5249 5416 5599 5729 5747 5668 5642 5616 5580 5531 5537 5449 5335 5242 5128 4975 4798 4653 4536 4561 4654 4790 4930 5207 5601 6087 6422 6592 6571 6368 5993 5635 5483 5535 5835 6517 7090 7446 7492 7459 7308 7248 7335 7410 7426 7437 7521 7596 7542 7296 7023 6913 7129 7743 8669 9559 10105 10224 10069 9792 9580 9428 9254
5316 5184 5051 4935 4817 4758 4704 4664 4644 4638 4617 4784 4810 4853 4929 5020 5132 5206 5266 5277 5257 5278 5364 5370 5363 5304 5219 5139 5033 4883 4680 4467 4347 4301 4309 4419 4516 4794 5101 5514 5997 6333 6477 6355 6069 5793 5558 5496 5630 6116 6558 6993 7107 7053 6861 6702 6677 6694 6817 6940 7104 7173 7020 6757 6587 6646 7110 7946 8914 9729 10199 10296 10074 9712 9413 9218 9048
5142 5007 4882 4781 4711 4645 4584 4545 4516 4483 4459 4479 4495 4582 4634 4698 4763 4783 4846 4945 4980 5033 5107 5178 5217 5196 5144 5057 4946 4806 4627 4411 4287 4203 4144 4267 4392 4540 4751 5140 5684 6323 6500 6353 6189 6011 5660 5455 5437 5591 6013 6325 6513 6497 6310 6081 6076 6164 6374 6641 6858 6911 6750 6561 6436 6559 7057 7818 8719 9533 9954 10048 9833 9511 9229 9028 8845
4720 4631 4534 4478 4598 4553 4496 4452 4437 4404 4380 4366 4356 4373 4387 4445 4502 4557 4628 4686 4729 4782 4861 4961 5049 5064 5030 4940 4825 4700 4597 4498 4416 4372 4338 4453 4489 4531 4672 5016 5581 5874 6143 6239 6210 6088 5836 5390 5267 5285 5419 5700 5892 6014 5919 5661 5837 6019 6299 6611 6786 6788 6607 6421 6303 6430 6846 7468 8119 8635 9026 9278 9440 9264 9056 8853 8674
4612 4526 4441 4392 4407 4374 4347 4339 4345 4328 4301 4276 4255 4239 4238 4258 4288 4343 4414 4475 4527 4587 4680 4793 4920 4933 4883 4772 4677 4624 4609 4655 4787 4870 4887 4851 4712 4622 4722 5044 5363 5752 5994 6159 6112 5928 5594 5291 5179 5166 5246 5416 5546 5605 5585 5533 5624 5823 6131 6492 6672 6669 6496 6288 6150 6256 6605 7238 7745 8220 8605 8835 8955 8953 8897 8777 8568
4580 4493 4420 4357 4345 4315 4291 4277 4271 4248 4224 4190 4159 4132 4122 4118 4132 4169 4213 4261 4310 4385 4473 4581 4674 4696 4655 4584 4550 4581 4665 4814 5173 5301 5324 5182 4948 4769 4848 5079 5437 5758 5892 5945 5864 5672 5469 5213 5091 5038 5061 5138 5210 5255 5271 5305 5414 5652 5964 6284 6454 6478 6323 6061 5915 6026 6428 6910 7447 7877 8235 8516 8696 8755 8798 8701 8520
4519 4475 4393 4343 4321 4292 4263 4228 4214 4197 4180 4151 4116 4065 4046 4039 4045 4066 4087 4127 4175 4234 4304 4406 4503 4525 4500 4477 4515 4626 4823 5084 5615 5919 5750 5480 5097 4888 4946 5147 5453 5635 5691 5662 5551 5386 5224 5095 4999 4940 4924 4944 4977 5010 5047 5128 5288 5522 5825 6100 6182 6193 6007 5816 5732 5872 6209 6643 7260 7579 7901 8172 8462 8634 8658 8599 8401
4061 4416 4352 4313 4291 4259 4225 4198 4169 4174 4180 4168 4138 4061 4011 3998 3998 4009 4030 4061 4111 4169 4230 4310 4451 4501 4511 4542 4630 4797 5019 5419 6047 6092 5942 5606 5175 4957 4994 5172 5443 5545 5523 5417 5285 5170 5083 5005 4929 4873 4862 4864 4873 4885 4930 5026 5211 5382 5402 5488 5543 5525 5548 5499 5497 5607 5768 5980 6411 7026 7328 7502 8309 8533 8628 8559 8368
4062 4120 4127 4135 4151 4168 4168 4161 4174 4179 4187 4189 4177 4113 4034 3994 3979 4009 4057 4121 4187 4254 4319 4380 4450 4478 4510 4578 4716 4975 5266 5592 6184 6301 6113 5764 5235 5016 5020 5163 5374 5437 5371 5238 5125 5050 4995 4937 4886 4866 4869 4887 4891 4905 4933 4990 5078 5169 5227 5296 5355 5351 5336 5312 5352 5482 5680 5891 6233 6551 6768 7434 7759 8435 8561 8549 8353
4139 4140 4135 4138 4151 4155 4141 4158 4185 4215 4228 4230 4219 4187 4107 4039 3999 4002 4056 4118 4189 4261 4332 4385 4430 4470 4528 4627 4814 5066 5263 5871 6032 6406 6237 5924 5295 5052 5033 5129 5280 5343 5258 5132 5035 4980 4933 4897 4873 4864 4892 4905 4910 4914 4934 4963 5019 5082 5139 5169 5194 5188 5181 5189 5251 5383 5596 5842 6170 6460 6650 6839 7750 8056 8174 8424 8247
4292 4256 4233 4219 4224 4219 4183 4187 4222 4256 4301 4320 4319 4275 4162 4079 4035 4026 4049 4098 4161 4226 4290 4348 4411 4489 4588 4726 4891 5083 5298 5713 6352 6327 6164 5872 5293 5069 5022 5098 5240 5287 5180 5055 4983 4933 4898 4876 4867 4874 4897 4915 4912 4917 4921 4940 4971 5013 5040 5059 5053 5059 5068 5095 5160 5278 5468 5718 5989 6375 6559 6770 6976 7783 7637 7912 7776
4450 4394 4354 4328 4326 4309 4261 4246 4258 4306 4368 4424 4434 4401 4313 4214 4136 4084 4060 4070 4101 4169 4230 4314 4417 4543 4671 4813 4994 5183 5352 5679 6294 5963 5821 5626 5231 5072 5022 5063 5159 5186 5089 5002 4937 4901 4879 4867 4864 4872 4896 4910 4900 4893 4895 4909 4938 4956 4962 4959 4959 4955 4973 5000 5049 5139 5281 5489 5809 6154 6493 6722 6908 7128 7205 7492 7338
4483 4428 4392 4385 4380 4361 4316 4289 4294 4325 4398 4482 4505 4509 4508 4405 4278 4170 4084 4044 4063 4195 4272 4369 4477 4603 4741 4867 5005 5284 5433 5938 5942 5809 5671 5462 5195 5121 5071 5061 5094 5095 5015 4948 4906 4880 4869 4867 4867 4872 4888 4888 4870 4856 4854 4872 4894 4906 4906 4906 4904 4921 4938 4964 5003 5064 5164 5314 5536 5768 6153 6544 6652 6783 6842 6870 6765
4473 4408 4378 4364 4367 4350 4317 4302 4307 4338 4405 4503 4563 4602 4662 4576 4414 4280 4191 4159 4257 4266 4308 4391 4511 4660 4813 4940 5352 5427 5439 5390 5875 5808 5682 5549 5418 5324 5235 5116 5043 5006 4951 4908 4882 4874 4871 4873 4876 4876 4881 4877 4859 4846 4840 4842 4858 4867 4873 4884 4898 4914 4931 4954 4983 5029 5099 5202 5355 5535 5741 5991 6302 6531 6570 6556 6366
