Data/ppt/PRISM_ppt_pr_1963-1995_normal_450mM1_annual_asc.asc
ncols 557
nrows 164
xllcorner -67.31875000000
yllcorner 17.86875000000
cellsize 0.00416666667
NODATA_value -9999
[rows 96 to 127 of 164, columns 0 to 72 of 557]
-9999 -9999 -9999 -9999 -9999 -9999 -9999 -9999 -9999 -9999 -9999 -9999 -9999 -9999 -9999 -9999 -9999 -9999 -9999 -9999 -9999 -9999 -9999 -9999 -9999 -9999 -9999 -9999 -9999 -9999 -9999 134299 133874 134924 138219 142546 145637 145627 145137 145458 148892 151281 153611 155675 156867 156518 156663 157817 157789 158100 156824 158035 159055 157628 155850 155246 155870 156980 158989 160615 161223 162903 165636 167804 173808 175839 177617 180165 187236 194920 202006 209155 218398
-9999 -9999 -9999 -9999 -9999 -9999 -9999 -9999 -9999 -9999 -9999 -9999 -9999 -9999 -9999 -9999 -9999 -9999 -9999 -9999 -9999 -9999 -9999 -9999 -9999 -9999 -9999 -9999 -9999 -9999 129600 130647 130400 132205 135604 140894 143864 144174 143106 143212 147106 148714 150306 152551 154455 154455 154261 154920 156121 156226 155098 155166 156139 154917 153459 153227 153380 153511 154565 155356 155823 156357 159016 161260 167487 170802 171905 172213 173545 180935 185879 193444 201603
-9999 -9999 -9999 -9999 -9999 -9999 -9999 -9999 -9999 -9999 -9999 -9999 -9999 -9999 -9999 -9999 -9999 -9999 -9999 -9999 -9999 -9999 -9999 -9999 -9999 -9999 -9999 -9999 -9999 -9999 128687 127618 127425 129728 133324 138842 141940 142292 141731 141576 145678 147044 147481 148802 151614 152694 152035 152536 153756 154570 153155 153257 154327 153280 152237 152245 152152 152153 151480 151841 152035 152493 154635 156951 162249 166707 168663 168804 168185 169681 172932 176569 182373
-9999 -9999 -9999 -9999 -9999 -9999 -9999 -9999 -9999 -9999 -9999 -9999 -9999 -9999 -9999 -9999 -9999 -9999 -9999 -9999 -9999 -9999 -9999 -9999 -9999 -9999 -9999 -9999 -9999 -9999 -9999 124390 124755 127065 130649 135140 138493 140090 140017 140744 144555 145819 146016 146470 148916 150653 151377 151504 152565 153292 152190 152127 152610 151998 151314 150970 151047 150301 150170 149690 149887 149854 151593 153357 157201 161030 164325 164811 164001 164751 166505 168152 171502
-9999 -9999 -9999 -9999 -9999 -9999 -9999 -9999 -9999 -9999 -9999 -9999 -9999 -9999 -9999 -9999 -9999 -9999 -9999 -9999 -9999 -9999 -9999 -9999 -9999 -9999 -9999 -9999 -9999 -9999 121887 122454 122998 124659 128311 131797 135298 137468 138508 140153 143451 144761 145127 145451 147141 149338 150099 150956 151956 152547 152021 151503 151499 150996 150425 150068 149735 149567 148990 148785 148274 148065 148536 149537 151914 155258 159771 160227 160315 161890 163125 163347 163939
-9999 -9999 -9999 -9999 -9999 -9999 -9999 -9999 -9999 -9999 -9999 -9999 -9999 -9999 -9999 -9999 -9999 -9999 -9999 -9999 -9999 -9999 -9999 -9999 -9999 -9999 -9999 -9999 -9999 121330 121435 121313 121671 122804 126194 128912 132515 135142 137576 140971 143042 143720 143987 144715 146454 148018 149687 150604 151705 152459 152329 151868 151203 150585 149995 149362 148970 148589 148129 147655 147235 146716 146711 146956 148335 150788 154532 154967 155945 157978 159133 158995 158072
-9999 -9999 -9999 -9999 -9999 -9999 -9999 -9999 -9999 -9999 -9999 -9999 -9999 -9999 -9999 -9999 -9999 -9999 -9999 -9999 -9999 -9999 -9999 -9999 -9999 -9999 -9999 -9999 -9999 120493 120156 120350 120429 121650 124708 127253 130352 133062 135936 140235 141736 142239 142749 143957 145960 147814 149198 150702 151654 152652 152714 152453 151545 150408 149174 148240 147464 147091 146507 146239 146003 145530 144795 144289 144332 145688 149150 149743 150539 152895 153837 154097 153217
-9999 -9999 -9999 -9999 -9999 -9999 -9999 -9999 -9999 -9999 -9999 -9999 -9999 -9999 -9999 -9999 -9999 -9999 -9999 -9999 -9999 -9999 -9999 -9999 -9999 -9999 -9999 -9999 -9999 119389 119341 119500 120026 121028 123635 125792 128626 131298 134141 138407 140057 140634 141406 143296 145441 147421 149165 150683 151925 152704 152967 152676 151394 149657 147823 146389 145630 144967 144614 144328 144367 144132 143489 143021 142355 142395 144509 145237 145365 145867 146623 147909 148158
-9999 -9999 -9999 -9999 -9999 -9999 -9999 -9999 -9999 -9999 -9999 -9999 -9999 -9999 -9999 -9999 -9999 -9999 -9999 -9999 -9999 -9999 -9999 -9999 -9999 -9999 -9999 -9999 -9999 -9999 118896 119079 119743 120831 122746 125068 127544 129866 132316 136375 137943 138730 139901 142306 144436 146459 148755 150471 151610 152263 152359 151877 150475 148305 145858 144339 143440 142895 142450 142345 142276 142275 141786 141410 140661 139784 140100 140779 140986 140899 141495 142716 143825
-9999 -9999 -9999 -9999 -9999 -9999 -9999 -9999 -9999 -9999 -9999 -9999 -9999 -9999 -9999 -9999 -9999 -9999 -9999 -9999 -9999 -9999 -9999 -9999 -9999 -9999 -9999 -9999 -9999 -9999 118613 119003 119731 121079 122754 124825 127026 128875 130857 134144 135418 136470 137956 140995 142841 144964 147384 149301 150272 150819 150695 150093 148598 146137 143542 141816 140991 140437 140254 140216 140222 140069 139146 138701 138077 136933 136718 136396 136512 137045 138339 139481 140392
-9999 -9999 -9999 -9999 -9999 -9999 -9999 -9999 -9999 -9999 -9999 -9999 -9999 -9999 -9999 -9999 -9999 -9999 -9999 -9999 -9999 -9999 -9999 -9999 -9999 -9999 -9999 -9999 -9999 118663 118660 119067 120299 121587 123346 125295 127102 128476 130308 132307 133126 134369 135869 139344 141233 142947 145138 147006 147799 148333 147742 146697 145023 142749 140448 138815 137981 137784 137871 138099 138144 137229 135330 134456 133516 132878 133061 132760 133074 133673 135386 137008 137915
-9999 -9999 -9999 -9999 -9999 -9999 -9999 -9999 -9999 -9999 -9999 -9999 -9999 -9999 -9999 -9999 -9999 -9999 -9999 -9999 -9999 -9999 -9999 -9999 -9999 -9999 -9999 -9999 118964 118989 119204 119599 120814 122401 124336 126281 127699 128744 129905 130960 131513 132300 134143 137751 139482 140905 142537 143610 144006 144195 142555 140826 139481 138134 136451 135147 134699 135037 135526 135890 135611 134079 132732 132267 131266 130337 129806 129587 130463 131314 132811 134934 135971
-9999 -9999 -9999 -9999 -9999 -9999 -9999 -9999 -9999 -9999 -9999 -9999 -9999 -9999 -9999 -9999 -9999 -9999 -9999 -9999 -9999 -9999 -9999 -9999 -9999 -9999 -9999 118386 118875 119294 119675 120366 121641 123341 125487 127392 128395 128783 129541 129620 129749 130939 133006 136313 137872 138969 139760 139668 139551 139036 136470 134297 133209 132810 132079 131411 131608 132493 133362 134181 133885 132461 131578 131024 130161 129134 128230 127683 128333 128965 130221 132259 133141
-9999 -9999 -9999 -9999 -9999 -9999 -9999 -9999 -9999 -9999 -9999 -9999 -9999 -9999 -9999 -9999 -9999 -9999 -9999 -9999 -9999 -9999 -9999 -9999 -9999 -9999 118124 118423 118845 119395 120000 121082 122540 124432 126603 128343 129047 129200 129059 128948 129281 130871 134267 136115 136573 137126 137325 136549 135705 134052 131138 129271 128483 128688 128708 128593 129094 130674 131907 132102 131905 131059 130740 130327 129603 128606 127608 126890 126828 127367 128245 129372 129859
-9999 -9999 -9999 -9999 -9999 -9999 -9999 -9999 -9999 -9999 -9999 -9999 -9999 -9999 -9999 -9999 -9999 -9999 -9999 -9999 -9999 -9999 -9999 -9999 -9999 -9999 -9999 118862 119272 119742 120461 121719 123288 125090 127139 128765 129641 129519 129546 129211 129812 131353 134505 135403 135549 135796 135683 134847 133399 131127 128406 126865 126370 126845 127192 127012 127890 129494 130667 130532 130150 130266 130339 130100 129496 128600 127487 126618 126175 126412 126883 127203 126758
-9999 -9999 -9999 -9999 -9999 -9999 -9999 -9999 -9999 -9999 -9999 -9999 -9999 -9999 -9999 -9999 -9999 -9999 -9999 -9999 -9999 -9999 -9999 -9999 -9999 -9999 118766 119031 119482 119990 120697 122104 123617 125411 127201 128808 129473 129889 129775 130145 130933 132649 134598 135102 135116 135394 135522 134492 132840 130454 128103 126735 126517 127286 127552 127853 128413 130018 130234 130097 129856 130153 130305 130173 129752 129009 127994 126941 126251 125949 126105 125250 123533
-9999 -9999 -9999 -9999 -9999 -9999 -9999 -9999 -9999 -9999 -9999 -9999 -9999 -9999 -9999 -9999 -9999 -9999 -9999 -9999 -9999 -9999 -9999 -9999 -9999 118312 118408 118702 119466 119806 120652 121963 123603 125116 126849 128279 129204 129575 130108 130955 132842 134481 135434 135421 135761 136228 136317 135533 133705 131627 129428 128443 128434 129365 129888 130173 130988 131339 131335 130639 130631 130623 130749 130683 130513 130040 129214 128163 127134 126502 125574 123828 121196
-9999 -9999 -9999 -9999 -9999 -9999 -9999 -9999 -9999 -9999 -9999 -9999 -9999 -9999 -9999 -9999 -9999 -9999 -9999 -9999 -9999 -9999 -9999 -9999 -9999 118358 118260 118668 119424 119929 120384 121475 122868 124399 126068 127814 129004 129914 130870 132401 134582 135738 135805 136155 137104 137888 138227 137573 136243 134206 132226 131606 132081 133344 133542 133469 133886 133653 132997 132201 131721 131394 131282 131227 131207 130988 130504 129657 128698 127666 126970 124935 121854
-9999 -9999 -9999 -9999 -9999 -9999 -9999 -9999 -9999 -9999 -9999 -9999 -9999 -9999 -9999 -9999 -9999 -9999 -9999 -9999 -9999 -9999 -9999 -9999 -9999 -9999 118216 118681 119501 119919 120265 121166 122369 124115 126107 128117 129847 131260 132321 133813 135510 136181 136634 137717 139192 140083 140236 139935 138582 136866 135334 134949 135772 137141 136693 136213 135952 135533 134321 133571 132629 132170 131676 131484 131414 131397 131290 130980 130328 129372 127928 125163 123124
-9999 -9999 -9999 -9999 -9999 -9999 -9999 -9999 -9999 -9999 -9999 -9999 -9999 -9999 -9999 -9999 -9999 -9999 -9999 -9999 -9999 -9999 -9999 -9999 -9999 -9999 -9999 118760 119366 119763 120392 121267 122958 124964 127603 129868 132058 133827 134856 135684 136363 136741 137615 139255 140754 141398 141699 141145 140292 138843 137370 136620 137073 137778 137511 136897 136420 135510 134666 133765 133287 132633 132129 131380 131581 131606 131761 131950 131797 131248 130244 127821 126236
-9999 -9999 -9999 -9999 -9999 -9999 -9999 -9999 -9999 -9999 -9999 -9999 -9999 -9999 -9999 -9999 -9999 -9999 -9999 -9999 -9999 -9999 -9999 -9999 -9999 -9999 118843 119188 119589 120441 121165 122637 124548 127032 130293 132805 134963 136649 137242 137595 137092 137183 138291 139603 140747 141167 140852 140633 139656 138464 137377 136506 136432 136720 136339 135620 135248 134226 133508 133029 132598 132214 131463 131320 130969 131268 131584 132001 132241 131997 131292 129635 128571
-9999 -9999 -9999 -9999 -9999 -9999 -9999 -9999 -9999 -9999 -9999 -9999 -9999 -9999 -9999 -9999 -9999 -9999 -9999 -9999 -9999 -9999 -9999 -9999 -9999 118404 118905 119543 120315 121188 122556 124396 126645 129371 132746 135173 137323 138281 138798 138392 137384 137302 137938 138940 139457 139346 139265 138678 137928 137072 136142 135524 135094 134671 134122 133293 132511 131780 131272 131015 130564 130363 130316 129800 129858 129306 129661 130162 130615 130937 130573 129789 129375
-9999 -9999 -9999 -9999 -9999 -9999 -9999 -9999 -9999 -9999 -9999 -9999 -9999 -9999 -9999 -9999 -9999 -9999 -9999 -9999 -9999 -9999 -9999 -9999 -9999 118665 119187 119945 120502 121823 123304 125443 127972 131173 134445 136386 137491 138440 138556 138233 137179 136947 137488 137727 137944 137871 137031 136668 135902 134836 134124 133485 132597 131811 131196 130192 129427 128631 128259 127861 127487 127602 127893 128229 127793 127664 127193 127600 128073 128647 128539 128354 128571
-9999 -9999 -9999 -9999 -9999 -9999 -9999 -9999 -9999 -9999 -9999 -9999 -9999 -9999 -9999 -9999 -9999 -9999 -9999 -9999 -9999 -9999 -9999 -9999 -9999 118709 118892 119454 120145 121626 123827 126180 128673 131878 134673 135315 136108 136334 136618 136691 136342 136422 136843 137126 137194 136553 135629 134596 133624 132239 131108 130558 129671 128627 127943 127059 126103 125379 124676 124155 123760 124285 124849 125303 125635 125382 124935 124580 124698 124430 122573 122933 123491
-9999 -9999 -9999 -9999 -9999 -9999 -9999 -9999 -9999 -9999 -9999 -9999 -9999 -9999 -9999 -9999 -9999 -9999 -9999 -9999 -9999 -9999 -9999 -9999 -9999 -9999 118262 118652 119548 121529 123891 126122 128269 131043 132928 133044 132984 133215 133478 134033 134308 134945 135489 135781 135695 135217 133745 132608 131280 129748 128531 128103 127402 126254 125444 124385 123365 122612 122097 121488 120938 120635 120935 121477 121822 122131 121856 121726 121292 120777 118134 116938 116736
-9999 -9999 -9999 -9999 -9999 -9999 -9999 -9999 -9999 -9999 -9999 -9999 -9999 -9999 -9999 -9999 -9999 -9999 -9999 -9999 -9999 -9999 -9999 -9999 -9999 118379 117844 118110 119356 121140 123366 125362 127037 128730 129727 129716 129737 129889 129977 130390 130996 131579 132416 133028 132960 132489 131436 130406 128602 127078 125789 125363 124687 123474 122392 121255 120245 119710 119513 119260 118704 117991 118090 118627 119260 119462 119651 119154 118659 117499 114218 111820 111200
-9999 -9999 -9999 -9999 -9999 -9999 -9999 -9999 -9999 -9999 -9999 -9999 -9999 -9999 -9999 -9999 -9999 -9999 -9999 -9999 -9999 -9999 -9999 -9999 119110 118334 117461 117510 118723 120274 121929 123759 124651 125386 125571 125959 126095 126327 126735 126871 127070 127531 128386 129457 129402 128858 128269 127793 125868 124132 122646 121862 121220 120310 119370 118337 117534 117220 117096 117181 116766 116397 115924 116538 116859 117144 116866 116082 115011 112630 110754 108920 107795
-9999 -9999 -9999 -9999 -9999 -9999 -9999 -9999 -9999 -9999 -9999 -9999 -9999 -9999 -9999 -9999 -9999 -9999 -9999 -9999 -9999 -9999 -9999 118612 118771 118096 116872 116852 117788 118508 119386 120758 121233 121812 122011 122274 122290 122462 123341 123864 124032 124341 125429 126345 126093 125321 124670 124320 122996 121326 119951 119048 118272 117397 116777 116038 115449 115174 114988 114939 115044 114644 114187 113819 113707 113668 113118 111939 111656 109983 108385 106341 105053
-9999 -9999 -9999 -9999 -9999 -9999 -9999 -9999 -9999 -9999 -9999 -9999 -9999 -9999 -9999 -9999 -9999 -9999 -9999 -9999 -9999 -9999 -9999 -9999 118696 117761 116553 116133 116422 116636 117058 117871 117782 118307 118963 119011 118946 118930 120280 121203 121524 121885 122833 123878 123299 122275 121219 120654 120151 118879 117619 116610 115756 114824 114245 113999 113630 113229 112979 112603 112283 111721 111052 110266 109510 109220 108927 108447 108459 106857 105043 102833 101197
-9999 -9999 -9999 -9999 -9999 -9999 -9999 -9999 -9999 -9999 -9999 -9999 -9999 -9999 -9999 -9999 -9999 -9999 -9999 -9999 -9999 -9999 -9999 -9999 -9999 117087 116128 115626 115358 115412 115041 115098 114630 114741 116218 116580 116241 116444 117985 119175 119635 119358 119749 121335 121017 119750 118497 117992 118277 117205 115957 114776 113562 112499 112126 111781 111711 111778 111411 111330 111113 110598 109905 109081 108156 107206 106082 104659 103630 102705 101160 98762 96548
-9999 -9999 -9999 -9999 -9999 -9999 -9999 -9999 -9999 -9999 -9999 -9999 -9999 -9999 -9999 -9999 -9999 -9999 -9999 -9999 -9999 -9999 -9999 -9999 -9999 -9999 115576 115226 115192 114724 114115 113461 112977 112887 114721 115086 114400 114413 114963 116972 117400 117048 117389 119642 119574 118120 116345 116024 116908 116210 114837 113149 111636 111025 110731 110843 110665 110625 110608 110654 110457 109483 108828 107865 106679 106270 104722 103252 101667 100130 98061 95370 92979
-9999 -9999 -9999 -9999 -9999 -9999 -9999 -9999 -9999 -9999 -9999 -9999 -9999 -9999 -9999 -9999 -9999 -9999 -9999 -9999 -9999 -9999 -9999 -9999 -9999 -9999 -9999 -9999 -9999 -9999 113171 112511 112018 111800 114051 114046 113369 112653 112853 115681 116226 115512 116027 118595 118897 117532 116240 116086 116811 116137 114498 112626 111437 110930 111010 110909 110704 110373 110335 110100 109138 106519 105509 104155 101454 103979 102500 100993 99509 97431 95333 92964 90941
