Data/ppt/PRISM_ppt_pr_1963-1995_normal_450mM1_annual_asc.asc
ncols 557
nrows 164
xllcorner -67.31875000000
yllcorner 17.86875000000
cellsize 0.00416666667
NODATA_value -9999
[rows 32 to 63 of 164, columns 365 to 437 of 557]
158539 159004 157726 157336 157247 157287 157027 156511 156401 -9999 -9999 -9999 -9999 -9999 -9999 -9999 -9999 -9999 -9999 -9999 -9999 -9999 -9999 -9999 -9999 -9999 -9999 -9999 -9999 -9999 -9999 -9999 -9999 -9999 -9999 -9999 -9999 -9999 -9999 -9999 -9999 -9999 -9999 -9999 -9999 -9999 -9999 -9999 -9999 -9999 -9999 -9999 -9999 -9999 -9999 -9999 -9999 -9999 -9999 -9999 -9999 -9999 -9999 -9999 -9999 -9999 -9999 -9999 -9999 -9999 -9999 -9999 -9999
160197 161055 159514 158740 158083 157650 157071 156566 156377 156308 -9999 -9999 -9999 -9999 -9999 -9999 -9999 -9999 -9999 -9999 -9999 -9999 -9999 -9999 -9999 -9999 -9999 -9999 -9999 -9999 -9999 -9999 -9999 -9999 -9999 -9999 -9999 -9999 -9999 -9999 -9999 -9999 -9999 -9999 -9999 -9999 -9999 -9999 -9999 -9999 -9999 -9999 -9999 -9999 -9999 -9999 -9999 -9999 -9999 -9999 -9999 -9999 -9999 -9999 -9999 -9999 -9999 -9999 -9999 -9999 -9999 -9999 -9999
163199 164069 163255 162404 160934 159219 158086 156935 156602 -9999 -9999 -9999 -9999 -9999 -9999 -9999 -9999 -9999 -9999 -9999 -9999 -9999 -9999 -9999 -9999 -9999 -9999 -9999 -9999 -9999 -9999 -9999 -9999 -9999 -9999 -9999 -9999 -9999 -9999 -9999 -9999 -9999 -9999 -9999 -9999 -9999 -9999 -9999 -9999 -9999 -9999 -9999 -9999 -9999 -9999 -9999 -9999 -9999 -9999 -9999 -9999 -9999 -9999 -9999 -9999 -9999 -9999 -9999 -9999 -9999 -9999 -9999 -9999
166261 167089 166595 166607 166312 163362 161233 158754 157134 156998 -9999 -9999 -9999 -9999 -9999 -9999 -9999 -9999 -9999 -9999 -9999 -9999 -9999 -9999 -9999 -9999 -9999 -9999 -9999 -9999 -9999 -9999 -9999 -9999 -9999 -9999 -9999 -9999 -9999 -9999 -9999 -9999 -9999 -9999 -9999 -9999 -9999 -9999 -9999 -9999 -9999 -9999 -9999 -9999 -9999 -9999 -9999 -9999 -9999 -9999 -9999 -9999 -9999 -9999 -9999 -9999 -9999 -9999 -9999 -9999 -9999 -9999 -9999
171656 172706 171448 171881 173642 172070 167193 162713 159421 157608 157162 -9999 -9999 -9999 -9999 -9999 -9999 154601 -9999 -9999 -9999 -9999 -9999 -9999 -9999 -9999 -9999 -9999 -9999 -9999 -9999 -9999 -9999 -9999 -9999 -9999 -9999 -9999 -9999 -9999 -9999 -9999 128684 126487 -9999 -9999 -9999 -9999 -9999 -9999 -9999 -9999 -9999 -9999 -9999 -9999 -9999 -9999 -9999 -9999 -9999 -9999 -9999 -9999 -9999 -9999 -9999 -9999 -9999 -9999 -9999 -9999 -9999
177955 180162 178700 178767 182229 181531 175396 169046 163869 159959 157764 156497 155879 155383 155086 155239 154695 154735 154565 -9999 -9999 -9999 -9999 -9999 -9999 -9999 -9999 -9999 -9999 -9999 -9999 -9999 -9999 -9999 -9999 -9999 -9999 -9999 -9999 -9999 -9999 131599 128685 127564 128501 -9999 -9999 -9999 -9999 -9999 -9999 -9999 -9999 -9999 -9999 -9999 -9999 -9999 -9999 -9999 -9999 -9999 -9999 -9999 -9999 -9999 -9999 -9999 -9999 -9999 -9999 -9999 -9999
182583 187316 187421 187472 191714 192016 185928 177371 170078 163794 159282 156729 155103 154647 154740 154727 154677 154213 153976 153375 -9999 -9999 -9999 -9999 -9999 -9999 -9999 -9999 -9999 -9999 -9999 -9999 -9999 -9999 -9999 -9999 148052 -9999 -9999 -9999 135100 133378 130166 130633 131139 133939 -9999 -9999 -9999 -9999 -9999 -9999 -9999 -9999 -9999 -9999 -9999 -9999 -9999 -9999 -9999 -9999 -9999 -9999 -9999 -9999 -9999 -9999 -9999 -9999 -9999 -9999 -9999
189411 194072 194886 194771 198925 201025 195340 185092 175013 167002 161582 157745 155316 154595 153860 153483 153378 152948 152528 152105 151413 -9999 -9999 -9999 -9999 -9999 -9999 -9999 -9999 -9999 -9999 -9999 -9999 -9999 -9999 146062 147437 149077 -9999 145822 138278 135578 132638 133355 134035 135618 135617 -9999 -9999 -9999 -9999 -9999 -9999 -9999 -9999 -9999 -9999 -9999 -9999 -9999 -9999 -9999 -9999 -9999 -9999 -9999 -9999 -9999 -9999 -9999 -9999 -9999 -9999
192780 197994 201572 200855 201158 201767 198757 190951 181192 174598 169004 163888 159842 157965 156562 155539 155228 153737 152897 151887 151323 150970 151183 151455 -9999 -9999 -9999 145384 -9999 -9999 -9999 -9999 -9999 -9999 144597 144318 145103 147789 148184 144319 136563 132695 131586 133211 135554 135951 135096 -9999 -9999 -9999 -9999 -9999 -9999 -9999 -9999 -9999 -9999 -9999 -9999 -9999 -9999 -9999 -9999 -9999 -9999 -9999 -9999 -9999 -9999 -9999 -9999 -9999 -9999
194567 199740 204847 205612 203499 200829 197501 193209 186434 181124 175887 171829 167369 165024 163248 161866 160604 157273 156133 154239 152699 151270 151025 150989 149751 148684 148345 147163 145753 -9999 -9999 -9999 -9999 145308 144239 143422 143767 145301 148264 145302 137941 133730 133993 135119 136882 136706 -9999 -9999 -9999 -9999 -9999 -9999 -9999 -9999 -9999 -9999 -9999 -9999 -9999 -9999 -9999 -9999 -9999 -9999 -9999 -9999 -9999 -9999 -9999 -9999 -9999 -9999 -9999
200132 203313 206097 205853 203814 200123 193973 189342 184876 184632 183196 180073 176988 174083 170746 168518 166381 163697 163017 161598 159132 153807 152594 152000 150501 149562 148759 149006 147758 147033 146029 146141 145289 144265 143735 144354 144062 144702 148435 147983 141783 136954 136996 138638 138764 137667 -9999 -9999 -9999 -9999 -9999 -9999 -9999 -9999 -9999 -9999 -9999 -9999 -9999 -9999 -9999 -9999 -9999 -9999 -9999 -9999 -9999 -9999 -9999 -9999 -9999 -9999 -9999
210704 213277 210313 206176 203285 197669 190855 186397 183242 185349 187764 188916 186237 182644 178323 175068 171418 169147 167458 165371 163473 160585 159117 157012 154503 152871 150584 150390 149932 148328 147203 145977 145885 144678 144902 145360 146434 146298 150530 152246 148065 141045 138653 140047 139760 138494 -9999 -9999 -9999 -9999 -9999 -9999 -9999 -9999 -9999 -9999 -9999 -9999 -9999 -9999 -9999 -9999 -9999 -9999 -9999 -9999 -9999 -9999 -9999 -9999 -9999 -9999 -9999
222105 226699 222047 212928 207689 198985 190992 185824 182619 185805 192051 197309 195901 192886 187042 182187 177434 174487 171944 169368 167500 164503 162158 159975 158671 158828 156980 156892 155914 154331 152425 148542 148010 146938 146951 147672 151876 151042 154555 153541 152290 147895 142907 141944 141976 -9999 -9999 -9999 -9999 -9999 -9999 -9999 -9999 -9999 -9999 -9999 -9999 -9999 -9999 -9999 -9999 -9999 -9999 -9999 -9999 -9999 -9999 -9999 -9999 -9999 -9999 -9999 -9999
235123 241317 238398 228605 218216 206083 194520 189274 187943 190458 196967 202698 202068 200421 195609 189863 183735 179442 176473 174692 172079 168458 165391 163315 162813 163783 163998 162756 160982 159124 156945 153368 153003 152971 153367 153584 158453 155172 157809 156336 151166 144464 143580 144602 146415 -9999 -9999 -9999 -9999 -9999 -9999 -9999 -9999 -9999 -9999 -9999 -9999 -9999 -9999 -9999 -9999 -9999 -9999 -9999 -9999 -9999 -9999 -9999 -9999 -9999 -9999 -9999 -9999
243640 252649 254206 248923 235085 220358 206484 199312 198080 197503 204207 207899 205878 204385 201227 192866 184168 179199 176700 175778 174535 172584 170098 168610 167984 168855 169458 167527 165381 162821 158804 154464 155360 157950 160252 157235 160995 157143 158067 157587 154374 146840 146123 148412 -9999 -9999 -9999 -9999 -9999 -9999 -9999 -9999 -9999 -9999 -9999 -9999 -9999 -9999 -9999 -9999 -9999 -9999 -9999 -9999 -9999 -9999 -9999 -9999 -9999 -9999 -9999 -9999 -9999
252867 262707 266655 263770 254609 236596 221516 212394 210512 209757 214083 218857 213797 209252 205326 196204 187366 181596 176640 175038 175152 175739 174410 173344 173140 172627 168494 170036 169050 164999 159352 155181 157408 160467 163780 163647 160047 157399 157991 157651 154845 148383 146085 -9999 -9999 -9999 -9999 -9999 -9999 -9999 -9999 -9999 -9999 -9999 -9999 -9999 -9999 -9999 -9999 -9999 -9999 -9999 -9999 -9999 -9999 -9999 -9999 -9999 -9999 -9999 -9999 -9999 -9999
260893 272820 279385 280501 271465 258486 241570 229280 225037 223521 227578 231648 227410 221377 216871 208004 196385 191039 183769 180394 182197 183913 180997 179469 179031 178491 174449 170815 169575 167587 161014 157972 161717 164020 166758 167736 164984 158877 157073 157353 156249 153699 -9999 -9999 -9999 -9999 -9999 -9999 -9999 -9999 -9999 -9999 -9999 -9999 -9999 -9999 -9999 -9999 -9999 -9999 -9999 -9999 -9999 -9999 -9999 -9999 -9999 -9999 -9999 -9999 -9999 -9999 -9999
274542 284475 292766 298844 295273 281397 264096 251817 242113 237618 240102 242913 240910 236378 230415 221174 209684 204006 196014 193072 194607 198781 194567 192734 191082 187238 183140 175727 170798 170188 168358 165554 165652 166481 168573 169527 166736 158478 154896 155584 155334 153855 -9999 -9999 -9999 -9999 -9999 -9999 -9999 -9999 -9999 -9999 -9999 -9999 -9999 -9999 -9999 -9999 -9999 -9999 -9999 -9999 -9999 -9999 -9999 -9999 -9999 -9999 -9999 -9999 -9999 -9999 -9999
291658 299927 308608 318175 318933 311495 294045 271962 259496 251875 250132 251209 250652 247552 242418 233276 224187 218458 211116 209946 212784 215661 213228 208644 206569 199352 194223 184684 176138 168410 172142 170555 168843 168066 168493 168514 166585 161169 154819 154760 154842 153366 152763 -9999 -9999 -9999 -9999 -9999 -9999 -9999 -9999 -9999 -9999 -9999 -9999 -9999 -9999 -9999 -9999 -9999 -9999 -9999 -9999 -9999 -9999 -9999 -9999 -9999 -9999 -9999 -9999 -9999 -9999
316886 321943 330618 338726 339305 332788 320811 300176 275408 261721 257543 257529 257811 255867 250645 242709 236344 232846 228363 227751 231312 233850 231769 225331 220999 211875 201914 191030 180389 172485 166710 169568 170429 169009 167415 166235 164284 160051 155098 154778 154922 153737 153006 -9999 -9999 -9999 -9999 -9999 -9999 -9999 -9999 -9999 -9999 -9999 -9999 -9999 -9999 -9999 -9999 -9999 -9999 -9999 -9999 -9999 -9999 -9999 -9999 -9999 -9999 -9999 -9999 -9999 -9999
350563 354931 359416 362971 360365 352073 338638 320517 288777 272189 265670 263412 262565 261001 256804 250373 245607 242483 240655 240625 243864 245597 243924 241063 234102 223810 212086 200225 187071 175567 166869 166070 169690 167989 165395 163210 161357 159072 156787 156240 155506 154031 153257 -9999 -9999 -9999 -9999 -9999 -9999 -9999 -9999 -9999 -9999 -9999 -9999 -9999 -9999 -9999 -9999 -9999 -9999 -9999 -9999 -9999 -9999 -9999 -9999 -9999 -9999 -9999 -9999 -9999 -9999
382930 385402 386673 386124 380325 369120 352692 333470 308847 283761 273533 269069 267555 265414 261892 257506 253439 251185 249944 248398 249216 249498 249207 246120 237522 226202 214074 204148 192777 180086 170020 169389 169510 166170 162844 160720 159028 158023 157481 156889 155607 154361 -9999 -9999 -9999 -9999 -9999 -9999 -9999 -9999 -9999 -9999 -9999 -9999 -9999 -9999 -9999 -9999 -9999 -9999 -9999 -9999 -9999 -9999 -9999 -9999 -9999 -9999 -9999 -9999 -9999 -9999 -9999
411472 412128 409955 405110 395273 380560 361683 342074 322520 299110 284003 277933 275675 272782 267823 262971 258665 257114 256909 257003 257925 257297 256893 252101 239936 226315 216090 208252 196902 185145 174846 171592 167624 163412 161405 159227 158141 157620 157251 156690 155495 154066 -9999 -9999 -9999 -9999 -9999 -9999 -9999 -9999 -9999 -9999 -9999 -9999 -9999 -9999 -9999 -9999 -9999 -9999 -9999 -9999 -9999 -9999 -9999 -9999 -9999 -9999 -9999 -9999 -9999 -9999 -9999
438504 435349 426559 415706 402637 385063 365321 346279 329412 314799 301734 294631 289526 285368 279644 273528 269093 267096 265901 265317 266609 266640 262780 253783 237984 222782 219084 212599 200555 188082 178872 174840 167813 160899 159506 158825 157964 157527 156949 156242 154995 153882 -9999 -9999 -9999 -9999 -9999 -9999 -9999 -9999 -9999 -9999 -9999 -9999 -9999 -9999 -9999 -9999 -9999 -9999 -9999 -9999 -9999 -9999 -9999 -9999 -9999 -9999 -9999 -9999 -9999 -9999 -9999
454084 449162 437583 420355 403100 384166 364458 347981 334790 327214 323759 317872 309480 303591 294897 287281 281709 279399 278544 276089 274041 270903 265445 253033 240748 227001 219227 211138 200699 188944 179488 174204 167370 161792 160093 158788 158525 158164 156757 155941 155001 153237 151809 -9999 -9999 -9999 -9999 -9999 -9999 -9999 -9999 -9999 -9999 -9999 -9999 -9999 -9999 -9999 -9999 -9999 -9999 -9999 -9999 -9999 -9999 -9999 -9999 -9999 -9999 -9999 -9999 -9999 -9999
458530 450767 437070 420264 402033 382940 364453 349369 337903 334583 338594 340081 339910 328345 316569 306656 298058 292531 289227 284840 278928 273228 265920 246363 235330 223254 214525 202547 192821 185565 176032 170912 166032 162543 160438 159434 159724 158894 157408 155821 154760 152690 150676 149182 -9999 -9999 -9999 -9999 -9999 -9999 -9999 -9999 -9999 -9999 -9999 -9999 -9999 -9999 -9999 -9999 -9999 -9999 -9999 -9999 -9999 -9999 -9999 -9999 -9999 -9999 -9999 -9999 -9999
456622 447905 433099 415971 397789 380981 365367 350410 338845 337350 344289 348409 352581 352103 341814 325202 315098 306624 298566 291373 282764 272924 261845 235019 227828 217163 203688 196337 187991 181398 173108 168857 165770 163270 161016 159963 159828 158642 157099 155720 154388 152038 149653 148415 -9999 -9999 -9999 -9999 -9999 -9999 -9999 -9999 -9999 -9999 -9999 -9999 -9999 -9999 -9999 -9999 -9999 -9999 -9999 -9999 -9999 -9999 -9999 -9999 -9999 -9999 -9999 -9999 -9999
447875 439765 426331 411312 396276 382052 367780 352615 341020 337495 343282 349263 355483 359088 357464 347921 331158 317651 305465 295909 289302 276079 257879 238059 225520 215117 202420 192838 187591 181509 175659 172391 169538 166599 163130 161357 159755 157075 156900 155189 153364 150829 148502 147222 -9999 -9999 -9999 -9999 -9999 -9999 -9999 -9999 -9999 -9999 -9999 -9999 -9999 -9999 -9999 -9999 -9999 -9999 -9999 -9999 -9999 -9999 -9999 -9999 -9999 -9999 -9999 -9999 -9999
436551 429907 418762 406427 395130 384338 372232 357326 346734 341502 344019 346765 352420 356999 358320 352410 341405 323702 306584 292800 292235 271025 254762 241116 224179 210422 201174 194697 191401 187356 184356 181007 176936 171939 166098 162366 157570 155789 156466 153992 151764 148496 146632 146372 -9999 -9999 -9999 -9999 -9999 -9999 -9999 -9999 -9999 -9999 -9999 -9999 -9999 -9999 -9999 -9999 -9999 -9999 -9999 -9999 -9999 -9999 -9999 -9999 -9999 -9999 -9999 -9999 -9999
423098 418365 411658 403429 395496 388924 381800 372097 359967 350275 346698 345246 345457 348406 349024 346584 338639 321423 303997 287473 275155 259683 248807 234987 220475 208274 204164 202585 201297 200650 196901 193068 185903 176586 169513 164893 160209 156304 152836 150979 149600 146406 145779 -9999 -9999 -9999 -9999 -9999 -9999 -9999 -9999 -9999 -9999 -9999 -9999 -9999 -9999 -9999 -9999 -9999 -9999 -9999 -9999 -9999 -9999 -9999 -9999 -9999 -9999 -9999 -9999 -9999 -9999
411665 407329 404052 399793 396552 393136 390725 386251 373820 360748 352640 345124 342594 340668 337643 334113 327142 312991 297118 281505 267497 257017 241673 226231 219842 215776 213545 214738 214002 215114 210486 201404 190322 180866 172055 165337 158962 152326 147130 145919 145718 144062 -9999 -9999 -9999 -9999 -9999 -9999 -9999 -9999 -9999 -9999 -9999 -9999 -9999 -9999 -9999 -9999 -9999 -9999 -9999 -9999 -9999 -9999 -9999 -9999 -9999 -9999 -9999 -9999 -9999 -9999 -9999
400314 397416 396050 396565 396066 397638 399533 401250 399010 380414 365153 350838 341038 335858 328222 321206 312881 298691 285808 273813 262232 251520 237349 224953 223937 226411 225565 225090 228414 231643 224020 209942 196227 184656 174007 164586 155630 147262 143718 140626 140669 140917 140022 -9999 -9999 -9999 -9999 -9999 -9999 -9999 -9999 -9999 -9999 -9999 -9999 -9999 -9999 -9999 -9999 -9999 -9999 -9999 -9999 -9999 -9999 -9999 -9999 -9999 -9999 -9999 -9999 -9999 -9999
