Data/ppt/PRISM_ppt_pr_1963-1995_normal_450mM1_09_asc.asc
ncols 557
nrows 164
xllcorner -67.31875000000
yllcorner 17.86875000000
cellsize 0.00416666667
NODATA_value -9999
[rows 68 to 101 of 164, columns 77 to 153 of 557]
30416 30626 30700 30786 29862 29211 28942 29014 28421 28569 28428 28184 28478 28720 28648 28443 28140 26868 27411 27479 27369 27444 27657 27811 28338 28787 29320 29725 29771 29793 29826 29918 30038 30216 30362 30401 30373 30203 30130 30044 30028 30002 30054 30099 30115 30253 30171 30119 30037 29960 30284 29369 29271 28742 27811 27560 27592 27637 27596 27455 27125 26596 26296 25927 25595 25279 25023 24885 24831 24853 24909 24987 25093 25276 25582 25982 26573
31071 31351 31042 31193 31062 30328 29158 28612 27607 27660 27536 27509 28456 28791 28458 27340 27406 28088 27917 27851 27676 27495 27455 27349 27589 28152 28512 29224 29391 29432 29705 29829 29933 30186 30376 30459 30405 30343 30126 30195 30125 30107 30111 30123 30179 30197 30234 30162 29985 29717 29529 28983 28814 28367 27886 27775 27791 27869 27756 27452 27064 26617 26209 25827 25452 25174 24994 24905 24915 24978 25058 25120 25173 25249 25422 25689 26033
31555 31662 30475 30217 30104 29632 28977 27990 27752 27743 27798 27619 28559 28671 27298 27056 27033 27310 27613 27882 27690 27158 27031 26913 27124 27618 27777 27993 28213 28666 29231 29592 29823 30012 30337 30415 30396 30339 30345 30303 30119 30100 30140 30243 30428 30443 30487 30246 29919 29710 29366 29043 28694 28294 27982 27976 28074 28093 27968 27518 27018 26527 26178 25780 25423 25179 25030 24978 25017 25112 25211 25283 25305 25313 25380 25531 25754
31555 30614 30148 29939 29681 29462 29538 28493 28464 28419 29547 29244 28965 28705 28115 27494 27267 27167 27101 27571 27599 27096 26971 26777 26772 27041 27405 27435 27631 27952 28077 29054 29379 29715 30099 30392 30433 30353 30391 30379 30047 30026 29993 29952 30586 30816 30856 30401 29490 29266 29104 28926 29079 28823 28463 28396 28384 28460 28167 27662 26998 26555 26170 25849 25502 25259 25120 25071 25114 25218 25330 25427 25450 25447 25443 25512 25637
31648 30774 30309 29826 28701 28471 29958 30048 29950 30130 30152 29687 29251 28897 28628 28227 28046 27894 27656 27630 27528 27351 27296 26922 26707 26702 26863 26755 26849 26835 26586 27183 27777 28577 29333 30187 30351 30274 30312 30557 30590 30879 31085 31166 31283 31272 31187 30796 29763 29369 28888 28818 29114 29304 29174 29074 28905 28737 28472 27862 27215 26623 26322 26019 25703 25437 25254 25198 25228 25319 25439 25557 25625 25618 25626 25615 25688
31135 31061 30827 30802 30360 28745 28851 29365 29784 30864 30785 30223 29722 29314 28843 28467 28324 28133 27721 27424 27240 27127 27207 27106 27053 26873 26459 26282 26374 26353 26235 26334 26375 26819 26958 29253 29631 29704 30301 30664 30848 31201 31461 31669 31649 31500 31415 30774 30095 29522 28759 28901 29357 29501 29628 29652 29488 29264 28799 28251 27543 26912 26535 26290 25968 25660 25465 25371 25406 25496 25625 25746 25837 25884 25865 25853 25866
31066 31174 30717 30546 29269 29038 29527 31002 30963 31312 31157 30742 30297 29833 29088 28685 28431 28181 27674 27345 27165 27076 27002 27101 27152 27170 26476 26200 26167 26159 26174 26119 26053 26254 26415 26822 27197 28026 30194 30665 30775 31016 31426 31635 31667 31690 31226 30354 30400 29836 29092 29190 29310 29619 29812 29956 29978 29732 29281 28721 28092 27378 26935 26598 26285 25948 25728 25654 25692 25810 25942 26059 26147 26203 26210 26180 26180
31559 31588 31142 30668 29505 29595 30205 31622 31634 31555 31266 30804 30326 29782 29186 28791 28633 28333 27876 27586 27369 27169 27067 26975 26961 26939 26573 26368 26248 26242 26163 26069 26057 26043 26156 26301 26527 26910 29076 29421 29889 30343 30899 31263 31345 31327 29846 29903 30304 29986 29994 29679 29471 29542 29817 30055 30133 30073 29694 29206 28678 28031 27413 26969 26532 26235 26019 25961 26025 26200 26356 26451 26527 26549 26541 26493 26469
31856 31570 31142 30231 30050 30741 31855 32140 31912 31617 31204 30751 30245 29817 29335 29110 28860 28616 28369 28036 27700 27455 27264 27132 27008 26880 26737 26608 26513 26401 26331 26114 26073 26103 26122 26193 26300 26508 26946 27227 27854 28697 29650 30424 30518 30877 29957 29666 29795 28969 28922 28962 29162 29550 29853 29924 30096 30154 29993 29585 29262 28810 28082 27354 26781 26401 26273 26178 26297 26483 26680 26816 26982 26933 26844 26758 26706
31905 31748 31536 30925 30963 32072 32510 32421 32050 31631 31148 30709 30286 29907 29565 29233 28935 28704 28451 28336 28171 27952 27679 27491 27264 26995 26793 26636 26623 26604 26433 26300 26267 26260 26276 26281 26348 26478 26678 26903 27241 27594 28029 28985 29477 30399 29633 28855 28825 28603 28683 28783 29116 29480 29797 29868 29965 30266 30144 29979 29663 29422 28803 27918 27036 26578 26429 26414 26473 26692 26912 27191 27476 27456 27279 27092 26956
31709 31713 30868 32565 32698 32881 32852 32546 32102 31637 31149 30745 30419 30018 29616 29185 28828 28573 28514 28495 28696 28632 28319 27999 27667 27196 26756 26583 26561 26525 26552 26440 26474 26519 26546 26564 26543 26586 26671 26822 27072 27329 27577 27915 28275 28627 28615 28444 28531 28597 28677 28817 29008 29314 29578 29681 29976 30377 30488 30327 30210 29997 29469 28454 27401 26728 26547 26570 26678 26882 27192 27451 27858 27900 27792 27551 27380
31582 31776 32888 33266 33244 33149 32935 32581 32139 31695 31247 30957 30586 30125 29609 29078 28758 28629 28615 28753 28954 29118 28980 28646 28208 27552 26861 26444 26340 26390 26429 26509 26658 26793 26924 26885 26856 26823 26815 26913 27074 27325 27553 27697 27918 28058 28154 28289 28442 28545 28704 28875 29134 29412 29667 29809 29890 30253 30792 30906 30685 30347 29640 28626 27629 26905 26788 26871 27007 27246 27545 27827 28128 28366 28377 28216 27955
31633 31784 32205 33323 33453 33259 32980 32604 32246 31867 31515 31244 30918 30276 29797 29314 28983 28838 28856 28915 29087 29156 29152 28830 28298 27680 26915 26414 26239 26329 26432 26575 26816 27130 27237 27284 27157 27092 27091 27065 27222 27418 27602 27750 27830 27904 28020 28177 28335 28515 28710 28969 29231 29619 29924 30117 30194 30339 30999 31127 30926 30413 29513 28569 27814 27302 27212 27279 27479 27793 27991 28102 28393 28607 28688 28657 28461
32413 32583 33682 33865 33637 33362 33001 32688 32426 32185 31844 31596 31072 30359 29934 29740 29475 29241 29236 29170 29168 29162 29061 28739 28106 27411 26759 26395 26327 26408 26480 26613 26898 27184 27498 27552 27558 27486 27366 27354 27389 27578 27720 27800 27840 27851 27948 28073 28257 28449 28730 29009 29335 29775 30186 30573 30923 31125 31352 31336 31043 30468 29490 28633 28110 27810 27669 27722 27875 28169 28331 28427 28610 28804 28895 28901 28871
34090 34068 34281 34120 33864 33541 33157 32823 32684 32491 32277 31837 31294 30561 30318 30231 30245 30075 29930 29565 29356 29255 29084 28624 28085 27415 26687 26362 26231 26266 26403 26679 26983 27273 27496 27716 27751 27692 27610 27509 27620 27751 27878 27917 27914 27887 27919 28056 28239 28435 28704 29118 29378 29793 30216 30602 31052 31449 31559 31420 31077 30474 29510 28796 28425 28247 28157 28140 28272 28475 28587 28625 28818 28919 29027 29140 29206
34936 34819 34559 34405 34156 33813 33397 33071 32900 32806 32547 32205 31607 31067 30772 30728 30745 30812 30754 30109 29892 29719 29547 28785 28151 27537 26969 26584 26399 26325 26451 26823 27084 27392 27626 27756 27802 27718 27571 27556 27641 27843 28015 28093 28062 27999 27982 28072 28234 28425 28753 29168 29407 29816 30229 30507 30931 31501 31632 31461 31067 30416 29627 29081 28849 28709 28552 28500 28518 28602 28679 28685 28863 29051 29208 29415 29651
35000 35182 35007 34661 34418 34089 33683 33313 33118 32962 32810 32397 31957 31516 31186 30954 30832 30801 30766 30470 30346 30005 29490 28699 28121 27572 27098 26774 26560 26504 26754 26933 27207 27468 27703 27816 27810 27695 27550 27508 27619 27836 28080 28218 28247 28161 28084 28106 28252 28387 28554 28925 29273 29791 30153 30478 30764 31495 31516 31389 30945 30303 29699 29387 29322 29185 29073 28927 28820 28694 28619 28701 28874 28991 29252 29701 30019
34798 35226 35247 35046 34720 34367 33983 33611 33352 33183 32989 32727 32331 31988 31679 31296 30934 30665 30466 30399 30364 30005 29413 28630 27980 27418 26971 26646 26574 26642 26864 27037 27186 27515 27729 27833 27821 27698 27564 27551 27651 27846 28133 28327 28390 28357 28247 28206 28277 28379 28482 28680 28984 29381 29789 30228 30583 30949 31069 31019 30696 30173 29805 29683 29764 29818 29676 29535 29236 28767 28496 28408 28492 28579 28860 29481 29891
34382 34753 35144 35221 35042 34671 34252 33860 33588 33398 33220 33000 32676 32378 32079 31684 31282 30828 30426 30247 30191 29897 29311 28583 27829 27161 26673 26442 26405 26498 26684 26914 27183 27500 27754 27894 27904 27780 27669 27657 27766 27964 28218 28427 28533 28520 28430 28362 28395 28495 28548 28721 28883 29114 29512 29967 30320 30630 30644 30583 30251 29952 29761 29885 30231 30490 30404 30213 29929 29441 28908 28591 28421 28403 28606 28977 29289
34406 34758 35002 35222 35124 34835 34459 34094 33799 33598 33350 33238 32960 32669 32359 31980 31590 31086 30508 30077 29850 29587 29191 28598 27890 27063 26524 26264 26260 26365 26602 26908 27197 27495 27789 28011 28069 27995 27878 27846 27918 28095 28323 28542 28663 28653 28582 28551 28567 28681 28797 28955 29042 29147 29437 29772 30087 30380 30480 30290 29984 29714 29665 29783 30107 30452 30538 30480 30263 29843 29357 28945 28641 28488 28554 28749 28953
34778 35001 35197 35284 35247 35011 34665 34296 34044 33782 33613 33498 33300 33021 32574 32151 31771 31213 30532 29974 29570 29263 28879 28496 27969 27102 26518 26223 26138 26190 26377 26696 26942 27331 27737 28063 28204 28165 28075 27986 28052 28159 28413 28625 28752 28740 28666 28610 28672 28716 29024 29214 29270 29312 29556 29770 30037 30346 30476 30308 29995 29756 29649 29775 30082 30415 30674 30826 30654 30364 30023 29516 29058 28789 28725 28814 28992
35342 35534 35513 35554 35469 35245 34858 34524 34256 34015 33793 33731 33579 33278 32828 32370 31953 31186 30475 29888 29232 28774 28362 27953 27640 27139 26714 26407 26204 26147 26208 26366 26663 27092 27616 28065 28282 28344 28246 28228 28239 28390 28557 28798 28819 28812 28739 28845 28837 28948 29262 29529 29505 29456 29628 29868 30116 30464 30621 30467 30149 29852 29710 29794 30035 30424 30802 30961 31048 30818 30800 30170 29656 29234 29094 29060 29398
35903 35969 36015 35866 35747 35467 35107 34707 34392 34058 33776 33622 33495 33320 33018 32696 32331 31483 30733 29919 28831 28325 27923 27653 27389 27124 26834 26613 26420 26231 26143 26198 26433 26968 27621 28183 28543 28659 28637 28615 28642 28729 28929 29044 29086 29007 28965 29092 29158 29154 29499 29687 29707 29667 29803 30017 30283 30624 30788 30649 30296 29894 29665 29645 29847 30164 30486 30777 30841 30821 30966 30552 30145 29847 29545 29632 30117
36219 36423 36388 36156 35901 35599 35140 34719 34347 34005 33731 33542 33385 33177 32915 32746 32497 31932 31385 30438 29146 28225 27746 27489 27330 27186 27004 26842 26677 26489 26328 26234 26490 27009 27665 28276 28731 28970 29093 29136 29175 29238 29451 29665 29744 29780 29691 29673 29652 29624 29824 29888 29922 29918 29933 30156 30385 30658 30827 30724 30328 29942 29622 29524 29561 29690 29790 29932 30260 30593 30985 30762 30446 30210 30209 30407 30631
36385 36572 36508 36058 35679 35235 34682 34306 34107 33934 33844 33790 33606 33275 33006 32796 32578 32092 31415 30264 29220 28343 27776 27528 27455 27365 27246 27112 26954 26781 26581 26527 26783 27315 27700 28229 28700 29103 29362 29529 29625 29745 29930 30188 30381 30438 30363 30206 30127 30109 30162 30165 30166 30103 30038 30146 30311 30481 30571 30437 30119 29743 29611 29391 29275 29187 29232 29173 29439 29857 30270 30549 30557 30631 30775 30959 30721
36113 36143 35996 35198 34706 34314 34013 33878 33872 33852 33946 33978 33922 33651 33452 33217 32929 32119 31199 30100 29182 28355 27827 27660 27624 27588 27534 27427 27264 27079 26874 26862 27225 27672 27978 28432 28912 29178 29516 29819 29980 30175 30413 30680 30905 30980 30893 30732 30585 30541 30541 30518 30473 30354 30204 30181 30176 30134 30043 29831 29406 28997 29115 28936 28612 28598 28838 29122 29058 29290 29552 30034 30517 30828 30975 30896 30546
35417 35277 35002 34500 34228 33979 33881 33918 33983 34044 34055 34113 34065 33996 33889 33783 33492 32638 31436 30183 29142 28275 27881 27769 27782 27810 27802 27735 27590 27371 27143 27010 27208 27701 28306 29045 29403 29539 29807 30085 30343 30510 30815 31207 31470 31532 31440 31241 31073 30956 30961 30922 30855 30743 30508 30291 30034 29728 29405 29020 28554 27922 27640 27684 27522 27661 27863 28689 28632 28973 29332 29765 30211 30311 30382 30446 30320
34664 34744 34625 34433 34282 34224 34204 34287 34401 34405 34402 34369 34279 34197 33941 33739 33585 33446 32444 30699 29299 28345 27917 27857 27878 27921 27959 27931 27826 27658 27442 27280 27283 27584 28243 29054 29652 30011 30324 30517 30639 30767 31059 31508 31861 31972 31881 31720 31536 31422 31424 31417 31280 31137 30840 30437 29892 29402 28898 28398 27864 27311 26895 26767 26830 27009 27375 28089 28215 28677 29096 29528 29945 29956 30058 30149 30360
34132 34317 34428 34412 34497 34490 34554 34630 34728 34691 34563 34465 34282 34074 33367 32728 32253 31906 31328 30289 29554 29382 28365 28041 27955 27920 27947 27952 27907 27822 27701 27604 27569 27756 28233 28887 29455 29991 30428 30792 30967 31088 31328 31718 32070 32207 32222 32113 31928 31839 31824 31820 31693 31494 31192 30689 29961 29258 28628 28035 27537 27152 27014 27037 27202 27299 27513 27887 28123 28712 29288 29747 29912 30107 30108 30252 30516
33433 33765 34003 34272 34403 34431 34466 34589 34470 34352 34027 33731 33433 32962 32600 32306 32003 31843 31572 30630 29187 29075 29063 28551 27951 27745 27719 27736 27832 27859 27901 27818 27902 28097 28538 29035 29472 29886 30342 30735 31077 31310 31569 31865 32113 32329 32416 32359 32196 32063 32055 32035 31928 31735 31416 30870 29966 29288 28648 28150 27675 27426 27179 27257 27421 27640 27790 28205 28752 29580 30223 30120 30335 30442 30350 30144 30166
32783 33061 33550 33955 34207 34170 34072 34077 33911 33703 33469 33259 32970 32482 32397 32167 32013 31905 31745 31056 30505 29136 29068 28768 27643 27392 27390 27483 27594 27826 27938 27967 28278 28541 28939 29350 29588 29937 30179 30520 30956 31290 31576 31803 31949 32114 32212 32224 32105 32001 31938 31894 31722 31570 31315 30791 30040 29468 29022 28546 28071 27701 27616 27633 28166 29022 29366 29686 30255 31098 31316 29979 30247 30220 29885 29570 29379
33034 33339 33477 33724 33863 33756 33609 33418 33281 33092 32968 32694 32485 32033 32000 31918 31847 31656 31478 30234 30057 29750 29732 29297 28619 28348 27882 27505 27627 27619 27772 28037 28916 29012 29243 29455 29722 29962 30078 30295 30679 31012 31250 31514 31470 31682 31688 31680 31581 31483 31199 31131 30946 30894 30757 30304 30033 29541 29184 28873 28489 28298 28377 28975 30245 31093 31292 31426 31791 32233 30838 30213 30014 29710 29448 29225 29112
31231 31894 32371 32750 33164 33387 33511 33339 33065 32907 32691 32541 32832 32022 31330 31117 31142 31130 31027 30911 30364 30439 31749 30285 29669 29568 29365 27971 29506 28178 28055 28756 28859 28785 28735 29089 29383 29769 29965 30103 30384 30450 30382 30739 30453 30942 30993 30907 30749 30452 29585 29861 30224 30432 30456 29859 29842 29193 29286 29240 29154 29126 29411 30145 31202 31811 31999 32158 32475 32790 31425 30835 30440 30040 29703 29404 29163
26793 27400 29580 30139 31433 31940 32405 32676 32805 32977 32850 32691 32302 30007 28753 28793 29353 31277 31137 31358 32115 31699 30579 29794 29359 29462 29368 29066 28669 28245 27156 29847 29379 28746 28076 28698 29163 29482 29552 29714 29990 30196 30130 30295 30204 30502 30398 30090 29571 29172 28812 28820 28938 29360 29790 29686 29907 29701 29821 29825 29864 29996 30019 30504 31100 31521 31770 31861 32062 32259 31827 31418 31212 30803 30387 29907 29517
