Data/ppt/PRISM_ppt_pr_1963-1995_normal_450mM1_annual_asc.asc
ncols 557
nrows 164
xllcorner -67.31875000000
yllcorner 17.86875000000
cellsize 0.00416666667
NODATA_value -9999
[rows 128 to 159 of 164, columns 219 to 291 of 557]
87844 87291 86534 85809 85651 86307 86635 87009 87665 88753 90802 94426 95762 100726 102135 102181 102557 102779 103993 104815 105208 104703 104259 103696 102887 99256 99379 98994 99545 100106 100316 100312 99201 98108 99478 100060 101251 102564 104262 106410 109086 112170 115399 117083 118484 120275 122961 126912 130798 134395 137869 141854 145456 148989 151181 152781 155624 155823 155519 156006 156798 158308 160169 161587 163103 162530 160196 155366 151374 149748 150508 154784 162497
86305 85959 85355 84889 85146 85725 86267 86482 87186 88102 89289 91106 92578 94534 96369 97950 100695 102019 103865 105106 105844 105791 105151 104524 103857 102660 102227 99709 99051 99582 100028 100421 100352 100222 101129 101193 101523 102724 104075 105751 107732 110026 113030 115277 117947 120193 123161 126638 130189 133543 136895 140598 143517 145624 146421 145756 146694 150020 151595 153055 154820 156919 158062 159657 160894 160051 157713 153321 149654 148289 148753 151560 157074
85029 84773 84410 84408 84783 85665 85852 86354 86820 87442 88351 89300 90788 92259 93603 94795 96346 98117 101748 103495 104620 105074 104677 103970 103214 102748 102572 101559 99794 99093 99570 100071 100500 101144 102176 102438 102714 103422 104609 105933 107286 109622 112545 115384 118338 121021 124213 127210 129667 133166 137379 140798 142906 143761 143689 142131 142721 145858 149230 152386 155030 157571 158309 158660 159095 157756 155531 151585 147917 145967 145976 147057 149103
83778 83618 83319 83681 84754 85342 85821 85917 86316 86725 87199 87992 89170 90353 91699 93343 95036 96735 98888 100144 101655 103311 103909 102969 102329 101826 101506 101457 100562 99573 99809 99991 100517 101218 102452 103578 104505 106055 107234 108205 109342 112940 115802 118066 120478 123589 127313 130416 130849 132957 137925 141824 144253 145331 145122 141669 140548 141248 146873 151329 155162 159068 158788 158350 156797 154262 151326 148221 145138 142882 142048 141989 142269
82283 82297 82413 82861 83941 84694 84883 85087 85323 85588 86134 86744 87797 89062 90454 92476 94270 96052 97930 99765 101417 102745 103172 102168 101474 100467 100511 100534 100721 100529 100919 100930 101105 101730 102718 104215 105956 107945 109288 110163 110870 113177 115352 117406 119798 123019 126362 129184 130345 132624 136246 138569 139824 140393 140227 138850 138321 139071 142519 145270 148685 154414 155722 154771 151925 149336 146048 143635 141061 139281 138445 137950 137493
81225 81558 81676 82339 83324 83784 84067 84325 84578 85001 85448 86135 87231 88473 89746 91276 92650 94067 95514 96960 98558 99739 100614 100385 99979 98257 98591 98830 99500 100009 100767 101188 101801 102355 103534 104839 106244 107492 108228 109099 109681 110958 112176 113629 115572 117966 121147 123938 126954 129726 132156 133155 133575 134102 134346 134016 134307 135087 137149 140316 144320 147154 149404 148762 146361 144199 140924 138759 137094 136120 135291 134730 133794
80572 80930 81293 81852 82741 83257 83509 83917 84215 84618 85149 85863 86763 87838 88917 90007 91124 92307 93387 94293 95321 96718 97510 97797 98104 97331 96865 96830 97778 98617 99498 100546 101524 102324 103389 104523 105359 105859 106550 107049 107534 108004 108676 109528 110927 112797 115286 117826 120734 123453 125457 126524 127009 127501 127388 127458 128032 129939 132937 135589 137499 138926 140519 141907 140853 139044 136744 134871 133717 132984 132679 131967 130952
80210 80551 80907 81487 82228 82757 83178 83522 83881 84145 84659 85278 85967 86778 87625 88474 89463 90495 91394 92118 92992 94649 95316 95634 95976 96496 95998 96182 96685 97173 98139 99289 100426 101665 102820 103693 104259 104664 104951 105195 105180 105190 105468 106020 107019 108326 110178 112301 114571 116745 118477 119760 120771 122297 121824 122015 122810 124526 127123 129614 131696 133730 134986 136651 136591 134824 132249 130693 129793 129206 128863 128035 126726
80033 80402 80781 81303 81975 82345 82563 82952 83180 83453 84038 84588 85218 85879 86532 87298 88143 89114 89889 90532 91181 92326 92887 93595 94207 94738 95418 95728 96178 96783 97356 98243 99577 100629 101790 102464 103028 103170 103311 103277 102984 102676 102348 102397 103129 104305 105491 107237 108918 110714 112122 113712 114762 115799 116632 117483 118518 120270 122576 124125 126126 130484 131765 132370 131526 130247 128774 127834 127150 126281 125287 124056 122974
79870 80243 80761 81099 81569 81816 81908 82006 82174 82655 83066 83680 84194 84818 85460 86137 86948 87727 88479 89097 89646 90323 91003 92026 92930 93624 94301 95000 95901 96443 97066 97911 98818 99873 100518 101065 101579 101785 101906 101825 101605 101004 100401 99944 99975 100378 101097 102622 103715 105204 106450 108045 109293 110591 111746 112773 114078 115642 117583 119330 120988 123473 125074 126356 126529 126207 125592 125143 124447 123429 122033 120658 119583
79630 80126 80281 80721 80999 81171 81168 81220 81429 81642 82181 82579 83084 83798 84442 85149 85926 86665 87344 88018 88591 89249 89761 90955 91774 92752 93380 94108 94898 95779 96644 97250 98351 98973 99464 99889 100282 100598 100787 100956 100766 100268 99297 98485 97836 97664 97994 98825 99659 100916 101985 103405 104778 106665 107991 108998 110462 111990 113492 114925 116390 118163 119854 121613 122588 122541 122440 122051 121112 119972 118471 117063 115937
79131 79271 79679 79893 80174 80384 80466 80582 80691 81208 81393 82054 82664 83365 83759 84800 85423 86408 86955 87627 88421 88960 89678 90241 91260 92008 92820 93230 94001 94804 95544 96494 97186 97822 98271 98654 99016 99342 99911 100310 100562 100094 99082 97783 96760 96121 96052 96370 96800 97572 98420 99721 101281 103004 104510 105535 107065 108743 109953 111082 112402 113935 115612 117100 118330 118197 118222 118332 117908 117617 116337 115589 114796
78173 78378 78640 79039 79527 79651 79926 80135 80541 80812 81510 82094 82901 83398 83966 84542 85750 86361 -9999 -9999 89000 89569 90082 90700 91253 92091 92556 93133 93606 94050 94802 95459 96220 96583 97023 97255 97533 98025 98797 99641 100165 100149 99053 97594 96186 95258 94997 94988 95479 96003 96733 97620 98919 100097 101164 101768 103046 105162 106366 107948 108751 110158 111907 112826 113828 114482 115062 116006 116560 116726 116317 115339 114230
77333 77575 77954 78421 78814 79291 79594 80167 80572 81229 81639 82482 83155 83783 83805 -9999 -9999 -9999 -9999 -9999 -9999 89977 90409 90857 91345 91865 92538 93125 93529 93847 94134 94821 95316 95729 95875 96192 96346 96911 97823 98876 99870 99980 99124 97489 95852 94764 94213 94255 94537 95041 95571 96370 97256 98184 98911 99251 100101 101073 102020 104703 103849 104638 107916 109611 111348 112505 113665 115096 115769 116219 115308 114306 112514
77074 77432 77760 78069 78515 78815 79342 79931 80580 81390 82035 82720 83097 -9999 -9999 -9999 -9999 -9999 -9999 -9999 -9999 -9999 90708 90945 91383 91799 92382 93158 93628 93777 94016 94401 94801 94937 95139 95244 95516 95970 96827 98010 98953 99393 98508 97032 95421 94273 93923 93684 93909 94326 94738 95419 96070 96785 97353 97759 98227 98943 99593 100892 101311 103093 106061 108697 111446 112865 113451 114200 114310 114137 112893 111562 110317
76981 77417 77839 78177 78556 78817 79031 79607 80365 80996 -9999 -9999 -9999 -9999 -9999 -9999 -9999 -9999 -9999 -9999 -9999 -9999 -9999 -9999 91534 91810 92341 92959 93528 93769 93988 94252 94476 94434 94476 94626 94694 95074 95738 96640 97583 97814 97150 96036 94829 94076 93630 93572 93622 93845 94355 94773 95261 95793 96461 96772 97212 97677 98417 99776 101094 103817 106236 108699 110765 110725 110915 110576 110668 110851 109846 108267 108783
76946 77386 77928 78400 78706 78855 79136 79439 79738 -9999 -9999 -9999 -9999 -9999 -9999 -9999 -9999 -9999 -9999 -9999 -9999 -9999 -9999 -9999 -9999 -9999 92255 92705 93262 93697 93858 93862 93950 93920 93982 94060 94148 94360 94695 95390 95878 96096 95801 95148 94506 93897 93714 93517 93572 93934 94034 94375 94538 95005 95554 95955 96544 97396 98343 100372 101825 103699 104317 106053 108430 106005 105077 104939 105714 105996 106957 107899 109480
76892 77422 77947 78455 78736 79005 79026 -9999 -9999 -9999 -9999 -9999 -9999 -9999 -9999 -9999 -9999 -9999 -9999 -9999 -9999 -9999 -9999 -9999 -9999 91734 91956 92487 93052 93472 93448 93451 93394 93543 93715 93888 93955 94116 94283 94491 94916 95008 94794 94615 94102 93831 93636 93739 93891 93983 94121 94068 94237 94509 94955 95498 96481 97934 99136 100760 101372 101956 101778 101830 102875 102060 100809 100181 100804 101980 105608 108411 110069
-9999 77712 78180 78536 78767 -9999 -9999 -9999 -9999 -9999 -9999 -9999 -9999 -9999 -9999 -9999 -9999 -9999 -9999 -9999 -9999 -9999 -9999 -9999 -9999 -9999 91961 91961 92399 92771 93062 92962 93195 93357 93509 93636 93829 93966 94112 94267 94386 94412 94353 94136 93900 93723 93807 93993 94116 94289 94170 94219 94290 94610 94766 95103 95671 96648 98066 99546 99020 99534 99338 98843 98828 98790 98666 98712 99525 101174 104762 106805 -9999
-9999 -9999 78273 -9999 -9999 -9999 -9999 -9999 -9999 -9999 -9999 -9999 -9999 -9999 -9999 -9999 -9999 -9999 -9999 -9999 -9999 -9999 -9999 -9999 -9999 -9999 -9999 91699 91882 92221 -9999 -9999 -9999 93434 93462 93526 93690 93907 93976 94049 94205 94222 94150 94026 93881 93784 93882 94071 94282 94428 94471 94559 94840 94844 94997 95152 95574 95948 96340 96769 96173 96536 96967 96679 97380 97484 98100 98110 -9999 -9999 -9999 -9999 -9999
-9999 -9999 -9999 -9999 -9999 -9999 -9999 -9999 -9999 -9999 -9999 -9999 -9999 -9999 -9999 -9999 -9999 -9999 -9999 -9999 -9999 -9999 -9999 -9999 -9999 -9999 -9999 -9999 91651 -9999 -9999 -9999 -9999 -9999 93495 93542 93673 93761 93860 93950 94058 94154 94098 94123 -9999 93839 93960 94162 94383 94540 94642 94802 94922 -9999 95109 95090 95543 95546 95364 95222 94953 95067 95041 95388 96290 97002 -9999 -9999 -9999 -9999 -9999 -9999 -9999
-9999 -9999 -9999 -9999 -9999 -9999 -9999 -9999 -9999 -9999 -9999 -9999 -9999 -9999 -9999 -9999 -9999 -9999 -9999 -9999 -9999 -9999 -9999 -9999 -9999 -9999 -9999 -9999 -9999 -9999 -9999 -9999 -9999 -9999 -9999 93513 93628 93699 -9999 93885 93989 94019 94046 -9999 -9999 -9999 94234 94359 94510 94688 94731 94759 -9999 -9999 -9999 94908 95093 95314 94844 94858 94854 94770 94597 -9999 -9999 -9999 -9999 -9999 -9999 -9999 -9999 -9999 -9999
-9999 -9999 -9999 -9999 -9999 -9999 -9999 -9999 -9999 -9999 -9999 -9999 -9999 -9999 -9999 -9999 -9999 -9999 -9999 -9999 -9999 -9999 -9999 -9999 -9999 -9999 -9999 -9999 -9999 -9999 -9999 -9999 -9999 -9999 -9999 -9999 93591 -9999 -9999 -9999 -9999 93954 -9999 -9999 -9999 -9999 -9999 94551 94659 94773 94801 -9999 -9999 -9999 -9999 -9999 95177 95088 94879 94859 94943 94851 -9999 -9999 -9999 -9999 -9999 -9999 -9999 -9999 -9999 -9999 -9999
-9999 -9999 -9999 -9999 -9999 -9999 -9999 -9999 -9999 -9999 -9999 -9999 -9999 -9999 -9999 -9999 -9999 -9999 -9999 -9999 -9999 -9999 -9999 -9999 -9999 -9999 -9999 -9999 -9999 -9999 -9999 -9999 -9999 -9999 -9999 -9999 -9999 -9999 -9999 -9999 -9999 -9999 -9999 -9999 -9999 -9999 -9999 -9999 94801 94839 -9999 -9999 -9999 -9999 -9999 -9999 -9999 -9999 -9999 94923 94946 -9999 -9999 -9999 -9999 -9999 -9999 -9999 -9999 -9999 -9999 -9999 -9999
-9999 -9999 -9999 -9999 -9999 -9999 -9999 -9999 -9999 -9999 -9999 -9999 -9999 -9999 -9999 -9999 -9999 -9999 -9999 -9999 -9999 -9999 -9999 -9999 -9999 -9999 -9999 -9999 -9999 -9999 -9999 -9999 -9999 -9999 -9999 -9999 -9999 -9999 -9999 -9999 -9999 -9999 -9999 -9999 -9999 -9999 -9999 -9999 -9999 -9999 -9999 -9999 -9999 -9999 -9999 -9999 -9999 -9999 -9999 -9999 -9999 -9999 -9999 -9999 -9999 -9999 -9999 -9999 -9999 -9999 -9999 -9999 -9999
-9999 -9999 -9999 -9999 -9999 -9999 -9999 -9999 -9999 -9999 -9999 -9999 -9999 -9999 -9999 -9999 -9999 -9999 -9999 -9999 -9999 -9999 -9999 -9999 -9999 -9999 -9999 -9999 -9999 -9999 -9999 -9999 -9999 -9999 -9999 -9999 -9999 -9999 -9999 -9999 -9999 -9999 -9999 -9999 -9999 -9999 -9999 -9999 -9999 -9999 -9999 -9999 -9999 -9999 -9999 -9999 -9999 -9999 -9999 -9999 -9999 -9999 -9999 -9999 -9999 -9999 -9999 -9999 -9999 -9999 -9999 -9999 -9999
-9999 -9999 -9999 -9999 -9999 -9999 -9999 -9999 -9999 -9999 -9999 -9999 -9999 -9999 -9999 -9999 -9999 -9999 -9999 -9999 -9999 -9999 -9999 -9999 -9999 -9999 -9999 -9999 -9999 -9999 -9999 -9999 -9999 -9999 -9999 -9999 -9999 -9999 -9999 -9999 -9999 -9999 -9999 -9999 -9999 -9999 -9999 -9999 -9999 -9999 -9999 -9999 -9999 -9999 -9999 -9999 -9999 -9999 -9999 -9999 -9999 -9999 -9999 -9999 -9999 -9999 -9999 -9999 -9999 -9999 -9999 -9999 -9999
-9999 -9999 -9999 -9999 -9999 -9999 -9999 -9999 -9999 -9999 -9999 -9999 -9999 -9999 -9999 -9999 -9999 -9999 -9999 -9999 -9999 -9999 -9999 -9999 -9999 -9999 -9999 -9999 -9999 -9999 -9999 -9999 -9999 -9999 -9999 -9999 -9999 -9999 -9999 -9999 -9999 -9999 -9999 -9999 -9999 -9999 -9999 -9999 -9999 -9999 -9999 -9999 -9999 -9999 -9999 -9999 -9999 -9999 -9999 -9999 -9999 -9999 -9999 -9999 -9999 -9999 -9999 -9999 -9999 -9999 -9999 -9999 -9999
-9999 -9999 -9999 -9999 -9999 -9999 -9999 -9999 -9999 -9999 -9999 -9999 -9999 -9999 -9999 -9999 -9999 -9999 -9999 -9999 -9999 -9999 -9999 -9999 -9999 -9999 -9999 -9999 -9999 -9999 -9999 -9999 -9999 -9999 -9999 -9999 -9999 -9999 -9999 -9999 -9999 -9999 -9999 -9999 -9999 -9999 -9999 -9999 -9999 -9999 -9999 -9999 -9999 -9999 -9999 -9999 -9999 -9999 -9999 -9999 -9999 -9999 -9999 -9999 -9999 -9999 -9999 -9999 -9999 -9999 -9999 -9999 -9999
-9999 -9999 -9999 -9999 -9999 -9999 -9999 -9999 -9999 -9999 -9999 -9999 -9999 -9999 -9999 -9999 -9999 -9999 -9999 -9999 -9999 -9999 -9999 -9999 -9999 -9999 -9999 -9999 -9999 -9999 -9999 -9999 -9999 -9999 -9999 -9999 -9999 -9999 -9999 -9999 -9999 -9999 -9999 -9999 -9999 -9999 -9999 -9999 -9999 -9999 -9999 -9999 -9999 -9999 -9999 -9999 -9999 -9999 -9999 -9999 -9999 -9999 -9999 -9999 -9999 -9999 -9999 -9999 -9999 -9999 -9999 -9999 -9999
-9999 -9999 -9999 -9999 -9999 -9999 -9999 -9999 -9999 -9999 -9999 -9999 -9999 -9999 -9999 -9999 -9999 -9999 -9999 -9999 -9999 -9999 -9999 -9999 -9999 -9999 -9999 -9999 -9999 -9999 -9999 -9999 -9999 -9999 -9999 -9999 -9999 -9999 -9999 -9999 -9999 -9999 -9999 -9999 -9999 -9999 -9999 -9999 -9999 -9999 -9999 -9999 -9999 -9999 -9999 -9999 -9999 -9999 -9999 -9999 -9999 -9999 -9999 -9999 -9999 -9999 -9999 -9999 -9999 -9999 -9999 -9999 -9999
-9999 -9999 -9999 -9999 -9999 -9999 -9999 -9999 -9999 -9999 -9999 -9999 -9999 -9999 -9999 -9999 -9999 -9999 -9999 -9999 -9999 -9999 -9999 -9999 -9999 -9999 -9999 -9999 -9999 -9999 -9999 -9999 -9999 -9999 -9999 -9999 -9999 -9999 -9999 -9999 -9999 -9999 -9999 -9999 -9999 -9999 -9999 -9999 -9999 -9999 -9999 -9999 -9999 -9999 -9999 -9999 -9999 -9999 -9999 -9999 -9999 -9999 -9999 -9999 -9999 -9999 -9999 -9999 -9999 -9999 -9999 -9999 -9999
