Data/ppt/PRISM_ppt_pr_1963-1995_normal_450mM1_05_asc.asc
ncols 557
nrows 164
xllcorner -67.31875000000
yllcorner 17.86875000000
cellsize 0.00416666667
NODATA_value -9999
[rows 34 to 67 of 164, columns 231 to 307 of 557]
18788 18668 18438 18412 18476 18586 18791 19235 19204 19494 19726 19762 19816 19880 19951 20018 19948 20110 20058 20027 20019 19762 18829 18547 18391 18285 18222 18203 18181 18177 18226 18266 18332 18389 18446 18492 18532 18543 18494 18477 18476 18465 18456 18446 18409 18413 18430 18494 18536 18540 18597 18665 18754 18827 18893 18904 18922 18898 18865 18823 18769 18702 18625 18550 18464 18388 18324 18284 18262 18251 18273 18310 18371 18484 18602 18559 18571
18799 18615 18502 18539 18645 18779 18958 19139 19059 19169 19679 19903 19945 20001 20058 19918 19797 20005 20123 20069 19806 18986 18636 18513 18339 18229 18189 18165 18182 18201 18220 18252 18300 18359 18413 18479 18537 18515 18494 18468 18474 18462 18396 18431 18402 18399 18418 18401 18410 18450 18504 18649 18763 18856 18910 18947 18919 18881 18840 18799 18749 18692 18636 18575 18495 18432 18366 18324 18297 18290 18328 18417 18540 18814 19098 19143 19241
18879 18673 18589 18654 18828 18992 19048 19069 18944 19010 19585 19837 19876 19944 19951 19808 19648 19843 19920 19850 19711 18953 18658 18486 18356 18244 18170 18170 18171 18193 18198 18201 18223 18259 18306 18388 18449 18496 18465 18488 18478 18375 18373 18350 18366 18346 18301 18286 18330 18365 18526 18627 18687 18722 18821 18861 18883 18835 18804 18767 18734 18680 18622 18558 18491 18429 18390 18373 18349 18343 18401 18584 18773 19282 19961 20416 20487
19002 18763 18694 18836 19025 19159 19317 19245 19190 19075 19154 19025 18977 19190 19281 19222 19278 19304 19262 19071 19041 18801 18632 18486 18356 18260 18195 18172 18190 18199 18195 18162 18172 18183 18203 18261 18358 18404 18502 18417 18371 18289 18192 18255 18246 18243 18235 18243 18306 18455 18534 18612 18580 18600 18719 18823 18832 18859 18825 18831 18710 18687 18637 18586 18522 18460 18428 18401 18384 18364 18480 18705 18948 19512 20135 21146 21600
19050 18831 18851 19026 19218 19385 19466 19551 19488 19363 19185 19070 18979 19035 19062 19028 19078 19126 19094 19029 18892 18759 18622 18493 18380 18291 18228 18175 18185 18188 18180 18152 18119 18155 18184 18205 18272 18380 18412 18393 18273 18223 18228 18283 18314 18312 18313 18318 18451 18491 18578 18527 18501 18536 18662 18766 18854 18895 18998 18960 18831 18751 18734 18645 18584 18520 18457 18439 18402 18407 18398 18515 18657 19293 19894 21235 22200
19144 19004 19069 19274 19464 19469 19587 19635 19588 19457 19328 19185 19157 19111 19059 19044 19000 18956 18973 18958 18882 18798 18707 18584 18464 18347 18230 18185 18145 18168 18160 18124 18093 18115 18143 18195 18280 18319 18359 18257 18233 18205 18218 18288 18350 18375 18364 18452 18494 18576 18547 18492 18443 18536 18639 18743 18777 18868 18872 18894 18807 18834 18786 18664 18577 18516 18487 18462 18475 18421 18424 18438 18480 18820 19467 20015 20962
19386 19280 19359 19570 19656 19682 19674 19642 19624 19489 19387 19261 19209 19139 19102 19048 19017 18920 18873 18864 18816 18771 18705 18603 18489 18320 18213 18147 18166 18166 18179 18159 18133 18117 18146 18209 18317 18352 18343 18268 18227 18206 18223 18272 18328 18356 18436 18466 18555 18586 18534 18461 18481 18564 18653 18701 18720 18676 18712 18686 18692 18684 18611 18511 18499 18488 18480 18505 18477 18466 18416 18400 18435 18530 18862 19555 20094
19607 19505 19544 19661 19940 19755 19703 19676 19583 19559 19453 19348 19247 19191 19151 19140 19076 19003 18937 18863 18842 18777 18707 18633 18486 18302 18158 18123 18157 18195 18210 18268 18248 18226 18180 18256 18345 18409 18377 18353 18271 18262 18256 18301 18329 18410 18440 18516 18556 18534 18510 18427 18505 18596 18652 18687 18669 18640 18621 18595 18608 18566 18478 18467 18465 18471 18489 18494 18513 18455 18419 18408 18411 18495 18613 18916 19660
19688 19457 19433 19719 20801 19989 19785 19703 19592 19601 19544 19401 19356 19302 19284 19249 19198 19144 19085 19034 18935 18869 18786 18615 18459 18251 18110 18067 18113 18187 18278 18356 18392 18341 18342 18361 18441 18463 18496 18451 18368 18316 18309 18362 18451 18489 18555 18576 18578 18579 18474 18480 18553 18650 18663 18687 18653 18591 18578 18516 18520 18501 18444 18424 18452 18464 18492 18529 18519 18490 18474 18445 18475 18550 18632 18714 18967
19225 18274 18358 18872 19497 20348 20174 19922 19714 19744 19662 19423 19442 19414 19307 19313 19298 19261 19236 19131 19060 18966 18801 18622 18423 18236 18116 18057 18105 18172 18257 18361 18402 18440 18392 18498 18507 18520 18544 18527 18441 18395 18373 18448 18501 18566 18592 18615 18629 18561 18517 18521 18593 18647 18670 18662 18593 18513 18420 18420 18431 18437 18428 18431 18443 18493 18537 18579 18585 18566 18557 18566 18596 18667 18726 18792 18857
18478 17619 17542 18562 19018 19670 19905 19554 19638 19795 19619 19341 19421 19462 19190 19196 19395 19371 19283 19202 19126 19000 18842 18595 18399 18254 18149 18116 18137 18205 18254 18342 18423 18437 18471 18507 18567 18579 18598 18573 18497 18456 18499 18521 18560 18581 18602 18629 18617 18575 18537 18572 18632 18637 18670 18657 18556 18370 18324 18285 18368 18400 18429 18459 18490 18515 18593 18635 18632 18626 18658 18686 18749 18836 18891 18936 18967
18059 17312 16754 17614 18537 19412 19793 19777 20229 19833 19079 18924 18967 19053 18425 18767 19312 19493 19407 19264 19141 19032 18824 18619 18445 18293 18229 18220 18254 18271 18305 18384 18445 18491 18479 18555 18610 18666 18674 18673 18542 18607 18609 18646 18631 18608 18621 18645 18621 18577 18578 18637 18655 18670 18676 18667 18552 18396 18277 18338 18404 18409 18501 18524 18542 18618 18636 18683 18691 18682 18715 18805 18896 19005 19093 19127 19124
18068 17112 16601 16408 17714 18659 19025 19147 19701 19731 19432 19006 18615 18013 18055 18415 18836 19501 19553 19421 19236 19058 18891 18698 18514 18382 18281 18287 18344 18394 18410 18468 18546 18557 18546 18590 18649 18712 18773 18743 18718 18724 18784 18777 18704 18668 18663 18656 18651 18626 18648 18689 18710 18716 18729 18722 18644 18482 18412 18444 18490 18530 18568 18623 18619 18608 18691 18716 18732 18757 18827 18922 19053 19179 19265 19348 19341
18706 17525 16710 16938 17193 17748 18565 18816 19114 19418 19351 19203 18931 18493 18087 18275 18605 19382 19537 19448 19296 19155 18998 18826 18660 18490 18341 18315 18369 18454 18492 18553 18601 18625 18623 18630 18688 18764 18792 18824 18779 18832 18859 18804 18836 18748 18696 18710 18702 18743 18742 18757 18753 18786 18801 18782 18729 18623 18542 18567 18626 18647 18743 18737 18717 18701 18712 18766 18820 18845 18923 19041 19167 19302 19439 19515 19571
19744 18307 17429 16119 16953 17593 18265 18556 18792 19166 18863 19082 18994 18725 18391 18360 18637 19268 19448 19432 19392 19301 19181 19005 18835 18637 18464 18229 18237 18355 18425 18452 18646 18681 18682 18693 18703 18750 18765 18768 18766 18783 18776 18830 18853 18871 18743 18737 18777 18771 18856 18814 18812 18854 18880 18873 18826 18748 18706 18700 18751 18796 18856 18918 18890 18806 18899 18934 18881 18952 19050 19159 19279 19422 19525 19661 19716
20522 19039 17827 16709 16195 16593 17557 18221 18375 18395 18264 18648 18934 19030 18727 18419 18531 19070 19367 19462 19466 19443 19332 19200 18983 18775 18522 17964 17748 17840 17879 17897 18439 18709 18740 18754 18768 18780 18800 18799 18803 18796 18775 18774 18898 18910 18870 18808 18793 18819 18796 18838 18843 18894 18955 18959 18953 18901 18805 18847 18869 18922 18979 18952 18968 19006 19135 19148 19057 19079 19195 19314 19431 19544 19683 19798 19957
20842 19349 18092 16884 16196 16363 16747 17724 17925 17939 17615 18263 18686 19250 19333 18944 18818 18992 19319 19562 19595 19586 19510 19355 19106 18765 18380 17770 17630 17713 17704 17711 18043 18535 18782 18822 18845 18871 18898 18906 18872 18862 18872 18918 18955 19042 18999 19012 18874 18763 18759 18771 18802 18858 18934 19003 19023 18962 18901 18879 18880 18918 18913 18835 18804 18965 19158 19226 19225 19274 19374 19454 19560 19722 19898 20056 20128
20938 19766 18469 17206 16712 16612 16645 16832 16975 17302 17848 18349 18736 19395 19639 19597 19409 19269 19351 19681 19754 19791 19716 19578 19314 18879 18295 17740 17604 17752 17749 17620 17768 18128 18600 18905 18946 18992 19046 19041 19028 19048 18999 19063 19168 19186 19232 19163 19031 18893 18836 18809 18867 18917 19022 19112 19149 19116 18943 18794 18698 18652 18643 18565 18628 18996 19101 19271 19378 19563 19541 19587 19710 19957 20150 20287 20330
21185 20209 19334 18043 17532 17076 16890 16925 17233 17604 18055 18561 19179 19683 19902 19926 19761 19625 19612 19949 19998 19958 19897 19714 19396 18920 18240 17750 17629 17983 17843 17535 17462 17702 18010 18798 19082 19172 19282 19346 19396 19455 19266 19264 19229 19178 19291 19214 18992 18926 18823 18728 18887 18953 19078 19184 19242 19201 19033 18795 18642 18614 18632 18733 19107 19281 18999 19078 19335 19631 19831 19796 19972 20195 20351 20347 20430
21583 20950 20221 19331 18749 17847 17383 17230 17319 17515 18021 18764 19544 19986 20148 20246 20161 20154 20190 20300 20227 20249 20047 19911 19735 19517 19080 18602 18068 19239 18459 18016 17684 17836 18113 18611 19029 19278 19375 19444 19522 19576 19515 19448 19212 18921 19051 19008 18511 18339 18231 18263 18726 18994 19017 19026 19104 19205 19094 18922 18804 18818 18789 18786 19127 19545 19470 19061 19139 19397 19979 20212 20195 20110 20075 20118 20170
22616 22031 21583 20890 20282 19311 18625 18389 18455 18658 18978 19477 19937 20197 20347 20444 20440 20479 20465 20450 20452 20311 20178 20003 19820 19758 19607 19493 19313 18659 18839 18221 17975 18224 18434 18638 18948 19288 19446 19363 19395 19461 19506 19474 19266 18916 18899 18976 18672 18567 18634 18591 18896 19157 19089 19042 19212 19192 19199 18915 18992 18949 18974 18832 18987 19199 19247 18916 19226 19660 20161 20600 20301 20209 19982 20006 19956
23980 23548 23118 22368 21656 20702 20059 19769 19786 19814 20021 20282 20462 20544 20606 20749 20785 20800 20819 20756 20630 20533 20326 20131 19997 19870 19863 19905 19637 19145 18596 18936 18395 19170 19232 19057 19115 19589 19683 19410 19243 19354 19348 19514 19494 19261 19035 19053 19135 19085 18964 18759 18692 18717 18733 19042 19636 19435 19346 18887 19075 19097 18979 18878 18947 19113 19438 19675 19341 19307 19824 20150 20210 20561 20026 19998 19847
24748 24205 24175 23942 23225 22464 21980 21773 21714 21423 21292 21096 21152 21028 20922 20988 21184 21225 21278 21190 21007 20735 20534 20400 20232 20152 20181 20365 19929 19527 18978 19239 19094 18765 19223 19289 19315 19724 19714 19540 19345 19554 19312 19486 19615 19538 19591 19572 19554 19405 19128 18879 18682 18639 18735 18950 19143 19232 19560 19536 19316 19152 18978 18665 18410 18229 18900 18526 19097 19416 19563 19641 19758 19887 19808 19965 19700
23705 23547 24065 24020 23701 23306 22935 22695 22333 22194 22493 22160 22168 21660 21174 21174 21999 21961 22138 21863 21719 21146 20708 20452 20241 20304 20446 20455 20046 19710 19342 19351 19073 18937 19106 19429 19409 19273 19395 20113 19669 19808 19434 19628 19644 19664 19783 19802 19757 19552 19175 18892 18665 18704 18729 18959 18936 18885 18848 18847 19028 19113 18961 18675 18257 18010 18087 17986 18256 18401 18473 18442 18713 18757 18902 19592 19333
22984 22948 22703 23266 22899 23307 22768 21744 22082 22228 22800 22469 22374 21926 21610 21504 21296 21318 21321 21571 22406 21942 20994 20466 20047 20113 20201 20167 19943 19725 19337 19037 18841 19203 19158 19276 19655 19586 19715 20106 20189 20462 20248 19653 19517 19451 19457 19504 19683 19719 19402 19009 18518 18621 18457 18745 18905 18775 18522 18519 18464 18352 18305 18435 18193 17910 17844 17701 17619 17628 17650 17666 17857 18102 18169 18338 18203
22594 21982 21834 21899 21802 21933 21656 21557 21855 21658 21886 21891 21871 21715 21766 21851 21614 21554 21538 21613 22031 23047 21254 20576 20129 20148 20136 20126 19930 19735 19443 19258 19080 19232 19327 19727 19866 19879 20352 20508 20509 20526 20260 19675 19715 19634 19698 19497 19446 19888 19800 19458 19107 18928 18476 18585 18823 18882 18585 18555 18352 18241 18142 18181 18064 17885 17797 17690 17518 17355 17198 17229 17369 17495 17593 17716 17735
22277 22018 21919 21882 21812 21832 21708 21673 21792 21634 21695 21654 21650 21648 21767 21957 21921 21926 21861 21765 21722 21600 21224 20924 20553 20438 20351 20227 20007 19783 19687 19532 19356 19258 19199 19232 18981 19305 20348 20393 20428 20359 20163 20053 20394 20044 20370 20289 19410 20175 20093 19820 19501 19327 19185 19134 18881 19152 18870 18814 18596 18385 18374 18292 18249 18083 17930 17783 17579 17347 17169 17156 17198 17246 17306 17437 17423
22275 22217 22175 22149 22093 22052 22015 21959 21929 21916 21869 21836 21812 21811 21851 22010 22013 22042 22056 21991 21853 21645 21431 21207 20917 20937 20954 20764 20405 20229 19990 19822 19627 19400 19285 19254 19235 19444 20002 20660 20638 20424 20563 20676 20649 20083 20484 20563 20317 19525 19709 19713 19697 19654 19606 19568 19560 19650 19554 19291 18997 18818 18660 18604 18497 18314 18113 17993 17725 17493 17318 17232 17118 17019 17029 17037 17066
22551 22320 22325 22317 22305 22258 22239 22198 22177 22155 22127 22091 22047 22027 22053 22071 22092 22119 22194 22112 22008 21834 21654 21574 21474 21500 21537 21408 20984 20806 20485 20208 19961 19767 19471 19395 19407 19599 19842 20320 21179 20470 20750 20984 21023 20808 20739 20594 20412 20045 19723 19426 19674 19789 19708 19703 19785 19942 20031 19891 19529 19236 19059 18860 18735 18527 18421 18402 18145 17872 17640 17361 17050 16862 16676 16585 16569
23290 22638 22353 22377 22371 22355 22341 22371 22364 22358 22346 22306 22265 22215 22188 22193 22156 22211 22269 22254 22140 22029 21924 21851 21729 21757 21765 21853 21638 21461 20978 20545 20332 20083 19671 19510 19531 19732 20046 20402 21022 20918 20809 21065 21027 21097 20989 20709 20463 20187 19784 19444 19497 19518 19518 19552 19709 19837 20013 20003 19777 19542 19299 19157 18962 18844 18688 18637 18414 18241 18031 17644 17233 16890 16636 16468 16428
23388 23179 22502 22341 22346 22353 22401 22448 22527 22545 22536 22510 22460 22411 22363 22330 22310 22334 22388 22363 22301 22227 22159 22005 21716 21622 21775 21912 21778 21437 21020 20674 20307 19708 19668 19617 19605 19891 20068 20623 21199 21278 21013 21074 20502 21023 21131 20907 20574 20264 19846 19567 19488 19504 19567 19699 19803 19956 19911 20020 19962 19822 19690 19477 19257 18990 18893 18800 18649 18505 18288 17909 17522 16990 16659 16514 16465
23319 22935 22437 22371 22424 22444 22498 22595 22645 22693 22695 22662 22619 22575 22528 22493 22470 22450 22494 22489 22460 22416 22370 22338 22116 21883 22073 22170 21974 21450 21041 20716 20369 19507 19391 19349 19490 19675 19329 20323 21005 21314 21196 21029 21050 21095 21059 20717 20484 20113 19763 19547 19469 19622 19669 19897 19933 20254 19998 20018 20163 19988 19862 19706 19405 19195 19085 18960 18884 18780 18523 18224 17796 17076 16731 16612 16530
23104 22707 22414 22423 22510 22615 22698 22750 22823 22837 22850 22801 22754 22677 22655 22628 22589 22577 22579 22593 22583 22598 22558 22442 22306 22078 22117 22057 21899 21456 21074 20695 19643 18811 18575 18922 19488 18971 19115 19890 20859 21115 21246 20174 20208 20204 20114 19758 20128 19542 18968 18919 18882 19492 19648 20187 19528 20128 19723 19828 20156 19859 19775 19710 19394 19189 19101 18957 18940 18834 18577 18347 18049 17579 16921 16677 16596
22665 22588 22512 22615 22723 22792 22887 22957 22989 23031 22979 22914 22817 22767 22720 22685 22713 22677 22694 22625 22632 22638 22654 22534 22366 22132 21980 21820 21618 21413 21258 21261 20663 18874 18784 18749 19135 18792 18898 19026 19767 19758 19915 19114 18979 18981 18827 18837 19104 18561 18081 18436 17996 18245 18562 18860 18761 19112 18895 18858 19086 18814 19226 19551 18451 18458 18178 18326 18531 18299 17953 17785 17684 17139 16783 16632 16583
