Data/ppt/PRISM_ppt_pr_1963-1995_normal_450mM1_06_asc.asc
ncols 557
nrows 164
xllcorner -67.31875000000
yllcorner 17.86875000000
cellsize 0.00416666667
NODATA_value -9999
[rows 0 to 33 of 164, columns 77 to 153 of 557]
-9999 -9999 -9999 -9999 -9999 -9999 -9999 -9999 -9999 -9999 -9999 -9999 -9999 -9999 -9999 -9999 -9999 -9999 -9999 -9999 -9999 -9999 -9999 -9999 -9999 -9999 -9999 -9999 -9999 -9999 -9999 -9999 -9999 -9999 -9999 -9999 -9999 -9999 -9999 -9999 -9999 -9999 -9999 -9999 -9999 -9999 -9999 -9999 -9999 -9999 -9999 -9999 -9999 -9999 -9999 -9999 -9999 -9999 -9999 -9999 -9999 -9999 -9999 -9999 -9999 -9999 -9999 -9999 -9999 -9999 -9999 -9999 -9999 -9999 -9999 -9999 -9999
-9999 -9999 -9999 -9999 -9999 -9999 -9999 -9999 -9999 -9999 -9999 -9999 -9999 -9999 -9999 -9999 -9999 -9999 -9999 -9999 -9999 -9999 -9999 -9999 -9999 -9999 -9999 -9999 -9999 -9999 -9999 -9999 -9999 -9999 -9999 -9999 -9999 -9999 -9999 -9999 -9999 -9999 -9999 -9999 -9999 -9999 -9999 -9999 -9999 -9999 -9999 -9999 -9999 -9999 -9999 -9999 -9999 -9999 -9999 -9999 -9999 -9999 -9999 -9999 -9999 -9999 -9999 -9999 -9999 -9999 -9999 -9999 -9999 -9999 -9999 -9999 -9999
-9999 -9999 -9999 -9999 -9999 -9999 -9999 -9999 -9999 -9999 -9999 -9999 -9999 -9999 -9999 -9999 -9999 -9999 -9999 -9999 -9999 -9999 -9999 -9999 -9999 -9999 -9999 -9999 -9999 -9999 -9999 -9999 -9999 -9999 -9999 -9999 -9999 -9999 -9999 -9999 -9999 -9999 -9999 -9999 -9999 -9999 -9999 -9999 -9999 -9999 -9999 -9999 -9999 -9999 -9999 -9999 -9999 -9999 -9999 -9999 -9999 -9999 -9999 -9999 -9999 -9999 -9999 -9999 -9999 -9999 -9999 -9999 -9999 -9999 -9999 -9999 -9999
-9999 -9999 -9999 -9999 -9999 -9999 -9999 -9999 -9999 -9999 -9999 -9999 -9999 -9999 -9999 -9999 -9999 -9999 -9999 -9999 -9999 -9999 -9999 -9999 -9999 -9999 -9999 -9999 -9999 -9999 -9999 -9999 -9999 -9999 -9999 -9999 -9999 -9999 -9999 -9999 -9999 -9999 -9999 -9999 -9999 -9999 -9999 -9999 -9999 -9999 -9999 -9999 -9999 -9999 -9999 -9999 -9999 -9999 -9999 -9999 -9999 -9999 -9999 -9999 -9999 -9999 -9999 -9999 -9999 -9999 -9999 -9999 -9999 -9999 -9999 -9999 -9999
-9999 -9999 -9999 -9999 -9999 -9999 -9999 -9999 -9999 -9999 -9999 -9999 -9999 -9999 -9999 -9999 -9999 -9999 -9999 -9999 -9999 -9999 -9999 -9999 -9999 -9999 -9999 -9999 -9999 -9999 -9999 -9999 -9999 -9999 -9999 -9999 -9999 -9999 -9999 -9999 -9999 -9999 -9999 -9999 -9999 -9999 -9999 -9999 -9999 -9999 -9999 -9999 -9999 -9999 -9999 -9999 -9999 -9999 -9999 -9999 -9999 -9999 -9999 -9999 -9999 -9999 -9999 -9999 -9999 -9999 -9999 -9999 -9999 -9999 -9999 -9999 -9999
-9999 -9999 -9999 -9999 -9999 -9999 -9999 -9999 -9999 -9999 -9999 -9999 -9999 -9999 -9999 -9999 -9999 -9999 -9999 -9999 -9999 -9999 -9999 -9999 -9999 -9999 -9999 -9999 -9999 -9999 -9999 -9999 -9999 -9999 -9999 -9999 -9999 -9999 -9999 -9999 -9999 -9999 -9999 -9999 -9999 -9999 -9999 -9999 -9999 -9999 -9999 -9999 -9999 -9999 -9999 -9999 -9999 -9999 -9999 -9999 -9999 -9999 -9999 -9999 -9999 -9999 -9999 -9999 -9999 -9999 -9999 -9999 -9999 -9999 -9999 -9999 -9999
-9999 -9999 -9999 -9999 -9999 -9999 -9999 -9999 -9999 -9999 -9999 -9999 -9999 -9999 -9999 -9999 -9999 -9999 -9999 -9999 -9999 -9999 -9999 -9999 -9999 -9999 -9999 -9999 -9999 -9999 -9999 -9999 -9999 -9999 -9999 -9999 -9999 -9999 -9999 -9999 -9999 -9999 -9999 -9999 -9999 -9999 -9999 -9999 -9999 -9999 -9999 -9999 -9999 -9999 -9999 -9999 -9999 -9999 -9999 -9999 -9999 -9999 -9999 -9999 -9999 -9999 -9999 -9999 -9999 -9999 -9999 -9999 -9999 -9999 -9999 -9999 -9999
-9999 -9999 -9999 -9999 -9999 -9999 -9999 -9999 -9999 -9999 -9999 -9999 -9999 -9999 -9999 -9999 -9999 -9999 -9999 -9999 -9999 -9999 -9999 -9999 -9999 -9999 -9999 -9999 -9999 -9999 -9999 -9999 -9999 -9999 -9999 -9999 -9999 -9999 -9999 -9999 -9999 -9999 -9999 -9999 -9999 -9999 -9999 -9999 -9999 -9999 -9999 -9999 -9999 -9999 -9999 -9999 -9999 -9999 -9999 -9999 -9999 -9999 -9999 -9999 -9999 -9999 -9999 -9999 -9999 -9999 -9999 -9999 -9999 -9999 -9999 -9999 -9999
-9999 -9999 -9999 -9999 -9999 -9999 -9999 -9999 -9999 -9999 -9999 -9999 -9999 -9999 -9999 -9999 -9999 -9999 -9999 -9999 -9999 -9999 -9999 -9999 -9999 -9999 -9999 -9999 -9999 -9999 -9999 -9999 -9999 -9999 -9999 -9999 -9999 -9999 -9999 -9999 -9999 -9999 -9999 -9999 -9999 -9999 -9999 -9999 -9999 -9999 -9999 -9999 -9999 -9999 -9999 -9999 -9999 -9999 -9999 -9999 -9999 -9999 -9999 -9999 -9999 -9999 -9999 -9999 -9999 -9999 -9999 -9999 -9999 -9999 -9999 -9999 -9999
9416 8925 -9999 -9999 -9999 -9999 -9999 -9999 -9999 -9999 -9999 -9999 -9999 -9999 -9999 -9999 -9999 -9999 -9999 -9999 -9999 -9999 -9999 -9999 -9999 -9999 -9999 -9999 -9999 -9999 -9999 -9999 -9999 -9999 -9999 -9999 -9999 -9999 -9999 -9999 -9999 -9999 -9999 -9999 -9999 -9999 -9999 -9999 -9999 -9999 -9999 -9999 -9999 -9999 -9999 -9999 -9999 -9999 -9999 -9999 -9999 -9999 -9999 -9999 -9999 -9999 -9999 -9999 -9999 -9999 -9999 -9999 -9999 -9999 -9999 -9999 -9999
9696 9568 9326 9300 -9999 -9999 -9999 -9999 -9999 -9999 -9999 -9999 -9999 -9999 -9999 -9999 -9999 -9999 -9999 -9999 -9999 -9999 -9999 -9999 -9999 -9999 -9999 -9999 -9999 -9999 -9999 -9999 -9999 -9999 -9999 -9999 -9999 -9999 -9999 -9999 -9999 -9999 -9999 -9999 -9999 -9999 -9999 -9999 -9999 -9999 -9999 -9999 -9999 -9999 -9999 -9999 -9999 -9999 -9999 -9999 -9999 -9999 -9999 -9999 -9999 -9999 -9999 -9999 -9999 -9999 -9999 -9999 -9999 -9999 -9999 -9999 -9999
10443 10006 9284 9457 9242 9027 8980 8791 8821 -9999 -9999 7990 8056 8328 8505 -9999 -9999 -9999 -9999 -9999 -9999 -9999 -9999 -9999 -9999 -9999 -9999 -9999 -9999 -9999 9030 9121 9099 9009 8937 8875 8801 -9999 -9999 -9999 -9999 -9999 8273 8350 8430 8479 8461 8450 8442 8437 8458 8482 8526 -9999 -9999 -9999 -9999 -9999 -9999 -9999 -9999 -9999 -9999 -9999 -9999 -9999 -9999 -9999 -9999 -9999 -9999 -9999 -9999 -9999 -9999 -9999 -9999
11158 10820 10152 9607 9034 8409 8609 7852 8115 8006 7596 7944 8059 7799 8365 8522 8507 8675 8583 8649 -9999 -9999 -9999 -9999 7116 7402 7023 7413 8162 8480 8801 9031 9071 8992 8925 8868 8755 8671 8630 8604 8580 8559 8461 8434 8445 8457 8459 8442 8427 8421 8416 8452 8470 8500 8500 -9999 -9999 -9999 -9999 -9999 -9999 -9999 -9999 -9999 -9999 -9999 -9999 -9999 -9999 -9999 -9999 -9999 -9999 -9999 -9999 -9999 -9999
12024 11570 10571 10258 9670 8842 8610 8353 8634 8439 8324 7848 8392 8342 7997 8491 8276 8601 8701 8980 8973 8917 8739 7970 7868 7626 7683 7843 7309 8048 8377 8779 8920 8944 8905 8853 8766 8659 8621 8593 8570 8549 8531 8481 8475 8481 8459 8458 8425 8406 8399 8393 8426 8442 8479 8482 8489 -9999 -9999 -9999 -9999 -9999 -9999 -9999 -9999 -9999 -9999 -9999 -9999 -9999 -9999 9609 -9999 -9999 -9999 9499 9543
12466 11977 11395 10794 10207 9652 9356 8730 9312 9125 8556 8713 8919 9164 8517 8717 8596 8758 8733 8528 8781 8998 8906 8944 8080 8347 8257 8166 8195 8245 8398 8959 8789 8828 8865 8844 8756 8688 8610 8580 8556 8536 8519 8516 8506 8490 8499 8483 8477 8443 8426 8399 8375 8402 8417 8453 8471 8489 8511 -9999 -9999 -9999 -9999 -9999 -9999 -9999 -9999 -9999 -9999 -9999 9624 9639 9693 -9999 9565 9545 9610
12527 12084 11551 11215 10655 10218 9897 9651 9750 9571 9514 9566 9809 9815 9516 9565 9521 9469 9356 8891 9155 9286 8892 8859 8427 8506 8567 8787 8812 8582 8671 9259 9258 8637 8733 8756 8753 8668 8638 8591 8576 8555 8551 8548 8551 8547 8540 8563 8548 8556 8517 8465 8416 8372 8382 8398 8435 8461 8501 8546 8615 8698 8793 8899 9013 9132 9249 9363 9475 9580 9647 9707 9752 9753 9649 9659 9728
12335 11965 11543 11152 10811 10996 10676 10407 10573 10065 10166 10080 10574 10663 10473 10503 10224 10364 10234 9774 9986 10027 9623 9167 8690 8653 8529 8717 8702 8727 8943 9110 9194 8802 8731 8718 8621 8726 8724 8632 8620 8619 8613 8606 8592 8575 8567 8552 8544 8541 8539 8524 8469 8422 8383 8394 8390 8432 8470 8524 8596 8684 8785 8899 9025 9153 9283 9406 9523 9636 9719 9780 9826 9819 9726 9733 9820
12631 12279 11887 11508 11379 11568 11300 11121 11320 10758 10881 10790 11427 11429 11254 11122 11178 11054 11156 10700 10691 10668 10275 9965 9515 9347 9367 9445 9044 9466 9686 9797 9646 9180 9110 8937 8248 8880 9096 8590 8652 8678 8615 8626 8611 8605 8582 8531 8474 8461 8475 8475 8479 8441 8417 8389 8412 8396 8432 8481 8580 8675 8785 8910 9047 9191 9333 9468 9594 9710 9794 9897 9897 9890 9800 9846 9932
13224 12869 12591 12220 11868 12187 11747 11430 11290 11198 11316 11441 12140 12180 12074 11842 12012 11742 11639 11308 11472 11364 10882 10550 10090 10104 10158 10207 9901 10449 10502 10265 10474 10133 10061 9410 9221 8746 8172 8069 8821 9013 8590 8555 8590 8672 8591 8567 8504 8476 8437 8433 8402 8397 8371 8400 8380 8400 8404 8451 8533 8760 8877 9010 9157 9315 9467 9611 9734 9843 9943 10064 10040 9975 9933 10035 10051
13376 13136 12868 12528 12224 12090 11791 11749 11227 11358 11626 12224 12507 12605 12592 12606 12505 12298 12043 11823 11650 11448 11347 11246 10896 10658 10707 10947 10752 10932 11046 11038 11048 10975 10914 10285 9840 9114 8656 7717 8228 8268 8310 8499 8584 8798 8646 8617 8562 8475 8439 8398 8391 8380 8381 8385 8425 8429 8471 8600 8478 9473 9608 9774 9887 9972 10048 10121 10143 10132 10129 10172 10116 10103 10071 10110 10082
13394 13055 12775 12509 12452 12241 12010 11909 11819 11980 12254 12768 13134 13272 13223 13130 13054 13018 12844 12648 12456 12257 12035 11827 11667 11363 11360 11432 11443 11759 11833 11834 11806 11777 11659 11100 10243 10000 9294 8672 8573 7968 8073 9013 8892 8879 8829 8907 8770 8574 8482 8410 8390 8390 8378 8396 8414 8488 8578 9052 9324 9643 9873 10065 10228 10296 10238 10264 10243 10215 10181 10161 10148 10141 10123 10113 10087
14058 13730 13473 13313 13249 13097 12869 12682 12674 12893 13181 13520 13808 13838 13723 13559 13510 13517 13396 13285 13147 12973 12749 12498 12316 12245 12227 12279 12311 12408 12484 12480 12553 12446 12077 11586 10960 10314 9993 9247 9364 8906 8853 8525 8686 8800 8856 8944 8908 8709 8603 8474 8396 8390 8385 8401 8453 8598 8788 9290 9680 9969 10198 10401 10821 10884 10435 10328 10258 10205 10170 10153 10143 10139 10129 10112 10115
14796 14549 14281 14157 14059 13981 13701 13462 13534 13756 14069 14200 14368 14267 14069 13855 13797 13743 13685 13595 13539 13440 13294 13109 12918 12796 12759 12912 12933 12971 12989 12932 13181 12915 12662 12048 11614 10921 10629 10157 9999 9762 9076 9503 8669 9196 9120 8875 8915 8746 8665 8547 8458 8421 8406 8402 8390 8409 8407 9354 10098 10360 10673 11165 11438 11510 11260 10494 10346 10236 10173 10149 10139 10132 10129 10129 10165
15401 15270 15027 14825 14675 14717 14428 13957 14093 14344 14657 14841 15015 14762 14470 14283 14105 14026 13947 13936 13927 13900 13813 13664 13482 13332 13259 13259 13209 13204 13284 13562 13676 13567 13201 12920 12348 11623 11021 10823 10394 10433 9798 9255 9317 9258 9037 8693 8630 8563 8573 8511 8468 8458 8438 8426 8421 8495 9048 9704 10167 10400 10817 11460 11831 12085 11906 11427 10657 10444 10320 10286 10255 10150 10148 10178 10272
16494 16345 15896 15856 15721 15544 15077 14918 14504 14502 14829 15062 15283 15235 15043 14902 14741 14526 14444 14416 14418 14407 14353 14251 14105 13996 13941 13856 13812 13819 13971 14080 14114 14078 13957 13459 13139 12457 11645 11531 11073 10778 9921 9667 9261 9139 8737 8703 8609 8553 8577 8519 8485 8485 8461 8451 8457 8558 9098 9697 10258 10858 11093 11740 12411 12456 12194 11898 11606 11316 11062 10943 10832 10299 10280 10335 10516
17441 17370 16963 16876 16769 16427 16048 15713 15281 15128 15334 15521 15661 15709 15684 15536 15394 15214 15126 15087 15071 15025 14938 14863 14784 14700 14618 14530 14441 14424 14619 14724 14688 14537 14468 14267 14107 13429 12475 12038 11765 11354 10678 10115 10099 9811 9361 9159 9002 8629 8619 8588 8591 8603 8535 8577 8588 8636 9180 9368 10119 10927 11287 11825 12588 12976 12908 12533 12221 11962 11738 11205 11412 10754 10935 11026 11312
18228 18173 18099 17644 17440 17268 16600 16299 16077 15900 15999 16190 16293 16314 16279 16108 15991 15865 15755 15758 15787 15744 15618 15492 15372 15269 15193 15074 14947 14842 14906 15022 15064 15099 14961 14793 14636 14411 13477 12795 12135 11867 11401 10756 11017 10741 10201 9481 9398 9448 9141 9046 9063 8990 8632 9078 9196 8944 9028 9538 10191 10781 11215 11545 12149 12869 13829 13060 12798 12636 12500 12002 11715 11622 11555 11326 12027
18369 18477 18396 17977 17844 17936 17190 16970 16914 16722 16873 16873 16994 17001 16869 16728 16622 16522 16406 16386 16369 16302 16156 15969 15809 15704 15632 15491 15373 15273 15228 15281 15279 15427 15266 15304 15251 15135 14090 13320 12916 12344 11922 11717 11571 11505 11104 10421 10138 9852 9507 9445 9753 9729 9596 9944 10020 9589 9667 9770 10645 11015 11510 12113 12849 13464 14023 13804 13504 13322 13320 12787 12369 12430 11940 12005 12723
18217 18340 17751 18793 18558 18489 18068 17686 17567 17390 17350 17323 17448 17469 17321 17169 17169 17089 17041 17021 16955 16865 16704 16494 16327 16173 16044 15935 15882 15724 15801 15772 15756 15833 15684 15671 15576 15536 14733 14337 13361 12906 12769 12534 12294 11902 11487 10952 10815 10483 10255 10215 10253 10215 10010 10634 10719 10497 10407 10618 10938 11413 11766 12278 12939 13393 13720 14018 13903 13718 14091 13601 13175 13097 12642 12733 13144
18970 18943 18745 18876 18645 18612 18305 17910 17852 17712 17745 17726 17738 17747 17609 17512 17502 17461 17468 17438 17435 17342 17212 16977 16830 16673 16611 16732 16729 16108 16208 16350 16753 16618 16689 16673 16274 15895 15367 14869 14149 13521 13323 12897 12344 11606 11358 10779 10828 10563 10478 10650 10891 10980 10813 11086 11189 11021 11166 11508 11651 12105 12099 12142 12867 13106 13561 14206 14652 14532 14516 14386 13896 13556 13350 13527 14165
19663 19802 19884 19895 19103 18823 18468 18150 18031 18101 18060 18053 17999 17970 17914 17775 17775 17715 17762 17784 17744 17725 17613 17478 17428 17330 17203 17192 17086 16528 16485 16577 17068 17227 17203 17207 17057 16586 16083 15526 14726 14022 13668 13081 12568 11897 11595 11339 11104 10861 11324 11021 11046 11430 11447 11486 11576 11491 11842 12034 12145 12814 12608 12584 13167 13489 13732 14265 15075 15381 15329 15224 14694 14353 14105 14316 15079
20191 20327 20284 19880 19528 19213 18928 18535 18410 18441 18402 18270 18186 18136 18057 18002 17959 17959 18026 18049 18046 17964 17917 17837 17852 17804 17753 17660 17576 17326 16957 16917 17244 17601 17742 17755 17798 17614 16992 16464 15674 14942 14110 13393 12780 12212 11866 11800 11803 11613 12135 11410 11488 11921 11871 12007 11925 11831 12293 12665 12875 13175 13075 13050 13322 14161 14132 14204 14842 15565 15693 16068 15572 15184 14596 14633 15300
19331 19440 19735 19817 19858 19638 19442 19192 18957 18814 18625 18470 18349 18269 18232 18178 18254 18263 18344 18374 18345 18294 18241 18256 18244 18237 18203 18123 17997 17797 17533 17519 17651 17903 18024 18106 18077 17966 17635 16779 15819 15003 14496 13922 13233 12721 12159 12218 12335 12474 12549 12114 11939 12279 12122 11863 11966 12127 12787 12938 13043 13055 12949 12258 12993 13297 13540 13596 14083 14856 15001 15323 15942 15950 15532 15354 15812
19991 20014 20044 20075 20062 19927 19777 19552 19351 19110 18810 18622 18531 18481 18419 18430 18490 18558 18652 18714 18737 18717 18710 18740 18717 18723 18687 18626 18457 18244 18084 18077 18141 18295 18447 18416 18310 18047 17513 16515 15630 15031 14213 13820 13326 12932 12701 12672 13095 13289 13448 12990 12795 12632 12423 11865 11910 11966 12331 12823 12903 12332 12313 12237 12520 12958 12930 13105 13507 14124 14440 14871 15186 15629 16031 15886 16027
