Data/ppt/PRISM_ppt_pr_1963-1995_normal_450mM1_05_asc.asc
ncols 557
nrows 164
xllcorner -67.31875000000
yllcorner 17.86875000000
cellsize 0.00416666667
NODATA_value -9999
[rows 102 to 135 of 164, columns 77 to 153 of 557]
15773 16071 16640 17450 18014 18406 18905 19504 20297 20572 21082 21182 20835 19443 18981 19320 20357 21578 22309 22177 22172 21782 20938 19634 19866 19776 20257 20308 20725 21066 21709 22143 21184 20957 20543 20480 20581 20802 20759 19713 20051 20597 20896 21503 21921 21767 21721 21312 21265 20999 20710 20630 20625 20597 21057 22236 23290 23882 25199 25606 25885 25299 25251 27205 28511 28420 28048 29137 30305 30964 31689 29490 27809 26192 25529 23988 22603
14497 14468 14712 15214 15771 16405 17026 17433 18245 19218 19710 19788 19315 18578 18379 18885 20072 21335 22004 21951 21434 20915 20397 19880 19596 19502 19420 19032 18494 18291 18915 19151 19797 19911 19291 19532 19784 20073 20487 20747 20468 20714 20919 21495 21811 21769 21680 20984 20639 20110 19072 18276 19066 19588 20727 21516 23235 24096 25072 26044 26838 26940 27010 28428 28384 26864 25992 26073 26393 27272 27991 27923 26087 25079 23553 23095 22201
13328 13064 13086 13330 13570 14031 14606 15760 16988 18398 18701 18904 18792 18394 18247 18968 20317 21360 22168 22351 21247 20536 20094 19777 19551 19437 19030 18361 17830 17646 17855 18280 18779 19068 18861 18926 18911 19128 19579 20047 20467 21024 21383 21747 21719 21459 20802 20967 20554 19361 18146 17830 17705 19497 20103 19618 21784 23552 25095 25750 27019 27778 28029 28796 27401 25344 24181 23191 24151 24688 24340 24832 24641 24359 24025 23234 22090
12030 11761 11675 11750 11854 12220 12720 13726 14829 16004 17251 18135 18755 18745 18172 19176 21595 21967 22696 22716 21886 20534 20173 19895 19520 19309 18791 18011 17200 16680 16360 16851 17189 17443 17761 18156 18431 18758 19191 19664 20279 20892 21675 21936 21798 21387 20851 21154 18723 17459 16966 17745 18702 19711 20323 20497 22262 24469 25233 25935 26580 27424 27472 28349 26329 24353 22856 20940 21668 23270 23120 23702 24056 23740 23804 23539 22845
10795 10619 10590 10590 10575 10869 11280 12062 12968 13937 14899 15747 16774 17363 17583 18695 20584 22355 23214 23367 22443 21488 20859 20414 19749 19309 18685 17778 16688 15575 14683 14676 14994 15459 16163 16763 17319 17745 18736 19395 20072 19504 22031 22126 21803 21433 20450 19466 18702 18113 17967 18322 18932 19831 20321 20555 22834 24507 25838 27249 25725 25374 24691 25728 24557 23335 22792 21530 22173 22912 24504 23944 23879 23520 23609 23695 23294
9873 9635 9714 9657 9668 9880 10216 10826 11649 12387 13270 14245 15046 15490 15990 17188 19133 20908 21648 21676 21119 20609 20304 20121 19840 19343 18408 17361 15840 14607 13927 13667 13798 14085 14815 15866 16426 16732 17038 17453 19122 20685 20729 20757 20606 20343 19845 19479 19686 18414 18299 18524 18922 19520 19763 20138 21338 23139 24466 24501 23478 23488 23750 24699 23321 22969 23315 22638 22612 23827 23321 22879 22839 23009 23077 23281 23248
9157 8832 8895 8809 8847 8883 9268 9855 10614 11151 11768 12518 13183 13861 14659 15850 17644 19284 19959 19965 19684 19301 19217 19178 18932 18537 17857 17012 16011 14878 14083 13658 13783 14608 15162 15659 15984 16177 16342 16620 17512 19278 19818 20116 20110 19458 18025 18930 18252 18124 18429 18522 18602 18837 19132 20261 21490 22698 24286 24715 25134 24522 25457 24657 24769 23380 23279 22996 22605 22086 21789 21280 21284 21584 21989 22656 23027
8623 8432 8293 8130 8057 8015 8272 9047 9750 10198 10722 11236 11868 12591 13558 14716 16347 17887 18644 18879 18531 18143 18131 18199 18147 17877 17359 16606 15726 14920 14224 13719 14346 14821 15211 15534 15751 15865 15946 16099 16511 16484 17598 18518 19576 19110 18663 18388 17925 17921 18427 18556 18669 18867 19408 20817 21812 22161 23083 22408 22342 22789 22276 22079 22610 22648 23070 23381 22587 21725 21003 20465 20279 20722 21582 22265 22721
8552 8365 8203 8048 7951 7899 7944 8191 8851 9408 9777 10238 10905 11829 12720 13877 15322 16616 17667 17775 17550 17353 17369 17461 17499 17332 16923 16248 15560 14905 14385 14176 14496 14872 15206 15450 15600 15643 15685 15855 16016 16103 16312 16907 17317 17887 17814 17732 17709 17979 18747 19096 19428 19715 20778 21186 21384 21322 21369 21712 21919 21995 21655 21235 21697 22110 22763 22878 22310 21637 20591 19909 19656 20362 20888 21909 22585
8586 8418 8229 8081 7977 7923 7901 7972 8000 8481 9127 9460 10180 11056 12038 13094 14285 15434 16493 16932 16870 16717 16702 16791 16861 16783 16503 15958 15355 14820 14371 14242 14411 14790 15118 15288 15406 15429 15598 15989 15956 15876 15840 15826 16549 16935 17069 17041 17347 17665 18106 19086 20362 20320 21875 21815 21766 21612 21381 21606 21921 22341 22276 21793 21549 21758 22284 22367 21748 21131 20242 19514 19281 19801 20241 21285 22004
8561 8350 8115 8023 7969 7933 7915 7929 7969 8138 8191 9159 9721 10578 11373 12357 13360 14421 15483 16239 16240 16114 16054 16097 16098 16000 15832 15469 15013 14620 14303 14158 14242 14583 14903 15011 15129 15186 15513 16031 15943 15804 15610 15345 15924 16427 16713 17194 17204 17350 17563 17890 18240 19237 20096 20693 22303 23031 21636 22884 22226 22420 21882 21047 20640 20989 21597 21744 21154 20556 19789 19146 18884 19091 19506 20311 21142
8580 8378 8128 8030 7976 7952 7953 8015 8071 8047 8081 8478 9141 9877 10872 11705 12579 13597 14715 15414 15465 15386 15298 15329 15257 15161 15033 14827 14587 14357 14149 14003 13958 14185 14463 14549 14747 14935 15581 15846 15839 15811 15581 15325 15462 15546 16255 17080 17078 17357 17346 16957 17210 17767 18156 18637 19162 20106 20386 20977 22258 21325 20532 19681 19411 19465 20277 20546 20257 19494 18710 18208 18220 18566 19031 19558 20141
8582 8373 8193 8094 8033 8015 8041 8252 8558 8122 8062 8282 8988 9653 10398 11363 12066 12977 13692 14475 14547 14494 14376 14313 14216 14302 14270 14184 14155 14095 14013 13885 13776 13873 13984 13990 14305 14581 15288 15543 15689 15659 15524 15660 15792 15924 16029 16311 16571 16743 16652 16631 16824 17147 17522 17920 18268 18595 18647 18721 18138 17536 18352 18295 18186 18017 18304 18566 18440 17766 17561 17188 17463 18142 18592 18930 19187
8776 8468 8313 8227 8166 8094 8047 8058 8036 7999 8093 8481 8813 9226 10213 10941 11764 12616 13123 13651 13602 13515 13427 13264 13156 13271 13159 13203 13644 13816 13860 13862 13875 13942 14071 14084 14269 14476 14809 15169 15365 15484 15659 15656 15831 15964 15581 15788 16056 15968 15860 16024 16360 16784 17031 17180 17358 17497 17688 18136 18078 17950 17174 16348 15982 15786 15893 16024 16012 15660 15794 15905 16333 17255 17934 18298 18383
8932 8709 8572 8461 8341 8237 8120 8076 8077 8158 8359 8658 8985 9468 9996 10689 11523 12321 12755 12971 12926 12837 12722 12514 12344 12379 12295 12464 12804 13053 13258 13347 13431 13535 13596 13448 13904 14017 13494 13815 14297 14009 14269 15096 15326 15061 14751 15039 15264 15414 15299 15222 15379 15683 16094 16519 16990 17286 17659 17646 17302 16587 15766 14916 14681 14466 14470 14499 14520 14412 14635 14981 15612 16632 17468 17792 17750
9435 9164 8947 8741 8558 8435 8272 8210 8182 8325 8566 8869 9264 9587 9926 10461 11368 12051 12501 12674 12645 12517 12422 12437 12361 11597 12060 12300 12498 12737 12946 13119 13326 13715 13729 13738 14055 14175 14247 14495 14783 14640 14680 15353 15185 14965 14666 14717 15481 15196 14949 14809 14837 15016 15396 15888 16399 16685 16806 16550 16148 15461 14891 14351 13898 13560 13461 13479 13493 13575 13816 14408 15291 16433 17273 17545 17369
9795 9462 9199 8989 8808 8682 8585 8641 8294 8420 8582 8858 9182 9495 9890 10415 11150 11834 12386 12559 12507 12394 12263 12220 11965 12269 12432 12523 12505 12658 12814 12981 13151 13354 13449 13583 14090 14203 14499 14726 14726 14671 14526 14389 14783 14950 14631 14611 14740 14688 14655 14579 14535 14584 14834 15291 15754 16023 16008 15681 15520 15257 14965 14544 13906 13213 12768 12795 12674 13006 13979 14719 15520 16686 17425 17609 17313
9827 9549 9253 9010 8829 8741 8799 9543 8805 8707 8506 8689 8978 9243 9673 10295 11057 11667 12110 12251 12250 12215 12086 12034 11786 11894 12277 12465 12518 12623 12632 12731 12880 13069 13246 13446 13650 13854 14454 14586 14975 15077 14967 14885 14554 14048 13791 13804 14101 14379 14604 14659 14612 14603 14723 15094 15520 15838 15998 15777 15584 15491 15405 15100 14460 13499 12794 12641 13229 14049 14854 15658 16488 17337 17830 17889 17472
9760 9472 9133 8993 8882 8846 8789 8918 9454 8973 8879 8949 9057 9170 9446 10060 10750 11272 11661 11828 11842 11777 11653 11694 11560 11621 11889 12100 12214 12268 12307 12360 12229 12466 12855 13359 13466 13663 14062 14671 15235 15350 15268 14632 13805 13092 12991 12905 13672 14297 14851 15072 14981 14805 14776 15024 15462 15879 16233 16033 15807 15728 15649 15332 14656 13780 13220 13214 14189 15161 16205 17031 17779 18131 18325 18208 17704
9659 9385 9225 9155 9105 9051 8902 8862 8998 8809 8868 8939 9045 9204 9354 10112 10415 10842 11095 11303 11390 11377 11334 11306 11101 11126 11558 11774 11873 11863 11762 11709 11737 11820 12179 12661 12663 12857 13760 14647 15221 15233 14924 14336 13471 12643 12206 12568 13247 14048 15073 15439 15374 14964 14692 14797 15086 15300 15455 15427 15395 15428 15357 14981 14322 13721 13587 14231 15361 16640 17893 18578 18702 18636 18540 18322 17815
9746 9559 9486 9417 9392 9391 9388 9413 9458 9328 9452 9549 9686 9856 10015 10322 10583 10920 11101 11152 11171 11157 11165 11174 11260 11322 11488 11529 11556 11444 11155 10869 11030 11109 11468 11855 11860 12025 12749 13601 14397 14886 14660 14101 13299 12484 11999 12226 12704 13661 14125 14624 14732 14501 14093 13965 14121 14314 14358 14461 14589 14682 14556 14094 13569 13444 13940 15040 16507 17993 19211 19553 19307 18808 18386 18071 17646
9784 9649 9571 9537 9505 9508 9536 9571 9626 9633 9685 9775 9843 9953 10167 10576 10734 10813 10669 10709 10764 10883 11071 11170 11318 11383 11415 11419 11312 11075 10664 10201 10356 10788 11157 11447 11368 11495 12152 12582 13310 14072 14308 14158 13759 12837 12207 11894 12270 12698 13260 13736 13954 13692 13390 13050 13091 13359 13479 13583 13839 13913 13604 13044 12609 13183 14061 15337 16935 18475 19529 19741 19349 18687 18137 17776 17406
9784 9619 9552 9519 9506 9503 9527 9571 9616 9694 9773 9996 9908 9890 9988 10274 10581 10619 10447 10495 10585 10737 10902 11046 11175 11258 11401 11310 11139 10833 10374 9825 9408 10244 10567 10791 10658 10701 11252 12074 12607 13507 14360 14902 14252 13432 12792 12041 11517 11777 12315 12833 12985 12778 12445 12231 12273 12450 12681 12988 13323 13291 12851 12307 11902 12894 13837 15141 16618 18001 19126 19331 18952 18355 17825 17436 17072
9362 9285 9219 9203 9247 9250 9255 9260 9343 9482 9511 9508 9457 9422 9442 9942 9775 9803 9840 9902 9969 10067 10232 10472 10776 10931 11375 11222 10961 10594 10215 9841 9952 10200 10032 10091 10049 10058 10955 11391 12388 13350 14203 14661 14325 13514 12636 11940 11082 10872 11494 11863 12099 11832 11548 11390 11478 11550 11925 12568 12973 12943 12496 11944 11631 12339 13247 14365 15625 16819 17903 18381 18340 17992 17550 17128 16761
9110 9076 9008 8930 8729 8679 8656 8618 8844 8728 9284 9317 9205 9227 9215 9284 9268 9316 9402 9491 9592 9754 9939 10218 10921 11004 10737 10706 10059 10023 9999 10041 10495 10570 10241 9871 9213 9425 10388 11138 11964 12682 13638 14231 13542 12834 12123 11239 10499 10354 10568 11044 11154 10918 10640 10475 10616 10789 11478 12261 12656 12625 12185 11641 11281 11897 12620 13648 14712 15902 17029 17548 17721 17637 17357 17007 16570
8644 8730 8673 8621 8461 8396 8319 8234 8281 8239 8587 9184 8788 9025 9059 9045 9045 9083 9100 9184 9381 9632 9849 10025 10162 10226 10242 9792 9750 9935 10084 10758 10977 11357 11121 10518 9705 9652 9907 10715 11698 12524 13161 13475 12804 12141 11218 10717 9718 9377 9870 10164 10342 10295 9809 9756 9671 10299 11039 11765 12092 11900 11531 11096 10719 11208 12169 13065 13956 14928 16091 16770 17199 17339 17260 16945 16495
8494 8505 8428 8394 8278 8188 8070 7977 8058 8056 8311 8397 8563 8818 8869 8787 8791 8832 8626 8703 9186 8843 9368 9344 9390 9466 9437 9383 9667 10100 10453 11373 11725 12235 11883 11168 10408 9464 10156 10874 11511 12269 12785 12616 12204 11560 10746 9900 9189 8502 8880 9489 9455 9300 9080 8996 9369 9971 10722 10952 11161 11119 10987 10517 10278 10899 11563 12474 13246 14103 14994 15998 16634 17077 17132 16915 16412
7958 8016 8151 8160 8005 7928 7833 7589 7528 7497 7431 8173 8080 7985 8641 8180 8283 8756 8415 8405 8187 8627 8811 8922 9014 9074 8858 9038 9780 10241 11122 11919 12475 13072 12252 11683 10800 10125 10294 10764 11504 12153 12070 12037 11392 10630 9960 8998 8492 8192 8091 8522 8540 8620 8386 8614 9152 9666 9904 10241 10385 10491 10250 9723 9696 10281 10943 11620 12465 13369 14237 15247 16016 16801 17118 16968 16456
7234 7934 7516 7535 7556 7571 7559 7485 7458 7434 7473 7504 7440 7717 7773 7988 8064 7789 7886 7959 8057 8178 8069 8295 8440 8507 8518 9321 10009 10868 11779 12392 13085 13504 12673 12050 11270 10492 10266 10779 11220 11998 11608 11129 10543 9897 9055 8526 8187 7989 7928 7982 8004 8073 8193 8440 8807 9142 9392 9743 9798 9707 9281 9171 9262 9624 10357 11333 12029 12892 13750 14780 15752 16515 17027 17000 16481
7477 7606 7563 7562 7576 7581 7567 7564 7599 7597 7621 7441 7317 7005 7574 7574 7613 7660 6955 7226 7472 7728 7947 8195 8349 8499 9043 9365 10160 11038 11962 12905 13789 13801 13162 12255 11561 10773 10156 10635 10801 11040 10789 10197 9555 8975 8483 8193 7999 7885 7848 7835 7858 7910 8043 8227 8493 8743 8910 8981 8929 8847 8760 8745 8910 9302 9982 10828 11821 12624 13475 14222 15116 16084 16480 16737 16259
7912 7859 7809 7783 7782 7782 7722 7718 7743 7780 7920 7997 7985 7812 7454 7151 6961 6974 6994 7127 7324 7584 7852 8127 8356 8605 9299 9945 10743 11305 12251 13161 13829 13788 13096 12159 11440 10653 10046 10282 10501 10558 10157 9619 9047 8533 8195 8008 7908 7830 7811 7798 7790 7842 7920 8050 8208 8344 8427 8447 8411 8386 8381 8439 8620 8969 9801 10376 11212 12212 12889 13867 14521 15254 15385 15651 15149
8356 8232 8137 8090 8095 8067 7972 7927 7943 8066 8369 8570 8626 8494 8117 7745 7440 7211 7101 7086 7154 7411 7638 7913 8298 9208 9817 10289 11095 11942 12430 12869 13648 13602 12762 11917 10927 10474 10010 10057 10244 10084 9631 9066 8586 8230 8006 7897 7837 7825 7799 7792 7771 7762 7815 7896 7991 8065 8096 8105 8041 8047 8076 8143 8284 8549 8979 9885 10719 11411 12323 13207 13802 14225 14344 14529 14149
8440 8342 8276 8278 8311 8268 8158 8077 8078 8184 8443 8869 9056 9037 8832 8451 8014 7533 7323 7142 7108 7377 7602 7921 8369 8963 9625 10418 11016 11849 12280 12729 12963 12814 12245 11538 10694 10256 10038 9970 9934 9618 9126 8652 8245 8049 7921 7835 7826 7806 7808 7774 7723 7704 7717 7775 7847 7885 7867 7884 7890 7932 7967 8032 8137 8318 8625 9121 10025 10811 11419 12314 12854 13231 13295 13435 13092
8405 8314 8271 8262 8279 8242 8169 8123 8131 8238 8442 8832 9194 9324 9267 9000 8423 8027 7687 7441 7408 7427 7589 7979 8545 9292 10182 10948 11827 12355 12577 12705 12922 12723 12305 11830 11307 10736 10440 10027 9708 9236 8568 8299 8100 7979 7897 7843 7823 7831 7798 7779 7734 7697 7681 7701 7743 7770 7788 7814 7850 7886 7927 7983 8058 8185 8388 8706 9226 9899 10754 11320 11968 12366 12390 12467 12167
