Data/ppt/PRISM_ppt_pr_1963-1995_normal_450mM1_07_asc.asc
ncols 557
nrows 164
xllcorner -67.31875000000
yllcorner 17.86875000000
cellsize 0.00416666667
NODATA_value -9999
[rows 102 to 135 of 164, columns 308 to 384 of 557]
18509 19189 19869 19000 19747 20217 21120 22169 23954 23029 23564 23614 23415 23469 23752 24104 24260 24309 24363 24498 24670 24841 24910 25061 25212 25182 24964 24687 24536 24335 23562 22996 22868 22889 22763 22549 22104 21683 21439 21282 21346 21265 21094 20780 20181 20230 20258 20178 19822 19526 19954 20053 19782 18899 18203 17023 15958 15402 14844 14249 13567 12851 12792 12901 -9999 -9999 -9999 -9999 -9999 -9999 -9999 -9999 -9999 -9999 -9999 -9999 -9999
18473 19065 19287 18728 19782 20513 20892 21639 22712 23073 23523 23669 23554 23587 23929 24240 24378 24440 24548 24672 24822 24919 24933 24956 25022 25009 24803 24550 24385 24238 23372 22912 22896 23064 22699 22299 21898 21741 21701 21573 21523 21381 21121 20876 20755 20482 20264 20090 19834 19801 20026 20050 19883 19052 18079 17116 16563 15582 14858 14245 13666 12900 12769 12428 -9999 -9999 -9999 -9999 -9999 -9999 -9999 -9999 -9999 -9999 -9999 -9999 -9999
18830 19404 19787 18465 18752 19704 20487 20917 22241 23879 23276 23576 23693 23838 24116 24345 24432 24531 24636 24740 24835 24958 24983 24904 24867 24846 24699 24378 24111 23902 23538 23244 22892 22681 22381 22057 22002 21891 21901 21739 21604 21348 21049 20867 20818 20388 20223 20104 19952 19979 20028 19987 19781 18892 17831 16925 16411 15407 14608 13957 13174 12917 12891 12698 12720 -9999 -9999 -9999 -9999 -9999 -9999 -9999 -9999 -9999 -9999 -9999 -9999
19326 19571 19943 20850 19437 19400 20489 21319 21766 22684 23184 23688 23876 24038 24242 24379 24470 24553 24643 24669 24717 24851 24917 24894 24732 24635 24545 24277 23907 23629 23336 23016 22616 22394 22121 22087 21983 22017 21895 21749 21483 21183 20944 20848 20712 20372 20139 19882 19643 19891 19918 19762 19471 18350 17256 16452 15660 14849 14147 13763 13124 13031 12971 12885 -9999 -9999 -9999 -9999 -9999 -9999 -9999 -9999 -9999 -9999 -9999 -9999 -9999
19438 19679 20039 20042 19219 19679 20219 20553 21284 22447 23613 23789 24014 24127 24164 24352 24420 24563 24623 24626 24595 24646 24738 24672 24472 24351 24257 24045 23717 23315 22925 22525 22227 21988 21912 21897 21856 21823 21705 21482 21047 20818 20630 20584 20502 20410 20119 19743 19294 19637 19655 19317 18419 17512 16443 15919 15365 14651 13894 13176 12984 13057 12936 -9999 -9999 -9999 -9999 -9999 -9999 -9999 -9999 -9999 -9999 -9999 -9999 -9999 -9999
19512 19415 19887 20717 19499 19814 20276 20741 21262 22031 23458 23522 23838 23923 23964 24227 24416 24535 24612 24621 24600 24563 24463 24372 24141 23967 23882 23675 23350 22930 22457 22015 21656 21464 21454 21555 21285 21294 21145 20725 20036 19985 20076 20147 20166 20021 19726 19565 19363 19478 19337 18522 17561 16533 15721 15337 14296 13770 13494 13007 12945 13140 -9999 -9999 -9999 -9999 -9999 -9999 -9999 -9999 -9999 -9999 -9999 -9999 -9999 -9999 -9999
19399 19459 20023 20693 19698 19716 20061 20533 21521 22034 23405 23819 23590 23679 23744 24230 24438 24528 24579 24583 24513 24390 24219 24018 23798 23650 23452 23144 22751 22287 21809 21391 21101 20973 20888 20773 20548 20331 20025 19949 19555 19182 19531 19811 19926 19596 19178 19144 19289 19390 19118 18154 17130 16111 15271 14837 14113 13397 12872 12774 12850 13081 -9999 -9999 -9999 -9999 -9999 -9999 -9999 -9999 -9999 -9999 -9999 -9999 -9999 -9999 -9999
19063 19583 20172 20644 19689 19675 20143 20541 21017 21790 23055 23814 24194 24174 23939 24126 24406 24459 24492 24455 24297 24120 23883 23735 23587 23402 23097 22563 21849 21631 21237 20799 20406 20251 20043 19898 19806 19442 19376 19513 19269 18960 19041 19195 19321 18616 18780 19039 19312 19359 19050 18211 17157 15951 15056 14401 13906 13113 12845 12864 12937 13121 -9999 -9999 -9999 -9999 -9999 -9999 -9999 -9999 -9999 -9999 -9999 -9999 -9999 -9999 -9999
19016 19616 19948 20065 19350 19549 19886 19931 20678 21627 22119 23142 24264 24452 24118 23615 24063 24393 24418 24346 24132 23894 23710 23573 23479 23256 22838 22172 21441 21109 20334 19740 19198 19124 19053 18977 18915 19217 18859 18718 18548 18296 18472 18557 18435 18224 18597 18943 19227 19170 18777 18251 17139 15913 15073 14478 13805 13165 13005 13045 13016 -9999 -9999 -9999 -9999 -9999 -9999 -9999 -9999 -9999 -9999 -9999 -9999 -9999 -9999 -9999 -9999
18827 19440 19688 19596 19337 19341 19434 19262 20460 21547 21992 23133 24233 24197 23614 23229 23508 24202 24371 24260 24051 23831 23617 23504 23391 23138 22617 21869 21049 20434 19585 18588 18641 18631 18526 18458 18499 18719 18469 18295 18165 18079 18125 18168 18067 18014 18226 18709 19054 19087 18670 18211 17130 16208 15223 14408 13714 13308 13230 13236 -9999 -9999 -9999 -9999 -9999 -9999 -9999 -9999 -9999 -9999 -9999 -9999 -9999 -9999 -9999 -9999 -9999
17904 18492 19251 19483 19583 19316 19209 19433 20186 20589 21661 22849 24076 24297 24008 23271 23334 24031 24155 24063 23877 23669 23436 23240 23119 22855 22341 21607 20759 19939 18863 18424 18386 18337 18246 18272 18260 18316 18172 18028 18013 17929 17976 17935 17935 17910 18056 18517 18727 18196 18282 17272 16641 15859 15179 14552 13875 13519 13437 13430 -9999 -9999 -9999 -9999 -9999 -9999 -9999 -9999 -9999 -9999 -9999 -9999 -9999 -9999 -9999 -9999 -9999
17323 18133 18476 19102 19559 19293 19218 19558 20301 21500 22311 22830 23761 23844 23370 23755 23885 23866 23778 23626 23656 23444 23143 22862 22587 22331 21910 21275 20479 19746 18967 18416 18257 18164 18162 18173 18184 18088 17987 17946 17913 17912 17877 17874 17875 17880 17955 18295 18403 17763 17234 16723 16188 15508 15078 14608 14051 13757 13665 13598 -9999 -9999 -9999 -9999 -9999 -9999 -9999 -9999 -9999 -9999 -9999 -9999 -9999 -9999 -9999 -9999 -9999
17317 18141 18536 19011 18730 18969 19073 19483 20137 20637 21454 22284 22569 22849 22944 23258 23795 22782 22631 22360 23170 23205 22915 22543 22074 21662 21317 20776 20089 19497 18921 18394 18185 18101 18141 18151 18084 18000 17930 17906 17892 17873 17860 17845 17839 17778 17813 17983 17960 17150 16695 16242 15768 15250 14974 14649 14280 14006 13867 13868 -9999 -9999 -9999 -9999 -9999 -9999 -9999 -9999 -9999 -9999 -9999 -9999 -9999 -9999 -9999 -9999 -9999
16358 17526 18016 17964 18965 18916 18723 18800 19044 20213 20906 21348 21628 22396 22921 23380 23673 23421 23285 22037 22477 22780 22679 22281 21630 20898 20502 20061 19443 19127 18790 18345 18137 18103 18141 18160 18046 17965 17925 17895 17887 17874 17852 17838 17761 17683 17621 17697 17623 16809 16303 15817 15488 15014 14792 14600 14365 14144 14098 14426 -9999 -9999 -9999 -9999 -9999 -9999 -9999 -9999 -9999 -9999 -9999 -9999 -9999 -9999 -9999 -9999 -9999
15898 15955 16732 16853 17295 17722 18080 18338 18737 19724 20303 20959 21341 21586 21975 22281 23176 23254 22914 21944 21867 22006 22269 22020 21460 20524 19676 18938 18811 18772 18656 18262 18069 18108 18134 18100 18006 17951 17904 17896 17884 17867 17848 17809 17715 17590 17503 17499 17345 16528 15971 15012 14843 14708 14635 14592 14486 14327 14349 14468 -9999 -9999 -9999 -9999 -9999 -9999 -9999 -9999 -9999 -9999 -9999 -9999 -9999 -9999 -9999 -9999 -9999
16120 16270 16776 16516 16690 16315 17632 18192 18758 19189 20286 20734 21209 21424 21765 23055 23284 23198 22780 22242 21608 21604 21657 21404 20991 19689 19118 18537 18270 18243 18211 18087 18085 18091 18118 18012 17964 17906 17902 17888 17883 17863 17848 17781 17679 17538 17436 17317 17022 16179 15671 15224 14898 14713 14661 14696 14703 14805 15200 -9999 -9999 -9999 -9999 -9999 -9999 -9999 -9999 -9999 -9999 -9999 -9999 -9999 -9999 -9999 -9999 -9999 -9999
16424 16379 15933 15778 17120 17425 18087 18786 18980 19321 19591 19543 19828 20811 21090 22077 23031 22897 22071 22088 21913 21719 21648 21152 20594 19493 18978 18472 18158 18000 18038 18047 18056 18125 18042 17969 17907 17905 17898 17898 17879 17860 17810 17753 17625 17500 17362 17057 16334 15829 15443 15148 14845 14645 14581 14653 14743 15340 -9999 -9999 -9999 -9999 -9999 -9999 -9999 -9999 -9999 -9999 -9999 -9999 -9999 -9999 -9999 -9999 -9999 -9999 -9999
17180 17313 16767 16732 17408 17904 18458 19255 18664 18374 18729 18754 19034 19992 20529 21461 21815 22604 21992 22084 22182 21635 21200 20714 20070 19526 19213 18747 18297 18078 17970 18024 18036 18084 18045 17937 17912 17921 17914 17910 17897 17841 17802 17728 17614 17478 17188 16521 15981 15590 15286 15055 14772 14570 14550 14496 14332 -9999 -9999 -9999 -9999 -9999 -9999 -9999 -9999 -9999 -9999 -9999 -9999 -9999 -9999 -9999 -9999 -9999 -9999 -9999 -9999
17303 17493 17614 17748 17886 17986 18111 18318 18567 18291 17397 18372 18617 19097 20054 20908 21168 21556 21266 21520 22038 22019 21898 21310 20386 19777 19176 18699 18317 18075 18046 18044 18095 18153 18043 18074 17961 17958 17970 17886 17887 17878 17842 17778 17656 17372 17019 16300 15797 15472 15224 15094 -9999 14552 14549 14608 -9999 -9999 -9999 -9999 -9999 -9999 -9999 -9999 -9999 -9999 -9999 -9999 -9999 -9999 -9999 -9999 -9999 -9999 -9999 -9999 -9999
17214 17352 17592 17743 17836 17822 17833 18073 19139 18374 17937 18397 17633 18793 19356 20256 20569 20591 20451 20849 21194 21603 22083 21876 20978 20941 19054 18486 18395 18312 18327 18339 18373 18340 18194 18259 18065 18055 17956 17902 17922 17919 18008 17984 17612 17231 16825 16108 15651 15371 15189 -9999 -9999 -9999 -9999 -9999 -9999 -9999 -9999 -9999 -9999 -9999 -9999 -9999 -9999 -9999 -9999 -9999 -9999 -9999 -9999 -9999 -9999 -9999 -9999 -9999 -9999
17221 17275 17470 17587 17596 17544 17507 17657 17991 19056 18315 18499 18553 19201 20207 19967 19947 19507 19214 19525 20067 20779 21605 21342 20718 19964 19556 19515 18994 18796 18873 18913 18883 18837 18517 18527 18133 18171 18220 18055 18155 18126 18111 18168 17420 17104 16792 15944 15506 15267 15060 -9999 -9999 -9999 -9999 -9999 -9999 -9999 -9999 -9999 -9999 -9999 -9999 -9999 -9999 -9999 -9999 -9999 -9999 -9999 -9999 -9999 -9999 -9999 -9999 -9999 -9999
17425 17600 17670 17531 17405 17251 17195 17364 17602 17930 18119 18393 18617 19232 19502 19110 19547 18747 18294 18454 18885 19329 19662 19717 19790 19345 19380 19533 19547 19525 19547 19711 19501 19734 19604 19496 19114 18836 18785 18415 18513 18383 17682 17606 17380 17086 16709 15802 15341 15086 14897 -9999 -9999 -9999 -9999 -9999 -9999 -9999 -9999 -9999 -9999 -9999 -9999 -9999 -9999 -9999 -9999 -9999 -9999 -9999 -9999 -9999 -9999 -9999 -9999 -9999 -9999
17476 17374 17300 17207 17141 17076 17078 17234 17364 17485 17880 18084 18229 18394 18804 18719 18899 18417 17758 17430 17280 17269 17280 17174 17160 17199 18298 18875 18805 18737 18800 19097 18963 19558 19417 20330 20328 20174 20130 19125 18550 17651 17267 17218 17049 16801 16354 15443 15004 14788 14657 14605 -9999 -9999 -9999 -9999 -9999 -9999 -9999 -9999 -9999 -9999 -9999 -9999 -9999 -9999 -9999 -9999 -9999 -9999 -9999 -9999 -9999 -9999 -9999 -9999 -9999
17320 16987 16777 16746 16826 16938 17050 17218 17374 17433 17576 17565 17815 17859 17911 17952 17895 17759 17316 17012 16885 16842 16815 16730 16679 16650 16722 16972 16987 17102 17348 17712 17680 18620 18764 19810 20533 20583 20568 19385 18747 17918 17008 16934 16824 16726 15949 15192 14866 14703 14668 14593 -9999 -9999 -9999 -9999 -9999 -9999 -9999 -9999 -9999 -9999 -9999 -9999 -9999 -9999 -9999 -9999 -9999 -9999 -9999 -9999 -9999 -9999 -9999 -9999 -9999
17071 16555 16257 16216 16433 16696 16941 17166 17359 17487 17559 17665 17593 17475 17400 17550 17608 17428 17117 16920 16846 16744 16672 16556 16424 16326 16278 16367 16407 16468 16647 16801 16876 17023 16938 18368 19752 20128 21249 20010 19218 18588 16978 16669 16414 16143 15630 15103 14858 14766 14748 -9999 -9999 -9999 -9999 -9999 -9999 -9999 -9999 -9999 -9999 -9999 -9999 -9999 -9999 -9999 -9999 -9999 -9999 -9999 -9999 -9999 -9999 -9999 -9999 -9999 -9999
16734 16227 15977 15925 16118 16395 16720 16991 17223 17323 17366 17464 17451 17426 17346 17351 17388 17219 17015 16978 16893 16740 16580 16398 16147 15956 15877 15899 15972 15985 16012 16070 16235 16473 16789 17274 17909 17903 18674 20046 19112 17933 16689 16386 16104 15568 15183 14927 14804 14765 14834 14897 -9999 -9999 -9999 -9999 -9999 -9999 -9999 -9999 -9999 -9999 -9999 -9999 -9999 -9999 -9999 -9999 -9999 -9999 -9999 -9999 -9999 -9999 -9999 -9999 -9999
16350 15980 15801 15788 15962 16191 16430 16650 16826 16956 17024 17171 17289 17424 17476 17480 17562 17548 17256 17208 17076 16855 16601 16316 15967 15704 15567 15522 15537 15534 15519 15573 15715 15959 16310 16633 16957 16942 16738 17489 18011 17474 16579 16054 15517 15200 14953 14807 14743 14768 14795 -9999 -9999 -9999 -9999 -9999 -9999 -9999 -9999 -9999 -9999 -9999 -9999 -9999 -9999 -9999 -9999 -9999 -9999 -9999 -9999 -9999 -9999 -9999 -9999 -9999 -9999
16062 15880 15848 15889 16011 16158 16294 16420 16546 16597 16731 16851 17006 17197 17363 17449 17561 17709 17710 17712 17562 17244 16836 16448 16010 15660 15447 15333 15246 15213 15187 15209 15293 15464 15733 15980 16164 16190 16063 16921 16528 16127 15916 15436 15134 14949 14789 14694 14699 14712 -9999 -9999 -9999 -9999 -9999 -9999 -9999 -9999 -9999 -9999 -9999 -9999 -9999 -9999 -9999 -9999 -9999 -9999 -9999 -9999 -9999 -9999 -9999 -9999 -9999 -9999 -9999
15960 15944 15977 16063 16169 16254 16337 16411 16420 16424 16492 16634 16798 16948 17092 17275 17485 17684 17844 17814 17712 17420 17038 16634 16203 15835 15541 15316 15159 15048 14993 14984 15033 15139 15298 15466 15594 15637 15513 15505 15760 15680 15502 15143 14932 14808 14700 14664 14631 -9999 -9999 -9999 -9999 -9999 -9999 -9999 -9999 -9999 -9999 -9999 -9999 -9999 -9999 -9999 -9999 -9999 -9999 -9999 -9999 -9999 -9999 -9999 -9999 -9999 -9999 -9999 -9999
15908 15989 16119 16232 16283 16362 16395 16421 16450 16406 16499 16557 16719 16815 16882 16997 17261 17590 17772 17851 17771 17528 17235 16877 16486 16158 15840 15529 15248 15071 14945 14892 14901 14962 15056 15145 15193 15184 15103 15094 15395 15409 15222 14981 14884 -9999 -9999 14669 -9999 -9999 -9999 -9999 -9999 -9999 -9999 -9999 -9999 -9999 -9999 -9999 -9999 -9999 -9999 -9999 -9999 -9999 -9999 -9999 -9999 -9999 -9999 -9999 -9999 -9999 -9999 -9999 -9999
15829 16032 16215 16324 16367 16379 16397 16436 16470 16548 16588 16688 16755 16748 16707 16748 16908 17210 17599 17786 17857 17748 17514 17194 16911 16666 16334 15926 15533 15230 15010 14891 14855 14879 14925 14961 14965 14929 14873 14935 15206 15231 15021 14936 -9999 -9999 -9999 -9999 -9999 -9999 -9999 -9999 -9999 -9999 -9999 -9999 -9999 -9999 -9999 -9999 -9999 -9999 -9999 -9999 -9999 -9999 -9999 -9999 -9999 -9999 -9999 -9999 -9999 -9999 -9999 -9999 -9999
15815 16143 16320 16398 16387 16384 16408 16454 16527 16581 16627 16670 16675 16589 16504 16434 16451 16508 16890 17315 17801 18032 17980 17608 17283 17043 16726 16308 15884 15493 15098 14925 14852 14837 14855 14865 14850 14808 14835 14830 -9999 -9999 14912 -9999 -9999 -9999 -9999 -9999 -9999 -9999 -9999 -9999 -9999 -9999 -9999 -9999 -9999 -9999 -9999 -9999 -9999 -9999 -9999 -9999 -9999 -9999 -9999 -9999 -9999 -9999 -9999 -9999 -9999 -9999 -9999 -9999 -9999
15881 16194 16359 16396 16385 16372 16371 16408 16453 16476 16431 16417 16380 16264 16069 15991 16065 16220 16499 16643 17143 17488 17598 17515 17350 17141 16884 16549 16135 15660 15121 14919 14839 14810 14807 14803 14784 14786 14770 -9999 -9999 -9999 -9999 -9999 -9999 -9999 -9999 -9999 -9999 -9999 -9999 -9999 -9999 -9999 -9999 -9999 -9999 -9999 -9999 -9999 -9999 -9999 -9999 -9999 -9999 -9999 -9999 -9999 -9999 -9999 -9999 -9999 -9999 -9999 -9999 -9999 -9999
15838 16128 16269 16325 16328 16319 16320 16326 16347 16336 16310 16190 16196 16037 15876 15889 15982 16076 16225 16259 16610 16802 16872 16988 17040 16960 16837 16523 16135 15722 15234 14975 14837 14777 14756 14751 14743 14749 -9999 -9999 -9999 -9999 -9999 -9999 -9999 -9999 -9999 -9999 -9999 -9999 -9999 -9999 -9999 -9999 -9999 -9999 -9999 -9999 -9999 -9999 -9999 -9999 -9999 -9999 -9999 -9999 -9999 -9999 -9999 -9999 -9999 -9999 -9999 -9999 -9999 -9999 -9999
