Data/ppt/PRISM_ppt_pr_1963-1995_normal_450mM1_07_asc.asc
ncols 557
nrows 164
xllcorner -67.31875000000
yllcorner 17.86875000000
cellsize 0.00416666667
NODATA_value -9999
[rows 68 to 101 of 164, columns 154 to 230 of 557]
14469 13827 13428 12509 12114 12261 12230 12271 12192 12377 12655 12893 13015 13023 12855 12650 12464 12108 11887 11807 11638 11583 11616 11524 11497 11485 11279 10944 10854 10842 10952 11193 11393 11432 11352 11255 11114 10955 10880 10572 10344 10125 10119 10130 10126 10314 10700 10386 9577 8723 8998 8438 8360 8541 9026 9772 10187 11120 11736 12164 11773 12706 13297 12747 13110 13155 13489 13249 13471 13240 13208 13365 13366 13523 13521 13398 13337
14076 13884 13776 13268 12801 12535 12383 12418 12256 12463 12707 12963 13109 13055 12902 12672 12436 12104 11896 11897 11829 11792 11679 11304 11151 11441 11085 10908 10936 10904 10948 11072 11364 11351 11330 11143 10946 10642 11054 10386 10458 9852 9843 9881 9637 10075 10140 9854 9355 9422 9231 8995 8234 8256 8564 8957 9249 10212 11193 11342 11064 11890 12656 12408 12843 12875 13004 12998 13176 12831 12903 13346 13010 13515 13533 13523 13438
13767 13696 13473 13225 13074 13028 12789 12826 12852 12799 12834 13037 13111 13013 12841 12607 12323 11987 11860 12027 11923 11893 11637 11251 11203 11174 11087 11106 11266 11005 11116 11115 11108 11066 11175 10963 10601 10245 10344 10281 10207 9664 9610 9858 9612 9579 9825 9804 9725 9583 9280 8872 8604 8464 7770 8105 8477 9473 10337 10694 10294 11275 11736 11936 12158 12237 12140 12344 12375 12146 12603 12841 12746 12854 13094 13347 13484
13691 13533 13212 13049 13141 13344 12935 12777 12771 12724 12909 12987 12997 12734 12669 12499 12274 11999 11900 12101 11481 11777 11847 12087 11802 11658 11515 11360 11103 10675 11412 11409 11094 10939 11029 10910 10641 10229 10764 10426 10343 9596 9393 9451 9419 9348 9573 9609 9662 9214 9012 8719 8579 8619 8441 8722 9062 9177 10317 10334 9781 10702 11194 11319 11600 11613 11543 11612 11626 11587 12031 12136 12162 12056 12434 12555 13385
13756 13460 13146 12989 12998 12719 12519 12253 12320 12047 13353 12759 13281 12566 12433 12231 12094 11948 11706 11608 11630 11969 12146 12370 12246 12239 12035 11859 11639 11534 11322 11260 10869 10644 10244 10709 10557 10232 10106 10048 9931 9567 8893 8746 9177 8849 8933 9117 9208 9020 8852 8687 8926 9014 8866 9077 9729 9510 9456 9640 9638 10161 10470 10631 11255 11105 11186 10965 10923 11145 11110 11216 11272 11323 11552 11983 12602
13662 12955 13001 12843 12828 12559 12300 11811 11829 11311 11913 11864 12097 12394 12388 12028 11971 11875 11532 11588 11833 12438 12660 12706 12796 12680 12507 12474 12225 12099 11900 11600 11242 10984 10587 10681 10447 10162 9892 9415 9751 9807 10029 9928 9319 8938 8997 9044 9160 9016 8820 8675 8762 9030 9501 9063 8906 9304 9326 9569 9726 10066 10296 10408 10556 10493 10343 10288 10206 10324 10228 10366 10296 10522 10620 11218 11843
13620 13269 13027 12237 12513 12451 12035 11631 11281 10865 10737 11371 11754 11967 12053 12009 12282 12241 11931 12129 12505 12651 12754 12982 13075 13057 12981 13021 12916 12787 12535 12055 11656 11082 10452 10284 9935 9493 9847 9003 9183 9215 9265 9103 9268 9133 9185 9218 9279 9234 9143 9069 9005 8705 8528 9271 9430 9646 9435 9869 10073 10439 10120 9951 9856 9743 9740 9945 9869 9730 9670 10117 9331 10040 10152 10470 11141
13579 13354 13096 12849 12708 12182 11801 11524 11166 10728 10428 10115 10691 11456 11811 12091 12734 12459 12313 12477 12556 12379 12622 13086 13148 13272 13422 13496 13439 13319 12690 12115 11685 11083 10193 9869 9447 9092 8997 8770 8269 8963 9088 9072 9273 9387 9455 9437 9273 9024 9174 9024 9081 9096 9705 9407 9472 9847 10300 10349 9774 10487 10246 9907 9839 9798 9748 9819 9753 9673 9591 10372 9910 10005 9878 9668 10195
13697 13412 13040 12724 12437 11972 11589 11289 10915 10487 10311 10215 10325 10855 11456 11971 12363 12360 12426 12474 12590 12848 12670 12799 12931 13215 13500 13712 13818 13731 13367 12714 12118 11352 10480 10061 9600 9140 8737 8463 8324 8331 8689 8980 9368 9842 10005 10061 9810 9491 9318 8499 8657 8835 8780 9224 9647 10132 10577 10660 10519 10295 10187 9890 9877 9760 9815 9845 9865 9962 10007 10260 10055 9992 9325 9439 9412
13678 13324 13050 12789 12409 11938 11473 11113 10772 10334 10180 10058 10030 10352 10825 11531 11746 11837 11819 11379 11466 11623 11897 12122 12504 12942 13371 13785 14087 14192 14199 14039 13707 12901 12086 11217 9639 9404 9071 8632 8533 8580 8742 9121 9553 9870 10204 10403 10248 9993 9600 9131 9164 9271 9539 9675 9955 10959 10803 10781 10790 10826 10437 10236 10286 9748 10186 10053 9948 9947 9942 9976 9988 10149 9821 9531 10028
13567 13294 13184 12959 12538 12016 11511 11093 10692 9805 9762 9644 9731 9977 10296 10797 10692 10746 10922 10596 10633 10735 10952 11281 11970 12605 13187 13704 14156 14424 14627 14688 14613 14354 13639 12436 10804 9970 9285 8990 8950 9022 9112 9468 9862 10125 10518 10799 10755 10384 9897 9629 10034 10219 10105 10128 10407 10667 10877 11363 11251 11471 10927 10628 10573 10378 10055 10041 9997 9972 10001 10037 10045 10078 10176 9957 10238
13501 13387 13285 13189 12893 12309 11770 11215 10825 10431 9728 9513 9588 9831 9945 10021 9993 9941 10039 10260 10371 10476 10689 11022 11535 12284 12897 13418 14008 14369 14682 14917 15060 14985 14595 13424 12074 10909 9527 9404 9456 9539 9683 9763 10058 10455 10819 11051 11060 10836 10508 10106 10186 10273 10328 10454 10842 11045 11022 11862 11425 11324 11262 11118 10864 10712 10433 10026 10071 10095 10199 10295 10437 10363 10241 10209 10117
13715 13527 13490 13416 13231 12749 12163 11539 11105 10631 10205 9599 9620 9882 9891 9836 9779 9794 9892 10226 10404 10557 10829 11175 11634 12203 12696 13208 13655 13875 14193 14738 15204 15297 14962 14251 12951 11452 10502 10262 10593 10109 10319 10462 10552 10833 11094 11258 11282 11158 10903 10620 10196 9793 10548 10657 10941 11091 11149 11389 11343 11277 11997 11804 10989 11418 11225 10814 10915 11124 10521 10592 11363 11273 10945 10379 10128
13883 13782 13727 13699 13577 13313 12616 12119 11552 10966 10540 10157 9967 9824 9813 9780 9811 9951 10154 10457 10725 10998 11310 11659 12043 12414 12682 12975 13323 13639 14041 14450 14884 14906 14998 14418 13289 11901 10209 10620 11089 11572 11048 11080 11161 11223 11320 11416 11457 11412 11253 11018 10704 10097 10520 10623 10915 11056 11236 11407 11539 11852 11984 11853 11751 11681 11453 11224 11338 11419 11394 10827 10722 11354 11381 11008 10755
14135 14035 14033 14048 13950 13683 12921 12444 11987 11359 10791 10377 10095 9870 9837 9834 9973 10357 10836 10983 11332 11647 11954 12237 12528 12738 12843 12973 13178 13462 13898 14293 14774 15196 15030 14639 13591 12521 11031 10459 11469 12063 11497 11504 11549 11517 11499 11519 11567 11581 11510 11354 11120 10735 10318 10142 10380 10872 11258 11468 11579 11758 11732 11496 11883 11783 11473 11498 11578 11600 11635 11528 11517 11383 11597 10963 10706
14426 14286 14234 14226 14140 13886 13246 12716 12314 11898 11081 10639 10260 10062 10016 10129 10376 10907 11426 11935 12238 12411 12611 12805 12985 13090 13096 13106 13222 13440 13816 14231 14708 15162 14203 14359 13559 12665 11678 11096 11116 11375 11714 11873 11857 11746 11625 11591 11635 11686 11661 11557 11368 11022 10627 10350 10479 11251 11427 11496 11559 11612 11601 11729 12001 11979 11797 11746 11780 11808 11623 11449 11399 11226 11114 11118 11031
14804 14607 14430 14354 14204 13954 13424 13005 12585 12193 11707 10846 10523 10394 10404 10617 11261 11512 12047 12514 12857 13034 13163 13277 13378 13421 13372 13311 13348 13523 13852 14267 14661 14972 14699 14019 13621 12852 12057 11518 11477 11496 11855 12021 12076 11889 11732 11693 11748 11793 11849 11778 11602 11283 10869 10501 10937 11447 11744 11697 11710 11663 11686 11723 11939 12011 11953 11900 12181 12195 11476 11321 11308 11206 11047 10895 10597
15101 14926 14687 14533 14269 13956 13533 13212 12788 12412 11966 11230 10973 10939 11027 11162 11834 12151 12598 13022 13349 13528 13638 13709 13769 13748 13653 13544 13550 13727 14058 14385 14690 14858 14843 14502 13940 13023 12051 11611 11274 11643 12064 12271 12622 12255 12033 11916 11903 11995 12099 12093 11890 11510 11179 11074 11304 11680 11987 12113 12113 11747 11602 11164 11235 11841 11818 11848 12284 11972 11670 11268 11213 11229 11059 10541 10241
15269 15204 15101 14825 14398 14027 13567 13217 12884 12650 12335 11691 11511 11624 11986 12267 12534 12751 13177 13574 13848 14005 14070 14088 14104 14047 13940 13840 13838 13990 14267 14558 14792 14962 14920 14734 14322 13366 11668 11515 11622 12257 12629 12442 12519 12297 12272 12130 12116 12046 12191 12230 12127 11784 11429 11116 11285 11675 12317 12887 12839 12158 11871 11390 11004 11567 11407 11563 11958 11813 11264 10785 10782 11177 11132 10762 9969
15410 15382 15325 14995 14582 14189 13631 13252 12972 12807 12637 12435 12379 12463 12565 12829 13047 13433 13856 14178 14319 14404 14457 14460 14466 14399 14298 14203 14176 14272 14491 14753 14983 15095 15075 14904 14544 14125 12653 12152 12168 12654 13246 12685 12981 12356 12654 12570 12638 12272 12345 12435 12268 12053 11842 11508 11427 11990 12170 12386 12958 12523 12074 11631 11260 10600 11097 11186 11772 11521 10998 10799 11345 11287 11172 10704 10074
15349 15260 15224 15040 14865 14499 13812 13409 13097 12961 12923 12845 12872 13037 13246 13644 14075 14192 14373 14617 14763 14837 14876 14874 14859 14799 14680 14553 14488 14535 14707 14933 15124 15241 15229 15063 14610 13739 13170 12973 12863 13373 13478 13328 13651 13128 13471 13120 13076 12796 12885 12930 12442 12220 12177 12134 11754 11572 11627 11705 12387 12450 12500 11839 11512 10881 10586 11015 11288 11199 11189 11007 10514 10549 10839 10716 10363
15255 15155 15070 15018 14886 14629 14180 13736 13401 13267 13358 13324 13386 13538 13779 14180 14513 14698 14852 15025 15129 15204 15241 15294 15265 15193 15028 14858 14749 14751 14860 15039 15210 15312 15308 15175 14830 14070 13581 13593 13606 14087 14010 13994 14205 13694 14015 13874 13959 13629 13476 13184 12918 12756 12685 12514 11857 11793 11398 11422 11599 11906 11889 11914 11936 11375 11265 11171 11232 11367 11400 11246 11167 10931 10815 10701 10495
15303 15214 15122 15053 15032 14846 14578 14354 14180 13999 13980 14018 14117 14157 14313 14685 14933 15139 15258 15361 15459 15425 15527 15595 15559 15422 15236 15047 14914 14881 14917 15072 15239 15335 15325 15181 14921 14491 14015 14084 14193 14400 14553 14685 14576 14766 14605 14440 14433 14192 13814 13455 13805 12976 12834 12717 12331 12088 11837 11276 11352 11870 11307 11786 11246 11438 11487 11411 11443 11449 11447 11267 11169 10857 10688 10546 10471
15450 15437 15340 15341 15454 15378 15012 14803 14678 14529 14532 14624 14692 14851 15365 15562 15804 15868 15873 15884 15870 15656 15600 15676 15613 15483 15304 15128 15010 14922 14942 15036 15238 15379 15337 15180 14946 14686 14418 14499 14649 14745 14852 15083 15151 15449 15127 14769 14741 13570 12886 12611 12689 12704 12849 12938 12608 12324 12124 11981 11883 12050 11787 11870 11789 11838 11928 12021 12024 11782 11835 11133 11022 10749 10522 10086 10256
15845 16004 15933 15838 15807 15641 15260 15001 14862 14689 14721 15089 15234 15338 15667 16152 16366 16207 16157 16188 16059 15887 15805 15642 15588 15453 15290 15174 15072 15024 14967 15027 15144 15248 15245 15090 14928 14737 14694 14907 15000 15023 15046 15471 15382 15227 14731 14402 13305 12702 12330 12019 12107 12241 11814 12572 12587 12345 12158 11791 11965 12222 11939 11917 11896 11960 12010 12115 12255 12494 12112 11965 11668 11389 10874 10219 10182
16468 16422 16293 16155 15932 15702 15380 15048 14983 14883 14956 15370 15414 16106 16382 15212 16267 16269 16382 16414 16226 16114 16090 15642 15560 15309 15229 15156 15107 15070 15032 14982 14991 15096 15101 15065 14997 14981 15277 15175 14796 14436 14311 14327 14072 13902 13188 12971 12668 12360 11416 11192 11311 11540 11597 11769 11706 11589 11560 11561 11907 12031 12084 12113 12051 12070 12087 12152 12140 12211 11968 11597 11022 10325 10039 9979 10070
16722 16535 16418 16251 15848 15598 16100 15106 14909 14685 14450 15242 14747 14657 14653 14762 15027 15158 15879 15042 15871 15995 16459 15809 15678 15178 15099 15050 15052 15036 15013 14928 14913 14977 15107 15158 15264 15395 15508 15035 13848 12872 12655 12760 12789 12684 12477 12208 11857 11428 11056 10868 10971 11223 11381 11363 10999 10960 11243 11244 10715 10667 11139 12115 12162 12321 12364 12355 12166 12025 11779 11352 10749 9917 9349 10150 10261
16656 16402 16263 16034 15295 14842 14837 14633 13968 14226 14289 14530 14432 14424 14344 14318 14056 14001 14136 14021 14448 14054 14322 15245 15312 14811 14893 14884 14887 14899 14897 14881 14850 14999 15152 15310 15509 15524 15359 14091 12420 11559 11127 11411 11686 11835 11799 11633 11440 11163 10906 10774 10833 11038 11205 11294 11133 10761 11133 11267 11231 11294 11316 10607 10840 11580 12031 11994 12040 12122 11820 11351 10908 10070 9891 10127 10243
16358 16222 16146 15990 15149 14809 14890 14952 14859 14795 14556 15112 14205 14319 14397 13611 13490 13174 13170 13141 13186 13166 12495 12737 13102 13581 14304 14609 14745 14708 14738 14743 14781 14996 15133 15314 15507 15223 14417 12990 11421 10401 10716 11074 11328 11466 11441 11301 11159 10966 10760 10653 10684 10826 11018 11149 11202 11097 11194 11176 11199 11213 11292 11332 11000 10791 10809 10553 10453 10120 9602 9253 9523 10035 9632 9723 9997
16138 15969 15801 15523 15044 14885 15011 15030 14610 14626 14276 14121 13905 13753 13498 12599 12640 12498 12475 12244 12111 12037 11985 12072 12297 12662 13102 14720 14674 14579 14602 14633 14696 14917 14890 14896 14846 14573 13606 12182 11050 10678 10766 10927 11007 11006 10945 10849 10746 10626 10529 10487 10489 10586 10746 10967 11122 11202 11194 11145 11043 10976 11024 11176 11158 10850 10606 10071 9852 9626 9228 8900 7946 8583 8542 8875 9604
16308 16047 15878 15780 15407 15370 15482 15763 15121 14530 13881 13131 14204 14123 13301 12638 12344 12127 12150 12005 11822 11721 11675 11706 11841 12065 12612 13196 13802 14299 14503 14542 14468 14506 14418 14367 14111 13534 12644 11675 11105 10865 10762 10697 10651 10566 10490 10424 10384 10372 10359 10346 10346 10393 10524 10740 10974 11109 11147 11072 10946 10842 10893 11067 11232 11214 10733 10427 10056 9909 9865 8988 8550 8313 8205 8405 9124
16250 15737 15563 15590 15679 15671 15704 16123 15412 14527 13738 13084 13005 12598 11842 11693 11532 11617 11833 11825 11706 11551 11485 11441 11534 11744 12067 12350 12709 13024 13410 13555 13510 13456 13380 13270 12998 12603 12053 11539 11129 10840 10563 10390 10320 10257 10207 10195 10221 10269 10297 10279 10241 10269 10377 10508 10737 10934 11047 11056 10960 10871 10896 11026 11170 11249 11185 11050 10276 10130 10262 9479 9041 8247 8621 8754 9064
16237 15460 15156 15133 15593 15592 15532 15635 15394 15146 14287 13509 13191 12525 11683 11408 11334 11389 11584 11698 11606 11480 11328 11221 11248 11426 11650 11957 12337 12547 12741 12806 12776 12744 12705 12669 12524 12309 11888 11411 10998 10593 10288 10126 10067 10055 10070 10113 10216 10305 10333 10268 10177 10180 10262 10380 10531 10779 10962 11044 11068 11017 11040 11093 11133 11166 11164 11064 10810 10516 10207 9710 9197 8926 8834 8826 8625
15550 15092 14790 14739 14891 14761 14721 14748 14664 14644 14303 14056 13826 12839 11644 11267 11159 11238 11393 11556 11538 11386 11226 11090 11065 11191 11386 11623 11891 12037 12153 12158 12067 12075 12115 12098 12004 11822 11438 11024 10629 10263 10004 9862 9825 9901 10021 10155 10289 10398 10381 10256 10112 10085 10206 10299 10491 10773 11018 11149 11200 11235 11220 11202 11167 11150 11106 11040 10870 10598 10212 9957 9732 9606 9367 9388 9356
