Data/ppt/PRISM_ppt_pr_1963-1995_normal_450mM1_11_asc.asc
ncols 557
nrows 164
xllcorner -67.31875000000
yllcorner 17.86875000000
cellsize 0.00416666667
NODATA_value -9999
[rows 102 to 135 of 164, columns 231 to 307 of 557]
15822 15733 15577 15567 15648 15878 16090 16364 16448 16578 16640 16681 16750 16769 16791 16813 16902 17124 17237 17356 17502 17656 17812 18022 18211 18282 18395 18494 18369 18185 18021 17775 17496 17168 16790 16460 16206 16061 15963 15918 15901 15907 15935 15887 15948 15904 15882 15833 15801 15848 15896 15883 15832 15758 15753 15794 15909 16116 16200 15989 16069 16460 17088 17946 19005 20322 21757 22992 23663 24011 23925 23545 22999 22700 23122 22403 21808
15930 15705 15565 15473 15551 15674 15888 16021 16140 16238 16251 16363 16515 16597 16748 16798 16813 17063 17222 17392 17614 17815 17949 18123 18217 18357 18568 18670 18549 18456 18368 18198 17958 17641 17297 16929 16583 16330 16170 16093 16051 16028 16003 15986 15974 15939 15803 15814 15837 15856 15869 16001 15925 15933 15941 15987 16112 16229 16222 16184 16564 17144 18000 19247 20908 22673 24212 25733 26348 26618 26650 26491 26002 25915 24951 23680 22032
15784 15500 15334 15328 15367 15400 15550 15700 15826 15980 15867 15972 16216 16397 16742 16821 16712 16888 17264 17381 17685 17996 18219 18345 18371 18407 18589 18756 18850 18955 18912 18783 18537 18186 17817 17392 16955 16596 16365 16231 16171 16121 16068 15978 16013 15952 15966 15897 15941 15965 16079 16224 16226 16199 16192 16186 16269 16231 16171 16311 16728 17361 18392 20079 22104 24115 26046 27299 27777 28103 28300 28368 28300 27608 26305 24292 22534
14882 14806 14823 14914 14969 14893 14967 15075 15231 15774 15545 15598 15863 16040 16160 16264 16279 16434 17451 17268 17690 17995 18279 18387 18339 18276 18354 18567 18967 19241 19294 19243 18987 18604 18210 17783 17331 16928 16618 16442 16330 16269 16192 16100 16024 16093 16108 16134 16171 16235 16372 16582 16610 16568 16434 16321 16242 16182 16111 16251 16600 17203 18211 20075 22166 24182 25878 27557 28076 28494 28862 29087 29035 28395 27073 25107 23645
14375 14348 14361 14494 14691 14768 14822 14816 14827 14929 15236 15418 15685 15829 15909 15964 16029 16143 16466 16643 17686 17856 18217 18236 18166 18118 18164 18422 18841 19233 19385 19403 19175 18810 18431 18036 17609 17229 16933 16721 16590 16505 16429 16338 16275 16276 16415 16527 16694 16834 16979 17065 17042 16889 16639 16377 16240 16146 16105 16162 16346 16887 17736 19259 21137 22879 24785 26009 27327 27872 28333 28701 28743 28298 27270 25634 23806
13818 13835 13959 14171 14350 14571 14702 14712 14660 14659 14897 15017 15244 15545 15718 15841 15928 16030 16266 16457 16864 17204 18049 17977 17990 17948 18072 18356 18798 19152 19257 19205 18995 18765 18494 18181 17828 17512 17290 17130 17007 16893 16791 16733 16718 16783 16940 17127 17319 17485 17544 17481 17314 17086 16801 16488 16297 16220 16241 16192 16282 16699 17488 18955 20432 21846 23089 24641 26142 26710 27046 27360 27433 27294 26538 25370 24100
13324 13386 13587 13902 14136 14367 14606 14634 14556 14598 14778 14870 14946 15223 15509 15701 15810 15962 16150 16378 16608 16848 17226 17455 17734 17830 17977 18346 18699 18983 18987 18849 18657 18523 18375 18219 18014 17845 17728 17629 17513 17365 17252 17192 17204 17292 17457 17669 17888 18003 17936 17731 17474 17190 16915 16642 16406 16301 16306 16318 16347 16690 17309 18251 19413 20689 21997 23408 24334 25080 25402 25422 25124 24733 24419 23868 23526
12899 12975 13221 13640 13984 14270 14488 14491 14451 14442 14557 14665 14739 14929 15192 15421 15610 15783 16004 16214 16412 16656 16908 17112 17354 17503 17790 18175 18404 18552 18535 18422 18240 18146 18111 18114 18140 18158 18202 18208 18111 17922 17763 17669 17656 17736 17890 18083 18267 18312 18163 17890 17577 17278 17054 16808 16599 16447 16405 16384 16440 16672 17173 18114 19293 20127 21260 22864 23777 24123 24158 23991 23471 23261 22366 22511 22445
12516 12596 12833 13238 13699 14047 14280 14301 14287 14227 14272 14463 14597 14776 14894 15123 15352 15546 15756 15920 16134 16520 16838 17052 17164 17308 17412 17652 17771 17888 17826 17723 17616 17598 17691 17841 18057 18309 18600 18764 18720 18501 18254 18075 18003 18042 18178 18362 18514 18523 18350 18050 17727 17451 17230 17052 16842 16601 16500 16454 16485 16675 17038 17703 18682 19793 20957 21875 22418 22454 21928 21059 20449 20353 20745 21503 21582
12242 12361 12621 12964 13324 13657 13944 14049 14094 14053 14092 14342 14564 14680 14766 14831 15042 15283 15517 15670 15893 16370 16809 17037 17150 17102 17007 16970 16889 16876 16839 16808 16797 16901 17180 17455 17842 18340 18846 19155 19100 18808 18455 18177 18043 18046 18145 18342 18523 18591 18485 18257 17981 17728 17522 17317 17097 16771 16581 16517 16522 16645 16901 17418 18233 19228 20234 20882 20984 20679 19212 17796 17386 17772 18845 20063 20948
12120 12315 12609 12898 13174 13402 13597 13728 13855 13878 14024 14231 14473 14619 14687 14718 14860 15158 15441 15648 15927 16363 16753 16953 16965 16796 16538 16372 16216 16109 16084 16069 16131 16308 16706 17210 17819 18440 18971 19252 19145 18780 18347 17986 17769 17717 17789 17995 18300 18483 18598 18566 18388 18130 17886 17677 17341 16920 16710 16588 16556 16611 16822 17275 17961 18812 19587 19969 19788 18606 16750 16418 16411 16808 17751 18888 19946
12118 12455 12827 13139 13406 13560 13686 13778 13855 13957 14064 14263 14404 14585 14734 14773 14938 15245 15591 15814 16132 16488 16764 16825 16657 16283 15892 15614 15478 15462 15551 15649 15827 16091 16587 17230 17934 18602 19128 19244 18992 18454 17944 17502 17226 17135 17198 17404 17844 18202 18574 18821 18848 18550 18250 17991 17565 17161 16913 16738 16639 16639 16824 17175 17711 18351 18754 18796 18289 17082 16171 15828 15810 16268 17115 18221 18841
12379 12871 13294 13605 13831 13950 14037 14104 14163 14276 14490 14603 14666 14791 14933 15050 15238 15598 15960 16115 16326 16555 16713 16613 16262 15783 15372 15023 14875 15079 15370 15675 16010 16330 16778 17296 17823 18263 18524 18466 18147 17694 17262 16914 16678 16638 16741 16881 17216 17693 18286 18900 19183 19026 18655 18320 17865 17534 17244 17007 16849 16833 16921 17194 17504 17849 18045 17976 17477 16857 16139 15676 15568 15915 16550 17355 18227
12915 13595 14233 14471 14655 14706 14729 14794 14932 15148 15242 15134 15177 15338 15499 15793 16071 16322 16489 16363 16367 16347 16375 16199 15827 15292 14809 14353 14218 14775 15279 15733 16197 16642 17021 17335 17619 17799 17848 17689 17354 16983 16624 16333 16208 16266 16375 16491 16853 17426 17990 18640 19118 19227 18939 18682 18259 17972 17704 17447 17242 17120 17169 17315 17493 17656 17719 17614 17235 16700 16145 15912 15922 15950 16239 16728 17211
13076 13896 14654 15285 15629 15638 15591 15529 15575 16003 15980 15678 15718 15981 16068 16276 16460 16727 16849 16500 16298 15938 15803 15605 15225 14742 14251 13557 14095 14928 15453 15931 16384 16780 17135 17195 17312 17300 17234 17049 16702 16417 16182 16082 16036 16109 16207 16396 17000 17471 17868 18403 19039 19395 19325 19256 18852 18442 18036 17779 17515 17381 17400 17505 17595 17642 17595 17422 17119 16725 16371 16147 15967 15485 15556 16146 16482
13395 14279 14940 15734 16208 16702 16675 16661 16499 16279 16406 16450 16162 16079 15708 15876 16048 16527 16494 15454 15259 15112 14951 14775 14411 14006 13702 13272 14152 14819 15453 16057 16469 16838 17156 16972 16880 16792 16660 16501 16247 16006 15909 16023 16172 16313 16498 16723 17115 17463 17803 18232 18828 19454 19777 19717 19312 18694 18158 17864 17694 17600 17672 17765 17787 17731 17589 17327 17012 16734 16467 16327 15979 15470 15164 14988 15176
13175 14221 15326 16316 16821 17244 17360 17408 17227 17125 17023 16885 16525 16324 15867 15960 15904 15722 15219 14774 14460 14338 14215 14110 13639 13252 12827 12774 13385 14389 15288 15920 16299 16500 16575 16438 16369 16290 16136 15976 15950 15975 16009 16270 16478 16641 16828 16990 17220 17474 17790 18160 18689 19300 19675 19628 19292 18462 18258 18104 17956 17933 17880 17945 17891 17784 17572 17268 16934 16661 16536 16389 15621 14838 14261 13656 14153
13265 14308 15398 16311 17500 17656 17792 17929 17779 17756 17397 17325 16693 16448 16109 15975 15645 15121 14496 13994 13699 13580 13521 13435 13111 12747 12396 12430 13234 14149 15072 15660 15938 15969 15663 15372 15287 15409 15686 15626 15915 16142 16367 16628 16842 16998 17146 17256 17381 17587 17826 18183 18565 19022 19227 19047 18554 18855 18743 18544 18436 18386 18071 17937 17891 17750 17543 17223 16884 16610 16367 15986 15028 14236 13590 13033 13269
13587 14460 15145 15667 16556 17197 17284 17281 17161 16979 17104 17405 16466 16467 16488 16052 15350 14559 13765 13256 12917 12813 12933 12943 12809 12168 11795 11759 12513 13369 13929 14710 15005 15032 14812 14559 14153 14224 14654 15145 15956 16245 16555 16836 17057 17251 17375 17500 17599 17723 17951 18180 18465 18725 18753 18588 18766 18622 18188 18113 18132 18141 17950 17897 17858 17752 17564 17288 16951 16673 16382 15954 14907 13898 13105 12631 12630
13995 14885 15154 15437 15845 16154 16134 16137 16045 15851 16132 16386 16091 16005 15950 15622 15071 14589 13550 12657 12150 12090 12350 12324 12218 11623 11328 11326 11569 12313 12908 13519 13901 13969 13915 13663 13317 13891 14536 15065 15592 15976 16539 16892 17164 17343 17496 17643 17737 17912 18039 18229 18399 18500 18432 18285 18354 18103 17758 17623 17549 17689 17820 17986 18046 17984 17832 17590 17268 16910 16579 16249 15707 14995 13933 12579 11990
14257 14808 14785 14706 15081 15108 14955 14980 15009 15009 15356 15443 15245 14982 14878 14533 14103 13566 12766 11860 11562 11494 11508 11513 11428 11095 10938 10948 11116 11430 11866 12289 12612 12824 12930 12906 13078 13699 14437 14993 15411 15767 16207 16740 17114 17366 17572 17752 17938 18085 18117 18225 18267 18281 18141 17965 17835 17581 17335 17120 16932 17307 17897 18459 18800 18922 18804 18417 17872 17402 17083 16846 16455 15915 14111 13115 11839
14389 14763 14447 14187 14289 14082 13849 13851 13929 14008 14390 14638 14260 14085 13948 13789 13391 12745 11818 11411 11273 11206 11091 10827 10785 10693 10648 10690 10853 11086 11337 11556 11701 11871 12136 12391 12913 13692 14462 15026 15475 15842 16255 16753 17078 17321 17575 17866 18099 18258 18106 18153 18171 18053 17920 17723 17438 16972 16431 16283 16407 16924 17707 18502 19047 19246 19135 18682 18017 17420 17020 16792 16066 14905 13633 12757 11640
13818 14154 13952 13408 13380 13051 12870 12852 12907 13250 13373 13622 13184 13057 13025 12508 12311 11962 11504 11274 11184 11142 11024 10615 10441 10426 10460 10569 10749 10946 11128 11265 11361 11509 11773 12197 12954 13788 14458 15092 15680 16040 16457 16773 16993 17140 17348 17634 17949 18180 18161 18256 18239 18027 17725 17365 16840 16210 15756 15897 16294 16976 17844 18641 19119 19198 18893 18327 17519 16753 15912 15082 14568 13782 13040 12421 11146
13499 13688 13528 13141 12663 12224 11972 11937 12093 12451 12632 12677 12573 12195 11832 11567 11528 11441 11220 11150 11084 11035 11000 10810 10312 10334 10353 10521 10726 10926 11102 11224 11315 11445 11718 12242 12993 13680 14326 14970 15540 16079 16619 16788 16824 16868 16954 17083 17298 17548 17739 17875 17884 17640 17090 16402 15714 15295 15165 15535 16214 17287 18207 18823 19045 18876 17882 16614 15489 14792 13681 12706 12551 12112 12025 11822 11067
12772 13044 12937 12769 12456 12013 11602 11364 11637 11843 11973 11913 11660 11370 11301 11252 11273 11228 11059 11037 10956 10912 10871 10847 10746 10763 10396 10573 10798 11005 11217 11373 11450 11554 11814 12280 12907 13541 14161 14775 15337 16030 16248 16411 16467 16425 16427 16397 16488 16670 16917 17067 17128 16875 16290 15527 14864 14501 14531 15094 15886 17567 18148 18492 18376 17688 16391 14912 13694 13615 12448 12072 11857 11665 11478 11279 10976
12106 12341 12433 12291 12050 11809 11777 11806 11821 11658 11603 11440 11256 11077 11054 11071 11109 11150 11078 11029 10922 10830 10821 10807 10847 10904 10886 10985 11074 11180 11332 11497 11610 11652 11869 12233 12737 13224 13517 13954 14392 15079 15186 15520 15653 15536 15514 15558 15636 15806 16075 16325 16432 16226 15700 14919 14169 13999 13889 14334 15181 16282 17263 17260 17397 16980 15674 13710 13220 12517 12200 11929 11746 11672 11500 11296 11107
11087 11703 11862 11868 11864 11840 11925 12028 12075 12019 11916 11815 11688 11042 11006 10936 10976 11009 11020 11004 10899 10852 10811 10805 10849 10879 10920 10975 11046 11132 11294 11420 11536 11567 11681 11827 11935 12545 12860 13108 13508 14020 13975 14095 14597 14660 14700 14823 14919 15127 15415 15659 15866 15800 15341 14589 13241 13514 13061 13362 13875 14570 15447 15631 16148 15792 14808 12721 12727 12414 12140 11926 11907 12123 12154 12063 11633
10569 10789 11025 11178 11489 11646 11835 11968 12064 12017 11882 11733 11575 11355 11288 10967 10861 10882 10887 10884 10874 10841 10824 10839 10846 10876 10894 10921 10976 11097 11320 11426 11495 11672 11778 11793 12063 12294 12446 12391 12868 13149 13192 12913 12905 13688 13848 14033 14109 14339 14820 14833 15180 15160 14280 13748 13590 13126 13088 13532 13736 13983 14081 13432 14064 14196 14038 12630 12524 12289 12085 12056 12208 12424 12564 12663 12329
10236 10411 10571 10668 10850 11071 11527 11718 11837 11846 11749 11593 11412 11272 11194 11035 10860 10761 10768 10774 10791 10805 10821 10845 10931 10948 10982 11031 10999 11184 11544 11770 11964 12084 12002 11724 11918 11887 12044 12168 12314 12740 12838 12621 12796 12764 12947 13145 13581 13913 14277 14001 14141 14056 13644 13379 13222 13041 13065 13197 13289 13381 13384 13233 13260 13493 13347 12959 12687 12166 12008 12180 12422 12686 12868 13224 12863
9979 10115 10258 10396 10582 10803 11054 11181 11335 11562 11581 11419 11249 11076 10968 10914 10805 10747 10712 10690 10713 10744 10792 10869 10982 11111 11185 11233 11130 11804 11749 11887 12063 12197 12256 12463 12193 12137 12453 12813 12847 12866 12833 12703 12720 12527 12830 13081 13398 13648 13821 13735 13743 13664 13470 13296 13175 13131 13148 13163 13134 13112 13065 13003 12915 12931 12857 12713 12532 12326 12249 12367 12560 12928 13336 13575 13532
9831 9949 10082 10243 10408 10580 10766 10941 11134 11368 11394 11207 11036 10813 10738 10687 10694 10680 10705 10672 10671 10714 10770 10909 11069 11213 11319 11431 11483 11705 11816 11982 12109 12320 12569 12730 12347 12380 12892 13082 13089 13101 13048 12880 12888 12825 13078 13213 13419 13606 13666 13645 13605 13546 13466 13374 13286 13270 13233 13171 13059 12894 12766 12652 12500 12371 12312 12277 12186 12102 12076 12197 12475 12839 13284 13654 14008
9731 9836 9948 10071 10196 10323 10454 10581 10719 10875 10946 10890 10790 10483 10469 10464 10497 10543 10600 10615 10664 10717 10830 10946 11056 11162 11224 11299 11361 11419 11519 11654 11806 12026 12297 12569 12722 12984 13142 13117 13088 13222 13315 13290 13240 13029 13135 13176 13361 13513 13563 13555 13518 13497 13498 13464 13447 13405 13358 13256 13059 12761 12512 12332 12122 11939 11817 11798 11753 11705 11761 11940 12237 12686 13162 13629 14294
9564 9650 9746 9838 9939 10054 10150 10226 10304 10434 10480 10457 10453 10332 10239 10207 10287 10360 10433 10522 10604 10687 10802 10913 10970 11005 11051 11081 11109 11133 11196 11276 11428 11593 11825 12087 12340 12592 12787 12878 12872 13080 13049 13081 13142 13191 13319 13200 13282 13413 13470 13490 13553 13527 13512 13514 13498 13476 13418 13298 13135 12864 12548 12170 11824 11619 11467 11405 11394 11410 11505 11691 12029 12476 12934 13682 14497
9410 9483 9558 9631 9721 9808 9870 9918 9989 10164 10198 10149 10150 10181 10121 10102 10137 10180 10272 10377 10478 10603 10730 10805 10846 10876 10894 10904 10895 10891 10909 10976 11115 11214 11373 11587 11825 12048 12250 12398 12540 12881 12730 12749 12847 13004 13199 13161 13277 13449 13541 13589 13660 13586 13523 13477 13456 13428 13373 13222 13069 12802 12507 12089 11701 11454 11282 11210 11189 11185 11252 11395 11825 12304 13001 13843 14597
