Data/ppt/PRISM_ppt_pr_1963-1995_normal_450mM1_04_asc.asc
ncols 557
nrows 164
xllcorner -67.31875000000
yllcorner 17.86875000000
cellsize 0.00416666667
NODATA_value -9999
[rows 0 to 33 of 164, columns 156 to 233 of 557]
-9999 -9999 -9999 -9999 -9999 -9999 -9999 -9999 -9999 -9999 -9999 -9999 -9999 -9999 -9999 -9999 -9999 -9999 -9999 -9999 -9999 -9999 -9999 -9999 -9999 -9999 -9999 -9999 -9999 -9999 -9999 -9999 -9999 -9999 -9999 -9999 -9999 -9999 -9999 -9999 -9999 -9999 -9999 -9999 -9999 -9999 -9999 -9999 -9999 -9999 -9999 -9999 -9999 -9999 -9999 -9999 -9999 -9999 -9999 -9999 -9999 -9999 -9999 -9999 -9999 -9999 -9999 -9999 -9999 -9999 -9999 -9999 -9999 -9999 -9999 -9999 -9999 -9999
-9999 -9999 -9999 -9999 -9999 -9999 -9999 -9999 -9999 -9999 -9999 -9999 -9999 -9999 -9999 -9999 -9999 -9999 -9999 -9999 -9999 -9999 -9999 -9999 -9999 -9999 -9999 -9999 -9999 -9999 -9999 -9999 -9999 -9999 -9999 -9999 -9999 -9999 -9999 -9999 -9999 -9999 -9999 -9999 -9999 -9999 -9999 -9999 -9999 -9999 -9999 -9999 -9999 -9999 -9999 -9999 -9999 -9999 -9999 -9999 -9999 -9999 -9999 -9999 -9999 -9999 -9999 -9999 -9999 -9999 -9999 -9999 -9999 -9999 -9999 -9999 -9999 -9999
-9999 -9999 -9999 -9999 -9999 -9999 -9999 -9999 -9999 -9999 -9999 -9999 -9999 -9999 -9999 -9999 -9999 -9999 -9999 -9999 -9999 -9999 -9999 -9999 -9999 -9999 -9999 -9999 -9999 -9999 -9999 -9999 -9999 -9999 -9999 -9999 -9999 -9999 -9999 -9999 -9999 -9999 -9999 -9999 -9999 -9999 -9999 -9999 -9999 -9999 -9999 -9999 -9999 -9999 -9999 -9999 -9999 -9999 -9999 -9999 -9999 -9999 -9999 -9999 -9999 -9999 -9999 -9999 -9999 -9999 -9999 -9999 -9999 -9999 -9999 -9999 -9999 -9999
-9999 -9999 -9999 -9999 -9999 -9999 -9999 -9999 -9999 -9999 -9999 -9999 -9999 -9999 -9999 -9999 -9999 -9999 -9999 -9999 -9999 -9999 -9999 -9999 -9999 -9999 -9999 -9999 -9999 -9999 -9999 -9999 -9999 -9999 -9999 -9999 -9999 -9999 -9999 -9999 -9999 -9999 -9999 -9999 -9999 -9999 -9999 -9999 -9999 -9999 -9999 -9999 -9999 -9999 -9999 -9999 -9999 -9999 -9999 -9999 -9999 -9999 -9999 -9999 -9999 -9999 -9999 -9999 -9999 -9999 -9999 -9999 -9999 -9999 -9999 -9999 -9999 -9999
-9999 -9999 -9999 -9999 -9999 -9999 -9999 -9999 -9999 -9999 -9999 -9999 -9999 -9999 -9999 -9999 -9999 -9999 -9999 -9999 -9999 -9999 -9999 -9999 -9999 -9999 -9999 -9999 -9999 -9999 -9999 -9999 -9999 -9999 -9999 -9999 -9999 -9999 -9999 -9999 -9999 -9999 -9999 -9999 -9999 -9999 -9999 -9999 -9999 -9999 -9999 -9999 -9999 -9999 -9999 -9999 -9999 -9999 -9999 -9999 -9999 -9999 -9999 -9999 -9999 -9999 -9999 -9999 -9999 -9999 -9999 -9999 -9999 -9999 -9999 -9999 -9999 -9999
-9999 -9999 -9999 -9999 -9999 -9999 -9999 -9999 -9999 -9999 -9999 -9999 -9999 -9999 -9999 -9999 -9999 -9999 -9999 -9999 -9999 -9999 -9999 -9999 -9999 -9999 -9999 -9999 -9999 -9999 -9999 -9999 -9999 -9999 -9999 -9999 -9999 -9999 -9999 -9999 -9999 -9999 -9999 -9999 -9999 -9999 -9999 -9999 -9999 -9999 -9999 -9999 -9999 -9999 -9999 -9999 -9999 -9999 -9999 -9999 -9999 -9999 -9999 -9999 -9999 -9999 -9999 -9999 -9999 -9999 -9999 -9999 -9999 -9999 -9999 -9999 -9999 -9999
-9999 -9999 -9999 -9999 -9999 -9999 -9999 -9999 -9999 -9999 -9999 -9999 -9999 -9999 -9999 -9999 -9999 -9999 -9999 -9999 -9999 -9999 -9999 -9999 -9999 -9999 -9999 -9999 -9999 -9999 -9999 -9999 -9999 -9999 -9999 -9999 -9999 -9999 -9999 -9999 -9999 -9999 -9999 -9999 -9999 -9999 -9999 -9999 -9999 -9999 -9999 -9999 -9999 -9999 -9999 -9999 -9999 -9999 -9999 -9999 -9999 -9999 -9999 -9999 -9999 -9999 -9999 -9999 -9999 -9999 -9999 -9999 -9999 -9999 -9999 -9999 -9999 -9999
-9999 -9999 -9999 -9999 -9999 -9999 -9999 -9999 -9999 -9999 -9999 -9999 -9999 -9999 -9999 -9999 -9999 -9999 -9999 -9999 -9999 -9999 -9999 -9999 -9999 -9999 -9999 -9999 -9999 -9999 -9999 -9999 -9999 -9999 -9999 -9999 -9999 -9999 -9999 -9999 -9999 -9999 -9999 -9999 -9999 -9999 -9999 -9999 -9999 -9999 -9999 -9999 -9999 -9999 -9999 -9999 -9999 -9999 -9999 -9999 -9999 -9999 -9999 -9999 -9999 -9999 -9999 -9999 -9999 -9999 -9999 -9999 -9999 -9999 -9999 -9999 -9999 -9999
-9999 -9999 -9999 -9999 -9999 -9999 -9999 -9999 -9999 -9999 -9999 -9999 -9999 -9999 -9999 -9999 -9999 -9999 -9999 -9999 -9999 -9999 -9999 -9999 -9999 -9999 -9999 -9999 -9999 -9999 -9999 -9999 -9999 -9999 -9999 -9999 -9999 -9999 -9999 -9999 -9999 -9999 -9999 -9999 -9999 -9999 -9999 -9999 -9999 -9999 -9999 -9999 -9999 -9999 -9999 -9999 -9999 -9999 -9999 -9999 -9999 -9999 -9999 -9999 -9999 -9999 -9999 -9999 -9999 -9999 -9999 -9999 -9999 -9999 -9999 -9999 -9999 -9999
-9999 -9999 -9999 -9999 -9999 -9999 -9999 -9999 -9999 -9999 -9999 -9999 -9999 -9999 -9999 -9999 -9999 -9999 -9999 -9999 -9999 -9999 -9999 -9999 -9999 -9999 -9999 -9999 -9999 -9999 -9999 -9999 -9999 -9999 -9999 -9999 -9999 -9999 -9999 -9999 -9999 -9999 -9999 -9999 -9999 -9999 -9999 -9999 -9999 -9999 -9999 -9999 -9999 -9999 -9999 -9999 -9999 -9999 -9999 -9999 -9999 -9999 -9999 -9999 -9999 -9999 -9999 -9999 -9999 -9999 -9999 -9999 -9999 -9999 -9999 -9999 -9999 -9999
-9999 -9999 -9999 -9999 -9999 -9999 -9999 -9999 -9999 -9999 -9999 -9999 -9999 -9999 -9999 -9999 -9999 -9999 -9999 -9999 -9999 -9999 -9999 -9999 -9999 -9999 -9999 -9999 -9999 -9999 -9999 -9999 -9999 -9999 -9999 -9999 -9999 -9999 -9999 -9999 -9999 -9999 -9999 -9999 -9999 -9999 -9999 -9999 -9999 -9999 -9999 -9999 -9999 -9999 -9999 -9999 -9999 -9999 -9999 -9999 -9999 -9999 -9999 -9999 -9999 -9999 -9999 -9999 -9999 -9999 -9999 -9999 -9999 -9999 -9999 -9999 -9999 -9999
-9999 -9999 -9999 -9999 -9999 -9999 11916 11940 11988 12042 12100 12167 12238 12302 12348 -9999 -9999 -9999 -9999 -9999 -9999 -9999 -9999 -9999 -9999 -9999 -9999 -9999 -9999 -9999 -9999 -9999 -9999 -9999 -9999 -9999 -9999 -9999 -9999 -9999 -9999 -9999 -9999 -9999 -9999 -9999 -9999 -9999 -9999 -9999 -9999 -9999 -9999 -9999 -9999 -9999 -9999 -9999 -9999 -9999 -9999 11802 -9999 -9999 11628 11556 -9999 -9999 -9999 -9999 -9999 -9999 -9999 -9999 -9999 -9999 -9999 -9999
11618 11653 11689 11729 11779 11834 11895 11950 12005 12065 12127 12191 12262 12318 12388 12460 12522 12584 12628 -9999 -9999 -9999 -9999 12875 12887 12907 12924 12941 12953 -9999 -9999 -9999 -9999 -9999 -9999 -9999 -9999 -9999 -9999 -9999 -9999 -9999 -9999 -9999 -9999 -9999 -9999 -9999 -9999 -9999 -9999 -9999 -9999 -9999 -9999 11949 11930 11909 11886 11869 11855 11821 11801 11768 11725 11652 11624 11532 -9999 11478 11394 11382 11371 11361 11347 11333 -9999 -9999
11613 11647 11682 11728 11774 11830 11892 11957 12020 12093 12155 12228 12287 12350 12413 12479 12545 12612 12676 12743 12795 12839 12874 12894 12920 12941 12960 12979 12987 13001 13000 12994 12984 12973 12953 12941 -9999 -9999 -9999 -9999 -9999 -9999 -9999 -9999 -9999 -9999 -9999 -9999 -9999 -9999 -9999 -9999 -9999 -9999 12085 12003 11956 11923 11898 11871 11852 11835 11815 11789 11767 11739 11719 11644 11673 11559 11504 11447 11407 11397 11365 11344 11328 11317
11596 11629 11671 11717 11772 11827 11894 11963 12035 12103 12178 12246 12322 12382 12446 12515 12585 12651 12708 12770 12821 12867 12906 12938 12966 12988 13006 13025 13033 13036 13035 13028 13018 13004 12985 12960 12944 12911 12892 -9999 -9999 -9999 -9999 -9999 -9999 -9999 -9999 -9999 -9999 -9999 -9999 -9999 -9999 12206 12149 12059 12008 11975 11934 11898 11868 11841 11825 11808 11788 11766 11735 11712 11680 11669 11615 11576 11533 11474 11446 11385 11369 11355
11578 11611 11647 11705 11757 11816 11885 11966 12041 12121 12197 12277 12347 12421 12494 12558 12637 12705 12752 12807 12852 12900 12948 12981 13021 13042 13061 13076 13076 13078 13076 13069 13058 13046 13026 13002 12972 12939 12902 12876 12838 12795 12750 12718 -9999 -9999 -9999 -9999 -9999 -9999 -9999 -9999 12265 12241 12197 12113 12065 12074 12031 11979 11941 11903 11876 11855 11831 11798 11774 11700 11692 11677 11703 11696 11654 11638 11579 11511 11466 11459
11542 11569 11612 11666 11727 11784 11855 11934 12019 12099 12184 12262 12343 12429 12510 12608 12702 12769 12823 12864 12907 12949 12995 13042 13081 13113 13129 13133 13130 13122 13119 13113 13104 13092 13077 13039 13009 12973 12938 12903 12868 12841 12793 12753 12728 12683 12625 12565 12506 12446 12391 12340 12296 12263 12226 12150 12201 12213 12211 12159 12106 12057 12017 11979 11936 11900 11816 11759 11704 11733 11778 11804 11786 11763 11714 11644 11602 11571
11509 11538 11580 11636 11698 11756 11821 11897 11981 12064 12146 12221 12301 12392 12496 12604 12709 12798 12873 12940 12986 13037 13078 13105 13136 13149 13162 13173 13170 13173 13171 13167 13161 13154 13127 13094 13053 13022 12973 12955 12939 12916 12888 12840 12797 12741 12678 12614 12551 12486 12426 12377 12331 12300 12256 12260 12278 12339 12292 12241 12190 12135 12084 12039 11989 11938 11892 11805 11784 11777 11812 11820 11798 11797 11777 11735 11726 11723
11488 11516 11552 11607 11670 11733 11805 11895 11987 12070 12147 12220 12304 12394 12493 12599 12695 12790 12878 12963 13021 13076 13125 13149 13166 13174 13181 13189 13189 13192 13191 13191 13187 13182 13171 13141 13125 13093 13065 13039 13029 13015 12980 12915 12865 12807 12739 12667 12592 12520 12455 12397 12353 12365 12368 12348 12386 12345 12306 12261 12216 12159 12108 12054 12002 11955 11908 11858 11817 11784 11781 11758 11757 11759 11761 11754 11763 11766
11463 11502 11543 11592 11666 11746 11840 11956 12067 12155 12222 12295 12372 12460 12547 12649 12739 12819 12909 12968 13030 13084 13130 13169 13185 13201 13207 13206 13205 13201 13197 13197 13196 13190 13186 13177 13173 13169 13145 13150 13136 13118 13071 13014 12947 12890 12821 12742 12664 12590 12520 12463 12461 12469 12478 12459 12408 12360 12324 12302 12259 12209 12149 12094 12043 11974 11929 11882 11841 11809 11783 11761 11762 11735 11704 11707 11722 11742
11468 11511 11561 11626 11723 11837 11971 12120 12252 12338 12403 12454 12527 12592 12686 12782 12881 12959 13021 13072 13107 13141 13174 13189 13207 13212 13220 13214 13204 13199 13195 13202 13200 13210 13202 13196 13188 13184 13180 13183 13179 13165 13145 13094 13055 13005 12942 12872 12803 12736 12677 12620 12572 12579 12536 12489 12440 12407 12399 12382 12358 12308 12250 12163 12092 12029 11966 11924 11888 11857 11835 11822 11800 11766 11702 11682 11696 11722
11504 11555 11625 11708 11838 12013 12213 12411 12559 12598 12688 12715 12759 12822 12907 13005 13091 13175 13235 13267 13294 13301 13302 13300 13282 13270 13239 13213 13186 13181 13181 13190 13210 13215 13220 13211 13202 13195 13195 13202 13199 13185 13165 13135 13096 13049 12991 12928 12863 12802 12741 12689 12647 12606 12564 12514 12481 12480 12471 12468 12436 12392 12310 12212 12146 12090 12062 12034 12013 11972 11936 11909 11900 11854 11823 11818 11817 11773
11585 11655 11736 11850 12018 12245 12516 12726 12838 12872 12953 12954 12966 13083 13183 13278 13361 13441 13503 13531 13540 13526 13500 13479 13445 13406 13364 13305 13262 13228 13204 13196 13188 13205 13220 13226 13215 13241 13253 13230 13226 13195 13172 13140 13099 13049 12992 12927 12861 12799 12741 12697 12657 12628 12585 12562 12549 12552 12567 12555 12533 12501 12444 12341 12291 12265 12261 12241 12210 12177 12149 12115 12105 12088 12071 12068 12064 12053
11714 11802 11913 12061 12256 12515 12763 12933 13027 13018 13086 13060 13092 13326 13380 13482 13558 13630 13679 13698 13691 13662 13624 13679 13646 13606 13550 13484 13403 13332 13262 13200 13192 13204 13232 13248 13277 13316 13339 13335 13251 13220 13177 13145 13101 13048 12988 12919 12855 12794 12738 12690 12656 12620 12612 12597 12601 12612 12614 12605 12596 12618 12534 12467 12421 12414 12402 12389 12360 12313 12281 12255 12233 12222 12210 12209 12208 12204
11888 12017 12154 12330 12542 12785 13014 13181 13297 13427 13542 13575 13617 13705 13536 13572 13645 13693 13728 13724 13713 13682 13691 13909 13939 13852 13784 13695 13580 13463 13349 13282 13242 13252 13258 13280 13294 13337 13410 13374 13353 13205 13213 13227 13190 13143 13004 13032 12976 12927 12882 12847 12813 12790 12764 12766 12754 12769 12764 12760 12808 12847 12763 12693 12663 12630 12610 12563 12471 12481 12431 12415 12374 12369 12378 12377 12314 12321
12133 12302 12452 12588 12849 13086 13210 13454 13592 13767 13886 13860 13914 13989 13986 14065 14104 14136 14143 14106 14068 14033 14038 14165 14173 14032 13893 13790 13675 13551 13449 13361 13323 13273 13247 13239 13238 13274 13293 13348 13272 13110 13090 13185 13194 13103 12808 12990 12994 12950 12919 12901 12879 12855 12836 12816 12818 12863 12874 12970 13035 13067 13052 13026 12990 12957 12907 12825 12698 12705 12718 12802 12724 12705 12727 12742 12568 12552
12406 12642 12822 12968 13408 13544 13493 13834 13926 14112 14138 14075 14096 14184 14271 14306 14343 14349 14451 14337 14304 14259 14201 14232 14242 14210 14058 13933 13797 13675 13562 13470 13384 13308 13235 13207 13195 13160 13157 13126 13043 12912 12874 12958 12961 12988 12874 12854 12805 12797 12790 12798 12776 12750 12715 12677 12640 12672 12701 12961 13081 13122 13148 13165 13132 13041 13078 12994 12842 12803 12739 12793 12858 12890 12955 13021 12971 13023
12578 12784 13089 13573 13831 13879 13915 14040 14127 14359 14423 14275 14259 14339 14388 14440 14546 14574 14793 14550 14415 14383 14338 14272 14317 14270 14192 14107 13976 13837 13716 13612 13511 13408 13291 13221 13171 13110 13064 12988 12914 12865 12888 12914 12880 12869 12945 12923 12908 12907 12954 12981 12984 12974 12947 12900 12903 13075 13116 13209 13208 13206 13244 13227 13155 13133 13222 13217 13085 12950 12813 12802 12947 13064 13080 13129 12894 12942
12887 13151 13617 13949 14164 14346 14466 14386 14415 14641 14767 14735 14615 14602 14602 14647 14889 14625 14595 14491 14460 14424 14386 14347 14269 14251 14209 14171 14156 14040 13925 13822 13722 13593 13444 13310 13184 13092 12989 12909 12808 12816 12841 12927 12931 12968 13034 13109 13089 13114 13164 13191 13224 13225 13202 13169 13141 13217 13248 13278 13298 13290 13274 13311 13286 13382 13308 13248 13151 13053 13060 13071 13230 13194 13064 13027 12900 12908
13394 13762 14018 14186 14323 14378 14692 14818 14930 15057 15175 15232 15083 15072 15110 14992 14811 14678 14685 14685 14628 14578 14538 14478 14401 14340 14288 14287 14317 14273 14173 14075 13975 13855 13707 13534 13337 13174 13023 12900 12804 12784 12794 12909 13012 13122 13198 13244 13281 13301 13347 13387 13421 13419 13402 13388 13394 13396 13391 13415 13389 13368 13375 13349 13273 13248 13207 13138 13045 13050 13354 13406 13588 13470 13307 13154 13049 12940
14165 14361 14395 14525 14738 14628 14949 15058 15196 15346 15533 15565 15274 15249 15373 15345 15239 15291 15283 15255 15124 15092 15001 14906 14800 14725 14666 14615 14597 14516 14422 14333 14227 14104 13954 13870 13651 13426 13175 12964 12877 12892 12905 13048 13196 13322 13402 13451 13488 13522 13558 13594 13613 13618 13623 13635 13659 13668 13661 13632 13598 13548 13474 13491 13384 13315 13309 13284 13231 13299 13755 13470 13934 13922 13793 13446 13166 12987
14677 14789 14883 14975 15062 15057 15219 15110 15176 15255 15333 15367 15297 15276 15331 15308 15328 15509 15529 15439 15276 15230 15189 15085 14995 14933 14919 14872 14819 14744 14660 14573 14475 14345 14177 14159 14048 13826 13516 13203 13049 13072 13140 13289 13454 13591 13674 13720 13756 13800 13822 13851 13864 13878 13906 13932 13971 13996 14001 13968 13884 13814 13695 13594 13616 13522 13502 13510 13490 13562 13945 14056 14188 14144 14027 13741 13350 13072
15141 15023 15000 15036 15024 15172 15468 15332 15384 15470 15504 15539 15567 15506 15414 15381 15376 15484 15466 15450 15326 15313 15209 15120 15059 15052 15061 15056 15001 14935 14874 14790 14742 14668 14567 14517 14428 14217 13828 13466 13271 13304 13431 13622 13781 13931 14013 14061 14092 14131 14149 14174 14182 14196 14240 14286 14330 14348 14328 14272 14206 14095 13954 13893 13889 13682 13567 13669 13746 13766 14008 14296 14396 14362 14255 14010 13606 13288
15511 15231 15254 15246 15241 15886 16020 16019 16081 16113 16105 16141 16114 16051 15713 15609 15595 15591 15590 15559 15543 15461 15365 15287 15247 15231 15247 15218 15180 15137 15075 15013 14961 14926 14882 14808 14752 14557 14164 13752 13507 13511 13711 13990 14144 14314 14434 14514 14541 14560 14539 14525 14507 14509 14561 14633 14698 14653 14634 14527 14422 14317 14260 14153 14063 14111 14008 14012 14036 14108 14490 14649 14670 14651 14542 14350 14026 13575
