Data/ppt/PRISM_ppt_pr_1963-1995_normal_450mM1_10_asc.asc
ncols 557
nrows 164
xllcorner -67.31875000000
yllcorner 17.86875000000
cellsize 0.00416666667
NODATA_value -9999
[rows 34 to 67 of 164, columns 154 to 230 of 557]
20075 20528 20363 20470 20409 20031 19607 19316 19312 19333 19316 19364 19372 19462 19530 19377 19340 19290 19210 19144 19062 18969 18855 18742 18620 18500 18412 18329 18313 18296 18266 18206 18124 18036 17970 17934 17928 17876 17738 17423 16835 16234 15912 16012 16548 17222 17653 17929 18059 18165 18288 18470 18489 18409 18372 18329 18369 18426 18482 18438 18340 18202 18058 17904 17751 17582 17348 17081 16867 16858 16921 17001 17067 17114 17129 17079 16912
20667 20905 20829 20879 20885 20399 19989 19757 19720 19688 19620 19636 19655 19633 19665 19523 19468 19397 19324 19247 19166 19100 19008 18923 18836 18775 18681 18618 18588 18595 18566 18529 18464 18397 18299 18264 18238 18203 18056 17772 17189 16549 16168 16231 16769 17512 17999 18272 18473 18629 18703 18920 18943 18917 18849 18790 18712 18737 18787 18733 18668 18502 18335 18194 18037 17788 17490 17164 17033 17097 17255 17374 17449 17496 17575 17502 17209
20665 20991 21156 21190 21368 20740 20372 20212 20172 20117 20047 20032 20026 19959 19882 19813 19718 19642 19550 19450 19368 19273 19210 19141 19090 19052 19007 18937 18923 18917 18900 18857 18798 18719 18621 18548 18497 18417 18289 17991 17441 16824 16411 16379 16800 17608 18284 18601 18887 19202 19367 19444 19372 19316 19299 19234 19160 19081 19174 19144 18992 18803 18669 18526 18383 18141 17789 17474 17387 17526 17733 17887 17990 18092 18324 18294 17644
21101 21870 22120 21659 21771 21344 20884 20715 20614 20585 20580 20634 20570 20428 20294 20147 20030 19932 19827 19714 19578 19493 19412 19364 19381 19364 19334 19294 19252 19235 19178 19133 19086 19007 18927 18829 18758 18701 18596 18358 17850 17145 16676 16456 16664 17275 18223 18761 19135 19508 19750 19822 19767 19691 19662 19635 19540 19466 19495 19458 19327 19139 19012 18879 18726 18457 18113 17804 17762 17955 18243 18439 18554 18595 18670 18615 18180
21326 22228 22472 22136 22173 22115 21515 21323 21206 21083 21094 21127 21148 21058 20934 20705 20524 20354 20201 20025 19877 19752 19672 19665 19695 19708 19693 19633 19572 19480 19432 19388 19349 19297 19193 19095 19020 19004 18945 18760 18293 17548 16973 16543 16643 17379 18021 18833 19321 19775 20081 20239 20243 20175 20078 20039 20018 19941 19890 19834 19695 19541 19428 19304 19089 18766 18431 18171 18200 18460 18849 19082 19177 19194 19092 18858 18307
21222 22518 23037 23079 22798 22935 22137 21903 21807 21687 21589 21617 21623 21606 21510 21325 21114 20859 20571 20350 20184 20070 19973 19938 19960 19955 19927 19891 19813 19746 19658 19645 19608 19555 19441 19332 19296 19312 19317 19177 18742 18002 17277 16641 16509 17030 17828 18981 19541 19974 20385 20593 20720 20710 20609 20560 20540 20527 20422 20316 20167 20002 19880 19689 19417 19016 18600 18355 18393 18679 19121 19450 19609 19662 19533 19125 18518
21403 22944 23642 23826 23691 23527 23078 22518 22360 22238 22120 22058 22048 22022 21975 21806 21522 21267 20906 20635 20472 20292 20259 20178 20141 20060 20040 20029 20009 19963 19949 19910 19882 19797 19687 19583 19568 19629 19665 19565 19151 18394 17561 16846 16492 16587 17297 18395 19789 20095 20594 20926 21140 21223 21196 21218 21074 20971 20831 20668 20482 20321 20183 19972 19639 19174 18694 18415 18497 18871 19400 19761 19933 19975 19847 19404 18825
21528 23373 24224 24460 24239 24054 23983 23166 22964 22824 22671 22602 22508 22515 22374 22187 21810 21551 21181 20901 20645 20450 20334 20307 20205 20123 20082 20109 20153 20200 20215 20243 20216 20109 19968 19851 19828 19891 19961 19909 19577 18823 17751 17020 16561 16468 17193 18116 18822 19769 20723 21144 21575 21627 21599 21552 21320 21128 20959 20766 20565 20408 20249 20013 19664 19158 18689 18440 18525 18883 19471 19962 20218 20339 20167 19756 19176
22102 23720 24685 25098 24672 24668 25019 24329 23711 23307 23143 23284 23202 23069 22822 22521 22195 21845 21406 21076 20726 20463 20348 20263 20188 20129 20157 20235 20333 20419 20520 20573 20540 20425 20231 20079 20008 20066 20167 20197 19996 19376 18448 17333 16791 16470 16909 17865 18967 20487 21320 21205 21526 21491 21561 21512 21153 20959 20869 20589 20504 20357 20185 19911 19515 19008 18642 18434 18597 19005 19601 20159 20546 20705 20608 20344 19648
22251 23643 24596 24987 24312 24331 24632 24956 24115 23395 23248 23640 23563 23299 22815 22506 22110 21772 21437 21105 20750 20466 20346 20226 20166 20148 20209 20329 20467 20620 20754 20848 20825 20665 20451 20255 20145 20173 20302 20424 20370 19939 19086 17797 17236 16991 17142 17773 19049 20132 21043 21537 21711 21434 21554 21423 20963 20870 20849 20604 20495 20427 20291 19999 19500 19103 18737 18566 18693 19212 19891 20499 20875 21020 20922 20759 20170
22668 23614 24217 24156 24074 24242 24271 23914 23512 23081 23169 23249 23210 22812 21824 21653 21320 21100 20980 20852 20623 20504 20377 20265 20186 20185 20307 20384 20602 20787 20942 21052 21031 20854 20626 20402 20267 20265 20403 20615 20677 20426 19671 18424 17594 17342 17330 17508 18642 19938 20526 21090 21318 21311 21349 21117 20846 20673 20801 20568 20520 20443 20316 20007 19367 18969 18893 18660 18832 19319 20133 20867 21210 21271 21161 20709 19661
22968 23763 24541 25129 24637 24849 25015 25101 23711 22900 23074 22856 22640 21868 21483 21339 21078 20906 20852 20773 20700 20618 20510 20382 20313 20361 20494 20616 20837 20989 21158 21252 21228 21068 20827 20633 20471 20474 20608 20902 21083 20944 20337 19043 18189 17508 17402 17656 18338 19487 19736 20617 20872 21132 21130 20986 20742 20647 20488 20493 20452 20402 20373 20140 19613 18703 18685 18392 19311 19843 20583 21194 21541 21556 21277 19979 19269
23216 23688 24416 25030 25197 25601 26136 25910 24803 24159 23261 22095 22034 21782 21675 21507 21364 21210 21142 21074 20983 20919 20772 20714 20585 20612 20826 20958 21130 21275 21405 21558 21552 21395 21195 21045 20901 20875 21055 21426 21669 21668 21393 20242 19067 18204 17645 17960 18818 19744 20140 20543 20474 20845 21096 21063 20923 20683 20626 20566 20551 20458 20373 20269 20040 19534 19134 18944 19256 19555 20414 21197 21677 21792 21525 20743 19880
23702 23836 24285 24872 25309 25409 25563 26106 25032 24366 23641 23008 23586 22493 22573 22482 22668 22197 22082 21971 21775 21652 21397 21441 21147 21093 21177 21318 21478 21651 21885 22066 22099 21991 21813 21768 21668 21572 21775 22259 22541 22520 22115 21409 20517 19269 17769 18672 19142 20062 21423 21133 20421 20812 21198 21257 21223 21073 21009 20942 20797 20616 20491 20475 20452 20418 20039 19672 19706 19946 20605 21348 21837 21970 21928 21541 20909
24290 24055 24260 24706 25415 25936 25608 25810 26753 25294 24670 24059 24524 23976 23742 23558 23913 23450 23268 23204 22832 22730 22583 22301 21993 21960 21899 22001 22160 22338 22545 22760 22834 22729 22613 22664 22683 22681 22944 23361 23606 23609 23222 22636 21224 20373 18901 18872 19414 19827 21137 21482 21060 21045 21327 21455 21428 21414 21341 21263 21140 20978 20855 20869 20935 21008 20895 20446 20267 20304 20777 21474 21958 22300 22363 22283 21794
24842 24305 24293 24612 25166 25773 25996 26659 25519 24998 24990 24861 25669 24670 24226 24095 24497 24423 24231 23988 23518 23153 23070 22876 22809 22946 22970 23100 23160 23200 23320 23575 23657 23480 23482 23672 23841 24034 24287 24566 24694 24664 24458 23931 22605 21969 20275 18909 19840 20751 21611 22678 22068 21320 21621 21744 21793 21656 21609 21429 21391 21299 21214 21292 21349 21474 21448 20990 20906 20917 21146 21599 22136 22606 22912 23083 22775
25338 24530 24337 24583 25069 25556 25964 26297 24777 23870 25279 25129 25420 26034 24691 24185 24155 24336 24410 24307 23997 23634 23553 23597 23713 23924 24143 24342 24398 24471 24329 24461 24535 24499 24711 25086 25376 25312 25358 25791 25879 25954 25692 25276 24022 23258 21233 19463 20352 21229 22075 23005 23032 22328 22200 22132 22064 21930 21737 21581 21436 21479 21461 21497 21656 21865 22063 21999 21874 21800 21759 21849 22228 22808 23278 23525 23252
25192 24614 24366 24496 24831 25445 25570 25760 25234 24753 24758 24769 24837 24502 24115 23824 23662 23554 23676 23518 23633 24264 24145 24170 24437 24800 25112 25333 25452 25589 25354 25247 25195 25600 26153 26712 27089 26456 26895 27035 26942 27542 27300 26316 24997 23771 21620 19719 19433 20979 22253 23685 24043 23612 23052 22693 22339 22128 21942 21632 21517 21478 21534 21646 21928 22229 22469 22612 22621 22634 22519 22286 22401 22769 23251 23509 23366
25007 24528 24333 24381 24812 26999 25504 25520 25541 25142 24972 24591 24194 23516 23422 23299 23429 23466 23646 22770 22975 23379 23842 24145 24720 25242 25632 26043 26286 26345 26354 26432 26203 26725 27476 27943 28236 28181 28287 28156 27943 28207 27876 27102 25393 23972 21816 20057 20951 22242 23965 25151 24799 24799 23704 23684 22688 22307 21971 21735 21477 21427 21518 21780 22255 22671 22963 23140 23200 23245 23247 22921 22725 22858 23143 23387 23281
24748 24514 24260 24268 24439 24930 24877 25147 25499 25227 25336 24854 25193 23690 22312 21377 21497 22942 23409 22983 23473 23807 24069 24027 24703 25476 25926 26403 26854 27039 27375 27993 28010 28353 28954 29256 29647 29571 29619 29562 29528 29010 28427 27634 26146 24450 22832 21337 22381 23903 25235 25923 26218 26122 25283 24488 23347 22520 21753 21537 21500 21551 21772 22212 22783 23302 23632 23802 23797 23821 23893 23787 23403 23314 23502 23664 23542
24745 24433 24258 24199 24230 24354 24381 24496 24714 24883 24827 24284 24538 24144 23315 22733 22147 22343 22659 22783 23392 23586 23770 24511 25277 26180 26571 26974 27685 28167 28424 29037 29446 29876 30516 30719 30881 30730 30433 30137 29813 29408 28654 27660 26200 24872 23770 22998 23983 24901 25464 26388 27572 26944 26615 25342 24375 22849 21889 21697 21943 22187 22486 22858 23284 23735 24060 24269 24300 24251 24363 24547 24469 24367 24461 24551 24391
24551 24387 24241 24183 24149 24137 24131 24017 24141 24284 24395 24208 24251 23796 22907 22823 22390 22598 22853 22889 23714 24474 24250 24665 25085 26246 26792 27230 27739 28265 28676 29207 29736 30289 31279 31613 31571 31419 31000 30529 30197 29833 28497 27255 25880 25872 25398 25115 25170 25628 26253 26967 27589 27560 27119 26223 24743 24067 22840 22016 22378 22646 23030 23343 23722 24038 24535 24672 24758 24899 24685 24863 25229 25423 25601 25705 25522
24376 24260 24198 24149 24098 24074 24024 23991 24368 23753 23658 24217 24559 23868 22654 22412 22449 23079 23604 24218 24657 24672 24534 24720 24841 25352 26729 27596 27750 28458 28850 29411 30148 30546 31169 31681 31709 31413 30963 30447 29858 29180 28338 27479 26961 27022 27123 26679 26943 27048 27189 27589 28407 29404 27884 26621 25404 24886 23483 22964 23510 23236 23627 23882 24056 24067 24717 24695 24907 25448 24926 24730 25107 25191 25280 25838 25834
24260 24209 24148 23988 23963 23819 23807 23594 23039 23537 24481 23950 23978 23851 23873 23556 22789 22945 23378 23930 24594 24247 24570 24828 25136 26096 27872 28538 27352 28453 29047 29740 30558 30888 31128 31506 31369 30979 30570 30101 29596 28960 28381 27288 27320 27426 27227 27030 27592 28050 28208 28338 28954 27503 26807 26728 26624 25275 23683 23881 24084 24115 24450 24465 24482 24321 24634 24770 24924 25377 25095 24852 24991 24898 24902 25484 25679
24220 24150 24017 23838 23572 22972 22826 22928 23006 23376 24201 23927 24138 23769 23683 23628 24154 22931 23130 23538 24175 24669 25013 25147 25520 26709 28413 27470 27053 28521 29304 30099 30691 30920 31048 31112 30803 30182 29948 29780 29573 29252 28990 28316 28839 28877 27574 27128 27648 27826 29278 28539 27891 27394 27115 27190 27557 26685 25042 24891 25136 25102 25001 24953 24703 24782 24941 25928 25648 25487 25207 25069 25128 25106 25033 25169 25122
23997 23817 23526 23274 22984 22348 22259 21932 22096 22312 23235 23401 23518 23328 23196 22676 22802 23535 23612 23822 24221 24574 25061 25999 27026 27536 28778 28471 28375 28962 29424 29942 30362 30736 30733 30442 30036 29630 29684 29649 29706 29685 29724 29710 29715 29690 29312 28635 28487 28183 28420 27510 27464 27641 27850 27721 27658 27064 26180 25831 26264 26092 26069 25788 25134 26137 26422 26956 26522 26035 25800 25444 25494 25479 25462 25381 25301
23662 23378 23031 22754 22346 21877 21609 21357 21466 21675 22109 22203 22249 22145 22333 22705 24250 25731 24830 24387 24560 24898 25394 26603 27087 28050 30289 29001 29022 30311 29411 29450 29860 30409 30544 30253 29896 29737 30115 30074 30119 30166 30153 30462 30418 30341 29988 29225 29873 29288 28338 27236 27533 28026 28644 28346 28177 27931 27537 27547 27906 26895 27889 26915 26749 26982 26912 27280 27057 27356 27077 25828 25787 25894 25635 25698 25700
23097 23054 22865 22642 22314 21914 21535 21276 21283 21412 21720 21924 22105 22128 22303 22772 23299 24629 24939 24467 24643 25006 25272 25722 26467 27760 28701 29272 30675 30938 30650 30636 30540 30643 30449 30269 30101 29969 30466 30467 30610 30512 30317 30488 30500 30376 30169 29684 29498 29171 28760 27648 28274 29021 29620 28721 28645 28563 28645 29059 29015 28575 28702 28394 27777 27797 27745 28468 28572 28334 27749 27144 27369 27219 25921 26025 26017
23129 23061 22945 22751 22411 22015 21653 21420 21356 21509 21789 22085 22268 22327 22443 22910 23093 23542 23861 23945 24301 24762 25184 25499 25882 27107 27935 28568 29846 30799 31016 31373 31138 30973 30815 30664 30519 30471 30570 30733 30707 30624 30451 30479 30425 30326 30229 30023 29682 29284 29072 28730 29240 29709 29975 30005 29937 28824 29214 29351 29328 29434 29387 29380 29416 29480 29458 29661 29428 29181 29381 27736 28329 28326 27536 26821 26434
23614 23328 23144 22836 22452 22051 21740 21573 21588 21781 22112 22432 22598 22661 22634 22811 22858 22969 23049 23378 23888 24480 25191 25917 27637 27170 27161 28398 29790 29334 29735 31198 31385 31391 31254 31112 30999 30830 30862 30745 30610 30524 30465 30504 30457 30501 30523 30414 30013 29320 28746 28500 29208 29245 29470 30041 29318 28661 28617 28428 28197 29534 29674 29745 29845 29756 28896 29132 29507 29485 29758 29390 29294 28995 28314 27286 26859
24492 23676 23158 22799 22365 21984 21747 21693 21815 22109 22517 22957 22841 22971 23117 23172 23023 23329 23337 23636 24107 24540 25272 26016 26913 27739 28187 28330 28915 29208 29982 31137 31723 31774 31673 31493 31244 31089 30932 30706 30527 30410 30473 30605 30782 30903 30969 30837 30527 29864 29020 28532 28893 29972 30481 29260 28887 28249 28090 28106 27828 28243 28556 28819 28981 28907 28383 28808 30212 30086 29947 29386 28863 28686 27881 27431 26859
25029 24598 23347 22712 22264 21902 21763 21772 22013 22407 22963 23612 22816 23205 23688 23565 22739 24261 24286 24453 25316 25588 26051 27009 27510 27962 28271 28394 28776 29190 29734 30279 31697 31993 32042 31774 31517 31227 30987 30714 30479 30406 30549 30814 31080 31342 31362 31184 30813 29976 29035 28482 28671 29861 30774 30786 29358 27707 27631 27937 27567 27844 28526 28443 28552 28342 27811 28221 29851 29368 29298 27743 27036 27762 28468 28304 27593
25833 24639 23643 22763 22237 21933 21801 21918 22161 22602 23055 23410 23922 24892 25703 24316 25692 25956 25967 26310 26766 26563 26768 27448 27840 28183 28377 28599 28896 29356 29917 30512 31369 31874 32084 32201 31817 31530 31189 30770 30515 30441 30613 30945 31297 31497 31657 31259 30803 29628 28629 28150 28307 29434 30412 31279 29653 28921 27713 27364 27240 27615 29231 28223 28267 28318 28158 28361 29129 28834 28718 27578 27132 27186 27139 27811 27323
25815 25128 24280 22821 22235 22052 21855 21981 22327 22809 23533 24727 25508 25487 26866 27143 26996 27340 27453 27613 27898 27845 27768 27850 28002 28402 28504 28617 28865 29379 30058 30728 31267 31641 32167 32311 32035 31825 31413 30965 30503 30421 30584 30866 31147 31584 31555 30771 29842 28973 28113 27729 27861 28290 29294 30031 29619 28668 28020 27404 27371 27920 29443 28506 28537 28605 28658 28480 28329 27920 27685 27493 27531 27629 27526 27473 27167
