Data/ppt/PRISM_ppt_pr_1963-1995_normal_450mM1_04_asc.asc
ncols 557
nrows 164
xllcorner -67.31875000000
yllcorner 17.86875000000
cellsize 0.00416666667
NODATA_value -9999
[rows 68 to 101 of 164, columns 156 to 233 of 557]
16672 16218 15564 15327 15288 15417 15658 16003 16360 16717 17034 17122 17019 16846 16774 16471 16364 16482 16342 16143 16085 15935 16160 16172 16090 16149 16317 16522 17192 17635 18797 19528 19885 20306 20033 19815 20456 19623 19403 19116 18959 18698 18747 18823 18985 18629 17972 16082 14983 14743 15215 15667 16130 17594 17465 18331 18065 17966 17758 17993 18461 18518 19171 18323 17861 17593 17306 17597 17468 17002 16931 16945 17089 16865 16714 16621 16597 16618
16241 16180 15857 15845 15610 15593 15668 16026 16439 16842 17164 17265 17121 16901 16737 16423 16269 16246 16240 15914 15813 15697 15846 15898 15922 16014 16127 16228 16638 17147 17906 18527 18823 18931 19235 18884 19553 19290 19182 18568 18325 17982 18040 17950 18266 17527 17244 15680 15065 14848 15238 15361 15553 16144 16275 17451 17287 17879 17953 18538 18679 19062 18486 18259 18213 18273 17857 17460 17163 16931 16998 17110 17188 17115 17018 16921 16876 16883
15447 15694 15952 16102 16161 16010 15565 15879 16465 16901 17142 17218 17082 16787 16490 16093 15899 15711 15690 15731 15737 15685 15766 15764 15765 15840 16083 16101 16465 16883 17322 17650 17920 17881 18275 18432 18701 18615 18593 17747 17747 17329 17465 17403 17388 17084 16123 15637 15332 15555 15733 15644 15446 15552 15772 16391 16301 17755 17188 18555 19002 19331 18571 18370 18408 18415 17890 17371 17150 17022 17086 17229 17330 17336 17284 17206 17158 17154
14926 14986 15155 15717 15378 15703 14736 15022 16400 16813 17070 16940 16898 16683 16434 16058 15867 15725 15661 15702 15592 15585 15565 15493 15475 15612 16055 16030 16451 16729 16911 16815 17547 17611 17748 18242 19336 18494 18610 17764 17241 16855 17017 16891 16677 16458 15942 15813 15507 15163 15591 15581 15476 15432 16218 15632 16167 16899 16286 17747 18018 18302 18001 17915 17948 17758 17359 17197 17118 16979 16946 17124 17283 17460 17453 17411 17384 17395
14745 14878 15195 14975 14658 14532 14236 14190 15358 16359 17239 16733 16453 16349 16200 15976 15811 15751 15723 15704 15644 15580 15469 15387 15312 15354 15595 15744 16212 16283 16526 16609 17426 17993 17994 17621 18269 18011 17736 17174 16464 16316 16390 16016 15661 15790 15975 16629 16473 16111 15817 15740 16026 15826 16314 16481 16224 16490 16581 17104 17380 17909 17107 17327 17394 17274 17103 17102 16938 16506 16171 16352 16668 17265 17430 17507 17436 17551
14321 14343 14475 14339 14046 13975 13735 13292 13701 14789 15418 17233 15953 15993 15932 15819 15780 15737 15717 15682 15655 15646 15446 15319 15279 15295 15374 15494 15690 15927 16164 16168 16351 17336 17606 17462 17782 17732 17446 16797 16410 16212 16167 15668 15847 15752 15982 16588 16572 16289 16032 16002 16052 15860 15821 16167 16311 16619 16793 16996 17092 17169 16664 16988 16987 16862 16837 16876 16638 16138 15895 16088 16082 16412 17054 17307 17166 17467
14001 14091 14165 13862 13748 13736 13200 13137 13379 13754 14124 15003 14945 15709 15580 15597 15696 15677 15661 15652 15714 15899 15413 15274 15238 15229 15296 15326 15509 15804 15863 16007 16311 16821 16984 16707 17334 17146 16699 16158 15971 15987 16263 15991 16421 15936 15904 16070 16308 16242 16179 16172 16013 16064 16331 16897 16468 16919 17054 17116 16814 16585 16511 16397 16378 16360 16625 16853 16585 16268 15866 15946 15206 15292 16037 16290 16044 17054
13463 13389 13628 13203 13169 13172 13051 13112 13263 13504 13845 14253 14757 15143 14721 15053 15467 15518 15550 15556 15517 15512 15250 15075 15122 15138 15171 15283 15520 15912 15891 16342 16516 16557 16656 15903 16489 16257 16031 15809 15696 15902 17232 16791 16432 16202 16094 15983 16035 16193 16571 16442 16060 16181 16588 16969 16985 17368 17345 17513 16957 16591 17219 16657 16399 16454 16890 17236 16673 16383 15663 15062 14612 14340 14906 15127 14959 15773
13438 13285 13294 13134 13085 13074 13082 13124 13223 13404 13654 13933 14248 14498 14590 14778 14972 15007 14926 14216 14712 14910 14938 14922 14912 15130 15227 15338 15565 15774 15966 16619 16611 16413 16358 15873 15670 15494 15386 15431 15537 15787 16174 16681 16807 16866 16714 16542 16430 16121 15810 16054 16019 16280 16788 17223 17582 17637 17354 16870 16952 17598 17432 17210 16538 16676 17315 16963 16845 16564 15623 15139 14467 14116 14191 14718 14902 14865
13514 13405 13307 13212 13142 13110 13109 13168 13238 13364 13550 13747 13971 14102 14208 14280 14359 14445 14484 14362 14363 14202 14232 14580 14759 15273 15591 15731 15858 16081 16357 16342 16398 16585 16405 16094 15782 15510 15439 15493 15676 15865 16176 16532 16985 17284 17214 17022 16723 16358 16274 16579 16627 16816 18088 17805 18111 18257 18202 17809 17079 17302 17024 17495 17206 16927 17078 17314 17334 16721 16180 15995 15003 14807 14628 15089 15329 15378
13651 13555 13464 13334 13231 13174 13181 13218 13295 13368 13485 13692 13808 13861 13900 13929 13988 14052 14114 14165 14193 14143 14090 14088 14226 14606 15310 14961 15300 15460 15494 16143 16529 16993 16431 16198 16022 15765 15730 15803 15903 16082 16421 16755 17297 17725 17693 17345 16967 16676 16705 17277 16931 17067 17531 18137 18838 19009 18852 18781 18192 18002 17404 17027 16712 16942 16895 16846 16901 16845 16764 16643 16340 15995 15505 15953 16067 16264
13793 13755 13659 13523 13373 13287 13227 13278 13308 13363 13479 13605 13697 13689 13698 13753 13810 13890 13963 14017 14080 14089 14007 13940 14054 14289 14492 14841 15674 15885 16079 16265 16511 16730 16772 16536 16264 16089 16092 16238 16323 16365 16661 17092 17619 18039 18124 17883 17597 17293 17366 17171 16651 17126 17510 18085 18736 19171 18908 19066 18916 17551 18115 18048 16663 16554 16502 16476 16991 17068 17170 17019 16909 17661 16915 17107 17151 17323
13983 13974 13913 13747 13544 13379 13312 13304 13345 13367 13437 13538 13567 13566 13626 13691 13778 13890 13992 14054 14046 13953 13853 13804 13866 14053 14271 15202 15897 16769 17011 16668 16557 16335 16141 16495 16499 16315 16356 16665 16981 17151 17229 17590 17980 18284 18407 18279 18046 17721 17454 17134 16291 16936 17072 17814 18329 18641 18942 19551 20162 18923 18723 18468 17931 16798 17766 17641 17330 17187 17348 17387 17466 17138 17683 17788 17769 17684
14199 14216 14154 13993 13729 13530 13411 13406 13394 13405 13445 13482 13505 13551 13621 13721 13839 14012 14132 14190 14128 13965 13788 13743 13785 13884 14086 14688 15629 16950 17550 17601 17007 16651 16382 16627 16831 16498 16253 16562 17454 17802 17974 18150 18331 18514 18624 18584 18397 18128 17787 17124 16703 17045 17247 17899 18292 18483 18827 19414 19003 19266 19130 18781 18274 18118 18182 18057 17697 17551 17533 17396 17519 17636 17550 17923 17920 17063
14485 14399 14428 14149 13895 13688 13558 13549 13455 13441 13459 13479 13507 13571 13668 13801 13980 14193 14338 14369 14279 14028 13875 13829 13836 13905 14098 14631 15480 16677 18299 18105 17483 17024 16587 16202 16187 16432 16392 16765 17883 18286 18471 18529 18603 18666 18759 18799 18705 18546 18282 17788 17178 17209 17527 17915 18250 18506 19123 19746 19354 19445 19327 18846 17418 18367 18527 18529 18470 18407 18175 17887 18093 17758 16786 17190 16952 16656
15127 14743 14979 14384 14097 13824 13783 13736 13602 13501 13499 13511 13554 13634 13770 13960 14189 14413 14430 14452 14344 14115 14016 14044 14073 14104 14240 14664 15436 16654 18410 18315 18041 17565 16990 16345 16172 16538 16986 17788 18290 18604 18700 18745 18755 18765 18834 18891 18900 18780 18577 18161 17581 17196 17409 17501 18030 18353 18709 18995 19105 19340 19375 18944 17664 18776 19127 18917 18440 18681 18621 18280 17866 17415 16696 16182 16055 15816
15186 15260 15178 14842 14543 14069 13985 13907 13719 13600 13571 13584 13681 13772 13915 14164 14350 14477 14387 14383 14364 14276 14314 14379 14406 14413 14539 14931 15556 16556 17553 18186 18517 18039 17190 16530 16166 16177 16741 17927 18524 18754 18863 18853 18810 18806 18868 18981 19012 18982 18816 18435 17813 17112 17194 16908 17719 18090 18437 18638 18738 19089 19215 18947 18784 19449 20063 20022 19454 19081 18754 18077 17544 16672 15933 15330 15407 15226
14655 15117 15193 14996 14757 14400 14190 13982 13843 13728 13683 13770 13905 14010 14170 14312 14394 14495 14539 14602 14668 14713 14806 14859 14858 14861 14983 15351 15974 16823 17611 18239 18718 18659 18334 17129 16473 16487 17358 18069 18539 18845 18895 18989 18888 18805 18869 19017 19134 19167 19029 18708 18166 17525 17003 16160 16889 17426 18096 18148 17551 18635 18980 19012 19390 19909 20790 20321 20010 19032 18059 17694 17272 15868 15288 14923 14675 14480
14337 14583 15053 15070 14848 14609 14379 14150 14028 13920 13886 14062 14126 14243 14403 14540 14657 14874 15059 15131 15299 15421 15524 15530 15482 15456 15558 15894 16522 17524 18137 18790 18997 18753 18377 17994 17272 17110 17550 18108 18688 18967 19093 19065 18949 18842 18847 18974 19129 19223 19188 18927 18506 18043 17395 16255 16040 16224 16924 17336 17680 18519 18688 18994 19535 19788 20242 19709 19324 18394 17965 17727 17405 16441 15075 14066 13766 14009
14184 14459 14946 15107 15045 14762 14587 14358 14235 14151 14090 14249 14284 14388 14684 14965 15296 15590 15903 16144 16377 16545 16553 16472 16341 16250 16306 16611 17176 18239 18692 19064 19216 18706 18378 18409 17918 17411 17500 17942 18604 19076 19188 19225 19033 18868 18805 18848 18980 19123 19191 19065 18758 18346 17769 16384 16005 15921 16005 16253 16697 17467 17805 18361 18637 18974 19472 19269 18736 18236 18048 18290 17891 16552 15223 14229 13849 13935
14248 14354 14543 14959 14954 14492 14418 14335 14286 14331 14328 14470 14581 14833 15215 15853 16290 16661 16998 17365 17496 17676 17732 17612 17474 17404 17395 17588 18064 18472 18360 18906 19545 19347 19069 18706 18155 17641 17519 17747 18132 18831 19077 19167 19038 18826 18585 18595 18613 18768 19023 19064 18914 18582 18198 17542 16532 16176 16015 16033 16169 16473 17009 17242 17726 18051 18713 18627 18042 18102 17748 17486 17122 16735 15643 14874 14312 13989
14392 14510 14631 14867 14785 14456 14443 14586 14470 14579 14742 14971 15252 15752 16092 16748 17218 17653 17886 18121 18212 18359 18372 18294 18076 17989 17798 16820 17124 18641 19226 19677 19806 19472 19217 18806 18116 17356 17225 17406 17637 18383 18606 18772 18720 18455 17867 17832 17463 17494 18491 18661 18693 18418 18192 17577 16937 16459 16276 16259 16177 16137 16330 16598 17201 17046 17911 17967 17461 18246 17506 16767 16484 16391 16162 15414 14785 14071
14475 14575 14580 14641 14416 14306 14469 14881 14616 14718 14852 15254 15683 16217 16363 17174 17484 17848 18309 18736 18801 18824 18602 18437 17375 17921 17808 17662 17960 18600 19257 19750 19941 19743 19388 18833 17976 17252 17004 17268 17397 17723 17944 18125 18183 17983 17185 16394 15952 15869 16179 16444 16736 17034 17579 16625 16413 16207 16187 16211 16307 16209 16236 16339 16626 16849 17267 17438 17284 17377 17046 16422 16434 16223 16181 15568 15054 14505
14413 14423 14153 14215 14177 14244 14320 14571 14855 15024 14828 14857 14877 15641 16111 16896 16743 17077 17474 18290 18476 18202 18200 18680 18346 17961 17427 17275 17387 17944 18962 19630 19886 19762 19429 18888 17931 17042 16457 16675 17012 17250 17394 17258 17259 17081 16332 15727 15265 15049 15115 15335 15571 15745 15695 15495 15413 15597 15680 15753 15998 15997 15995 16091 16233 16454 16688 16940 16926 16744 16388 15783 15718 15161 15817 15409 15155 15008
13908 13999 13980 14030 14222 14300 14453 14906 15117 15277 15291 14956 14808 15053 15186 15798 15909 16037 16808 17756 18287 18534 18190 18499 18122 17622 17185 17024 17052 17337 18503 19331 19612 19644 19297 18633 17191 16282 15940 15997 16281 16369 16451 16418 16356 16123 15720 15158 14660 14371 14375 14574 14740 15032 15052 14907 14787 14707 14865 15096 15323 15416 15476 15586 15702 15860 16042 16154 16074 15820 15374 14952 14750 14578 14757 14908 14913 15024
13818 13853 14003 14012 14591 14693 14770 14902 15043 15068 15112 15084 14752 15059 15095 15388 15509 15701 16005 16326 17172 17948 17825 17511 17559 17312 17080 16963 16919 17028 17526 18671 18985 19301 19126 18259 16712 15931 15612 15543 15630 15703 15757 15735 15641 15412 15066 14586 14088 13787 13731 13894 14174 14371 14382 14283 14223 14213 14346 14595 14800 14951 14981 15072 15194 15313 15399 15497 15365 15077 14579 14077 13816 13756 13893 14142 14583 14946
13922 13894 14409 14295 13789 14478 14541 14481 14577 14483 14580 14678 14654 14854 14862 14935 14840 15290 15479 15870 16129 17070 17128 17023 17274 17052 16924 16872 16821 16812 17098 18166 18633 18720 18282 17460 16356 15684 15322 15122 15063 15081 15094 15036 14912 14700 14394 13990 13556 13359 13274 13356 13589 13761 13816 13775 13828 13801 13710 13789 14038 14452 14573 14771 14875 14923 14935 14921 14574 14257 13872 13416 13184 13243 13270 13464 13954 14594
14446 14342 14612 14269 14251 14281 14204 14186 14336 14262 14399 14387 14362 14476 14521 14650 14770 15282 14996 15678 15895 16219 16466 16753 16819 16564 16628 16583 16613 16690 17207 17770 17827 17793 17435 16814 16008 15431 14975 14609 14435 14396 14375 14290 14158 13947 13667 13386 13168 12937 12736 12855 13111 13392 13569 13626 13626 13548 13391 13394 13578 13745 13928 14408 14524 14541 14539 14502 14267 14019 13694 12958 12752 12782 12638 12848 13352 14007
14151 14156 14408 14250 14119 13792 13654 13732 13937 13931 14112 13949 13217 13999 14198 14385 14515 14653 14568 14768 14926 15012 15409 15782 16330 16613 16537 16264 16412 16538 17117 17225 17113 17007 16694 16270 15714 15138 14564 14094 13793 13711 13687 13575 13479 13249 13051 12962 12748 12411 12327 12440 12724 13103 13378 13435 13445 13254 13063 12989 13133 13359 13585 13753 13717 13675 13622 13404 13009 12682 12388 12908 12763 12677 12685 12533 12807 13410
14359 14386 14289 14109 13890 13424 12890 12591 13122 13226 13220 13026 12958 13718 13803 13920 14021 14016 13923 13879 13887 14040 14391 14899 15383 15807 16098 16301 16735 16779 16822 16571 16533 16475 16270 15910 15381 14750 14110 13602 13238 13068 13074 12976 12936 12634 12489 12494 12208 12043 12041 12198 12490 12808 12988 13120 13152 13014 12822 12699 12778 13056 13347 13435 13380 13300 13106 12829 12526 12193 11843 11694 11688 11766 11814 11628 11782 12866
13644 13594 13670 13490 13259 12747 12526 11983 12315 12471 12132 12053 12385 12393 13234 13506 13666 13680 13547 13420 13387 13413 13576 14114 14663 15089 15442 15712 15924 15993 15966 15949 15957 15895 15746 15431 14931 14314 13664 13134 12787 12599 12684 12614 12551 12330 12180 12059 11846 11769 11793 11953 12097 12390 12684 12861 12913 12835 12654 12547 12655 12988 13266 13424 13397 13247 12887 12612 12362 12005 11516 11415 11463 11452 10907 11389 11822 12322
12741 12788 13016 13152 13083 12734 12679 12410 12633 12984 12293 12055 12426 12989 13051 13179 13390 13474 13322 13155 13098 13038 13134 13431 13760 14187 14791 15108 15288 15355 15344 15352 15353 15324 15183 14870 14411 13836 13243 12725 12406 12367 12404 12335 12347 12212 12123 12062 11934 11770 11590 11646 11922 12009 12347 12609 12792 12810 12736 12691 12762 12999 13208 13348 13370 13310 13068 12746 12351 11795 11343 11268 11376 11543 11686 11414 11565 11734
12547 12561 12633 12767 12884 12838 12911 12849 12949 13056 12747 12512 12928 12197 12720 12871 13083 13345 13160 12980 12841 12646 12623 12845 13056 13424 13870 14246 14500 14577 14571 14567 14624 14639 14515 14193 13786 13280 12782 12365 12089 12083 11809 11851 12108 12198 12223 12236 12151 11919 11619 11597 11888 11562 11726 12341 12712 12894 12922 12932 12965 12966 13099 13191 13229 13183 12996 12619 12145 11116 10915 10908 11078 11260 11375 11009 10996 11012
12841 12758 12856 13054 13230 13323 13433 13411 13410 13332 12970 12676 13185 12749 12646 12726 13057 13569 13417 13139 12787 12497 12364 12537 12776 13076 13451 13686 13817 13804 13765 13723 13828 13880 13733 13404 13001 12540 12119 11835 11241 11043 10890 11175 11718 12205 12436 12440 12238 11864 11481 11385 11776 12032 12000 12291 12641 12917 13026 13083 13026 12739 12743 12831 12911 12904 12715 12296 11644 11127 10851 10803 11082 11236 11158 10459 10318 10213
