Data/ppt/PRISM_ppt_pr_1963-1995_normal_450mM1_08_asc.asc
ncols 557
nrows 164
xllcorner -67.31875000000
yllcorner 17.86875000000
cellsize 0.00416666667
NODATA_value -9999
[rows 68 to 101 of 164, columns 231 to 307 of 557]
17728 17720 17750 17772 17869 17937 18011 18041 18023 17967 17951 17891 17817 17770 17748 17772 17797 17828 17768 17664 17539 17625 17643 17683 17665 17661 17638 17587 17473 17401 17382 17427 17222 16883 16845 16491 16612 16596 16940 17266 17517 17642 17681 17692 17724 17798 17939 17851 16687 17656 17824 17947 17969 17766 17513 18253 17902 18371 18132 18358 18441 17935 18675 18897 18308 18643 18534 18728 19171 19342 19330 19285 19239 19064 18929 18836 18815
17907 17932 17953 17998 18049 18169 18189 18200 18143 18068 17983 17903 17857 17829 17823 17821 17888 17930 17950 17802 17695 17714 17735 17776 17791 17787 17734 17639 17488 17436 17454 17440 17281 16910 16797 16378 16547 16570 16815 17152 17349 17506 17551 17539 17560 17684 17820 17866 17706 17676 17383 17246 17197 17375 17372 17530 17536 17776 17726 17823 18018 17677 18160 18341 18251 18435 18407 18526 18750 18892 18990 18987 18957 18886 18780 18736 18763
18058 18075 18204 18211 18307 18346 18366 18330 18282 18174 18054 17953 17893 17899 17882 17885 17941 17984 18021 17979 17885 17845 17918 17931 17955 17911 17721 17690 17512 17569 17450 17495 17297 16315 16073 15980 16634 16886 17024 17254 17454 17497 17562 17527 17544 17718 17773 17830 17785 17647 17291 17103 17080 17263 17343 17314 17329 17316 17291 17306 17755 17820 17980 18029 18143 18205 18288 18331 18448 18582 18684 18745 18761 18717 18714 18778 18853
18116 18241 18383 18442 18469 18498 18457 18415 18322 18211 18110 17988 17941 17932 17926 17926 17955 18050 18042 18079 18045 18126 18203 18161 18188 18092 17713 17429 17134 17389 16722 17003 16838 16222 16017 16109 16567 16980 17293 17639 17763 17702 17628 17590 17675 17760 17820 17797 17787 17628 17365 17145 17128 17263 17342 17272 17338 17255 17075 17009 17126 17247 17270 17392 17533 17626 17856 18062 18145 18283 18517 18551 18585 18662 18697 18877 19023
18223 18353 18549 18601 18625 18628 18614 18530 18413 18286 18154 18086 18032 18011 18029 17997 18027 17994 17963 17992 18015 18141 18136 17752 17940 17940 17443 17052 16925 16819 16474 16400 16315 16595 16431 16380 16474 16934 17427 17803 18043 18029 17880 17807 17790 17872 17811 17827 17819 17680 17432 17225 17176 17273 17312 17368 17515 17467 17118 16940 16916 16921 16983 17056 17203 17456 18153 18561 18587 18580 18637 18604 18616 18661 18744 18938 19088
17868 17880 18336 18506 18660 18698 18668 18583 18460 18297 18171 18124 18109 18195 18166 18111 17796 17482 17409 17512 17310 17209 17191 17020 16979 17317 17008 16619 16752 16637 16556 16327 16206 15992 16296 16579 16608 17097 17533 17887 18071 18144 18046 17945 17996 17941 17834 17877 17801 17680 17445 17267 17225 17299 17364 17348 17463 17369 17092 16930 16826 16782 16805 17049 17153 17438 18179 18617 18701 18681 18681 18690 18770 18864 18890 18982 19094
16788 16880 17638 18062 18398 18595 18647 18642 18533 18402 18225 18276 18323 18438 18445 18253 17680 17194 17132 17088 17021 16973 16828 16940 17095 16912 16577 16102 16626 16832 17703 16727 16613 16645 16166 16601 15831 17008 17536 17808 17958 18066 18005 18023 18034 17986 17923 17869 17811 17618 17427 17299 17301 17370 17433 17454 17413 17355 17150 17072 16962 16875 16968 17448 17637 17823 18329 18641 18680 18595 18625 18617 18750 18848 18923 18967 19078
15550 15752 16569 16880 17344 18182 18494 18579 18545 18351 18377 18481 18504 18490 18354 18212 17395 16687 16816 16751 16872 16906 16563 16767 16708 16668 16348 16052 16593 16734 17043 17213 16475 15841 15717 16169 16157 16666 17037 17376 17686 17951 18032 17973 17988 17964 17893 17879 17776 17579 17426 17363 17390 17471 17540 17561 17526 17444 17400 17445 17387 17323 17313 17359 17753 17915 18123 18457 18592 18602 18581 18644 18647 18771 18877 18959 19194
14554 15369 15541 15696 16169 17140 18025 18272 18182 18055 18272 18205 18156 17845 17376 17147 16467 15941 15819 15688 15751 15794 15524 15745 15671 16521 16283 17030 16687 16775 16693 17116 16518 16551 16263 16379 16361 16581 16829 17119 17527 17914 18055 18059 18036 17962 17923 17881 17774 17617 17497 17464 17509 17600 17674 17690 17653 17580 17537 17640 17672 17711 17708 17647 17846 17859 18017 18246 18455 18508 18669 18725 18677 18723 18848 19073 19466
15387 15483 15158 15172 15809 16666 17101 17258 17340 17533 17369 17279 17163 16979 16626 16133 15476 14946 14860 14541 14373 14091 15067 15573 15781 16557 16561 15503 15781 15692 15979 16082 16236 16711 16125 16317 16463 16717 17036 17352 17640 17933 18133 18215 18187 18091 17989 17925 17833 17713 17617 17587 17649 17740 17809 17819 17782 17699 17636 17660 17779 17898 17959 17912 17813 17824 17800 17960 18232 18428 18580 18713 18688 18697 18842 19072 19638
15893 15943 15940 16022 16147 16581 16946 16661 16621 16926 16811 16828 16557 16341 16179 15747 14936 14159 13925 13842 13767 13734 14028 14786 15085 14859 14774 14708 15447 15162 15030 14833 15877 16312 16242 16429 16582 16887 17366 17709 17968 18160 18313 18362 18284 18173 18055 17982 17920 17822 17751 17741 17782 17870 17938 17935 17887 17831 17787 17847 17933 18108 18139 18030 17880 17725 17745 17830 18125 18330 18515 18783 18876 18800 18838 19179 19765
16285 16364 16416 16460 16447 16724 16854 16459 16334 16268 16453 16477 16189 16077 15873 14892 14242 13765 13748 13669 13621 13585 13770 14448 14831 14895 14687 14282 14900 15097 15375 15432 15833 16206 16426 16563 16743 17028 17519 17893 18190 18364 18442 18421 18345 18199 18115 18043 18004 17937 17875 17860 17902 17976 18024 18031 17994 17952 18024 18104 18189 18269 18209 18076 17836 17741 17710 17798 18132 18251 18465 18775 18940 18800 19025 19890 20064
16722 16740 16778 16952 17068 17159 17174 17147 17007 16123 16320 16053 15991 15994 15890 15263 14399 13755 13813 13713 13634 13594 13646 14125 14433 14681 14649 14695 15073 15370 15415 15169 15642 16206 16507 16689 16862 17108 17476 17873 18245 18461 18523 18525 18371 18280 18219 18134 18082 18040 17968 17942 17961 18008 18085 18069 18057 18077 18117 18221 18290 18276 18201 18006 17899 17755 17818 17898 18251 18258 18444 18788 18943 18861 18979 19378 19943
17130 17110 17190 17280 17644 17723 17604 17484 17232 16846 16514 16216 16185 16101 15887 15210 14624 14145 13806 13725 13721 13689 13604 13643 13707 14142 14350 14807 15270 15396 14995 14922 15187 15672 16333 16629 16912 17175 17513 17829 18205 18397 18505 18498 18420 18348 18290 18239 18174 18102 18032 17985 17980 18051 18070 18090 18095 18102 18146 18195 18227 18215 18082 17946 17816 17840 18061 18175 18443 18315 18487 18763 18978 18977 19084 19094 19324
16875 17172 17223 16916 17797 17946 17808 17541 17206 16842 16152 15962 16117 15921 15677 15003 14380 14010 13855 13850 13855 13794 13633 13479 13448 13837 14147 14617 15258 15483 14683 14830 15224 15583 15929 16226 16728 17131 17518 17867 18126 18328 18414 18494 18457 18421 18409 18325 18243 18163 18059 17996 17999 18009 18059 18058 18089 18162 18187 18193 18208 18069 17913 17722 17603 17592 18212 18308 18623 18652 18680 18754 18914 19093 19181 19133 19230
16493 16764 16749 16058 17367 17007 16878 16947 16657 16095 15823 15624 15244 15411 15573 14995 14234 13982 13956 13927 13898 13812 13645 13444 13275 13247 13869 14172 14656 14853 14659 14878 15428 15738 15954 16178 16478 16862 17415 17878 18057 18214 18345 18449 18471 18438 18392 18333 18247 18147 18052 17991 17960 17983 17981 17986 18045 18095 18142 18146 18032 17851 17760 17627 17629 17937 17615 17717 18538 18803 18877 18789 18960 19110 19241 19253 19342
16250 16485 15906 15565 16077 15988 15944 16376 15867 15347 15039 14918 14838 14947 14896 14443 14131 14024 13964 13925 13874 13755 13582 13402 13238 13180 13420 13771 14211 14875 14970 15190 15649 16015 16315 16638 16841 17095 17561 17983 18034 18095 18201 18351 18390 18388 18352 18293 18214 18123 18041 17976 17944 17927 17940 17948 17952 18001 18021 17940 17828 17712 17700 17820 17923 18279 17979 18171 18825 18974 18865 18751 18875 19114 19375 19532 19636
15554 15961 15372 14438 15106 14968 14928 15222 15029 14602 14202 14148 14198 14456 14271 14138 14062 13995 13934 13883 13798 13659 13471 13314 13245 13105 13071 13481 13928 14286 14852 15364 15822 16250 16513 16814 17151 17597 17924 18176 18174 18102 18137 18209 18212 18275 18288 18244 18176 18097 18022 17965 17915 17902 17902 17902 17918 17951 17917 17820 17658 17532 17471 17707 18050 18773 18317 19035 19108 19014 18769 18517 18736 19060 19421 19791 19862
15598 15525 15124 14818 14463 14328 14300 14303 14213 14096 13957 13935 13959 14071 14010 13984 13953 13900 13843 13784 13693 13545 13388 13274 13214 13186 13176 13541 13785 14365 14974 15587 16057 16547 16753 16977 17204 17512 17943 18224 18268 18128 18259 18202 18089 18110 18166 18154 18117 18054 17996 17937 17905 17884 17889 17883 17891 17897 17891 17744 17643 17610 17583 17713 17812 18141 18985 19037 18721 18375 17863 18115 18531 18970 19478 19978 20105
15294 15416 15122 14952 14418 14225 14193 14095 14019 13945 13891 13884 13910 13968 13939 13895 13840 13806 13761 13621 13539 13431 13306 13214 13191 13271 13382 13834 14073 14926 15534 15932 16401 16822 17061 17303 17544 17615 17909 18213 18237 17990 18306 18235 18072 18023 18034 18043 18027 18001 17958 17926 17900 17895 17896 17889 17883 17913 17877 17776 17692 17668 17658 17665 17722 17856 18144 18338 18134 17597 17579 17951 18392 18880 19396 19943 20220
16153 15767 15124 14944 14440 14238 14128 14058 13977 14020 13877 13837 13860 13914 13917 13842 13817 13806 13755 13542 13443 13379 13229 13157 13220 13404 13517 13713 14479 15413 15926 15945 16533 16985 17245 17577 17917 17975 17975 18180 18284 18279 18359 18341 18131 18072 17988 17955 17959 17946 17932 17922 17919 17921 17919 17913 17921 17920 17926 17854 17805 17769 17724 17686 17705 17770 17926 18083 18108 17453 17449 17828 18287 18769 19277 19865 20361
16451 15832 15038 15157 14843 14316 14125 14040 14093 14435 14000 13767 13746 13855 13843 13757 13686 13707 13676 13589 13571 13530 13295 13239 13278 13530 13722 14066 14632 15545 16322 16573 16893 17222 17435 17599 18023 18432 18119 18083 18121 18256 18373 18289 18190 18057 17988 17968 17947 17946 17943 17947 17954 17951 17954 17956 17966 18004 17981 17972 17953 17904 17820 17768 17702 17721 17802 18121 18979 17935 17523 17885 18237 18584 19057 19565 20163
16459 15492 15026 15317 14929 14314 14116 14064 14073 14278 13937 13697 13646 13788 13833 13715 13621 13551 13594 13597 13702 13753 13604 13609 13687 13797 13918 14578 14887 15725 16763 17083 17122 17332 17547 17854 18324 18213 18115 18118 18181 18286 18224 18119 18010 17979 17929 17965 17991 17981 17990 17994 18002 18001 18010 18009 18077 18071 18116 18092 18099 18019 17945 17861 17817 17746 17795 17903 18135 18206 18541 19719 18612 18519 18900 19435 19985
16246 15978 15121 15321 14924 14309 14122 14031 14062 14194 13935 13649 13649 13808 13900 13845 13738 13662 13638 13679 13742 13835 13875 14112 14317 14451 14670 15079 15340 15829 16416 17208 17438 17626 17918 18314 18514 18315 18291 18310 18352 18395 18353 18236 18135 18004 18020 18039 18046 18061 18074 18082 18051 18075 18064 18143 18135 18233 18256 18290 18278 18174 18078 18054 18010 18045 18038 18120 18210 18377 18572 18823 18785 19129 19891 20037 20377
15675 15738 15645 15433 15020 14350 14154 14092 14102 14265 14006 13753 13868 13991 14056 14078 14078 14075 14097 14076 14044 14041 14123 14360 14726 15179 15284 15749 15556 15263 16488 17160 17454 17670 17898 18156 18233 18316 18378 18413 18397 18390 18349 18263 18167 18110 18063 18094 18110 18126 18165 18156 18139 18104 18143 18133 18237 18269 18381 18414 18399 18319 18257 18293 18396 18648 18785 18818 18789 18746 18774 18833 18911 19095 19425 19792 20494
15395 15639 15824 15446 15089 14416 14207 14117 14182 14391 14214 13911 14073 14122 14158 14168 14211 14275 14329 14407 14400 14416 14379 14465 14757 15265 15933 16096 15958 16347 16915 17188 17440 17633 17898 18114 18141 18237 18263 18257 18271 18263 18226 18199 18094 18102 18087 18059 18044 18091 18156 18177 18157 18154 18127 18175 18206 18318 18395 18438 18458 18483 18634 18893 19194 19525 19777 19837 19758 19552 19389 19283 19210 19231 19408 19743 20570
15663 15849 16057 16042 15395 14564 14283 14329 14602 14698 14600 14191 14178 14232 14271 14308 14422 14425 14507 14547 14626 14687 14736 14793 14950 15182 15997 16251 16092 16369 16808 17045 17328 17563 17782 17946 17986 17917 17942 17968 17976 18051 18075 18008 17985 17926 17918 17832 17873 17981 18056 18122 18157 18147 18135 18143 18203 18252 18286 18284 18364 18617 19095 19580 20161 20597 20847 20880 20753 20488 20201 20011 19832 19789 19842 19900 20604
15585 15632 15807 16047 15968 15147 14488 14731 15132 14913 14798 14351 14204 14310 14368 14461 14620 14602 14601 14672 14735 14841 14971 15109 15326 15687 16205 16384 16117 16279 16716 17125 17355 17424 17534 17618 17567 17459 17417 17442 17481 17571 17642 17693 17619 17542 17413 17353 17438 17614 17749 17852 17924 17936 17949 17978 18012 18040 18038 18044 18158 18650 19550 20258 20976 21490 21687 21680 21519 21200 20849 20613 20429 20432 20266 20045 20267
15283 15608 15682 15803 15636 15176 14812 15065 15483 15302 15111 14689 14440 14457 14504 14568 14759 14710 14754 14822 14906 15019 15163 15356 15572 16018 16487 16847 17226 16905 16871 16920 17098 17231 17218 17213 17119 16779 16624 16668 16848 17021 17080 17119 17048 16942 16866 16840 16883 16997 17122 17238 17342 17444 17550 17626 17688 17723 17746 17802 17995 18666 19851 20785 21484 21901 22083 22078 21903 21600 21241 20982 20879 20823 20529 20451 20638
14751 15747 15616 15633 15446 15357 15103 15563 15920 15214 15140 14800 14632 14646 14633 14682 14861 14868 14909 14984 15122 15233 15435 15672 15884 16345 16846 17218 17517 17460 17371 17184 17169 16980 16933 16912 16835 16301 16171 16219 16420 16568 16581 16574 16538 16515 16499 16523 16543 16583 16662 16749 16835 16959 17095 17197 17273 17357 17454 17580 17874 18571 19821 20960 21619 21987 22183 22224 22113 21857 21537 21321 21202 21068 20694 20949 20986
14384 14910 14383 15440 15464 15303 15393 15748 15935 15622 15237 14724 14694 14754 14761 14799 14964 15013 15119 15171 15327 15541 15794 16064 16328 16628 17054 17583 17912 17999 17850 17608 17266 16764 16601 16704 16853 16186 16029 16060 16189 16308 16274 16313 16255 16255 16298 16347 16355 16350 16366 16390 16427 16528 16680 16811 16920 17035 17196 17452 17793 18354 19643 20861 21636 22062 22232 22330 22291 22087 21801 21579 21528 21492 21447 21432 21307
14168 14315 14256 14179 15703 15979 15432 15720 15801 15549 15182 14867 14786 14786 14835 14889 15000 15172 15290 15355 15532 15728 16010 16262 16562 16867 17293 17807 18215 18399 18241 17924 17509 16898 16426 16369 16355 16116 16121 16072 16136 16236 16241 16201 16182 16156 16196 16254 16282 16248 16203 16170 16154 16203 16323 16481 16641 16803 17066 17411 17921 18428 19106 20204 21607 22242 22448 22533 22514 22366 22106 21859 21756 21771 21833 21836 21744
14579 15011 14924 14444 14148 14584 14884 15653 15536 15313 15165 15082 14972 14905 15044 15084 15162 15220 15400 15560 15713 15940 16141 16391 16656 17070 17807 18136 18410 18635 18615 18383 17980 17542 16967 16696 16452 16295 16244 16215 16234 16263 16299 16221 16163 16154 16155 16218 16258 16227 16153 16072 16005 15989 16072 16210 16415 16675 17100 17625 18408 19124 19853 20567 21632 22458 22730 22770 22756 22644 22447 22226 22116 22138 22245 22302 22251
15419 15363 15126 14927 14945 14634 14749 15646 15588 15639 15534 15483 15459 15257 15647 15706 15766 15392 15563 15676 15897 16123 16411 16665 16979 17241 17960 18263 18587 18810 18945 18848 18522 18070 17655 17262 16883 16585 16544 16448 16394 16424 16355 16263 16195 16173 16191 16235 16245 16229 16158 16046 15949 15917 15987 16131 16387 16817 17582 18500 19593 20511 21364 22099 22616 22935 22992 23001 22930 22883 22812 22701 22658 22711 22822 22863 22768
