Data/ppt/PRISM_ppt_pr_1963-1995_normal_450mM1_09_asc.asc
ncols 557
nrows 164
xllcorner -67.31875000000
yllcorner 17.86875000000
cellsize 0.00416666667
NODATA_value -9999
[rows 0 to 33 of 164, columns 77 to 153 of 557]
-9999 -9999 -9999 -9999 -9999 -9999 -9999 -9999 -9999 -9999 -9999 -9999 -9999 -9999 -9999 -9999 -9999 -9999 -9999 -9999 -9999 -9999 -9999 -9999 -9999 -9999 -9999 -9999 -9999 -9999 -9999 -9999 -9999 -9999 -9999 -9999 -9999 -9999 -9999 -9999 -9999 -9999 -9999 -9999 -9999 -9999 -9999 -9999 -9999 -9999 -9999 -9999 -9999 -9999 -9999 -9999 -9999 -9999 -9999 -9999 -9999 -9999 -9999 -9999 -9999 -9999 -9999 -9999 -9999 -9999 -9999 -9999 -9999 -9999 -9999 -9999 -9999
-9999 -9999 -9999 -9999 -9999 -9999 -9999 -9999 -9999 -9999 -9999 -9999 -9999 -9999 -9999 -9999 -9999 -9999 -9999 -9999 -9999 -9999 -9999 -9999 -9999 -9999 -9999 -9999 -9999 -9999 -9999 -9999 -9999 -9999 -9999 -9999 -9999 -9999 -9999 -9999 -9999 -9999 -9999 -9999 -9999 -9999 -9999 -9999 -9999 -9999 -9999 -9999 -9999 -9999 -9999 -9999 -9999 -9999 -9999 -9999 -9999 -9999 -9999 -9999 -9999 -9999 -9999 -9999 -9999 -9999 -9999 -9999 -9999 -9999 -9999 -9999 -9999
-9999 -9999 -9999 -9999 -9999 -9999 -9999 -9999 -9999 -9999 -9999 -9999 -9999 -9999 -9999 -9999 -9999 -9999 -9999 -9999 -9999 -9999 -9999 -9999 -9999 -9999 -9999 -9999 -9999 -9999 -9999 -9999 -9999 -9999 -9999 -9999 -9999 -9999 -9999 -9999 -9999 -9999 -9999 -9999 -9999 -9999 -9999 -9999 -9999 -9999 -9999 -9999 -9999 -9999 -9999 -9999 -9999 -9999 -9999 -9999 -9999 -9999 -9999 -9999 -9999 -9999 -9999 -9999 -9999 -9999 -9999 -9999 -9999 -9999 -9999 -9999 -9999
-9999 -9999 -9999 -9999 -9999 -9999 -9999 -9999 -9999 -9999 -9999 -9999 -9999 -9999 -9999 -9999 -9999 -9999 -9999 -9999 -9999 -9999 -9999 -9999 -9999 -9999 -9999 -9999 -9999 -9999 -9999 -9999 -9999 -9999 -9999 -9999 -9999 -9999 -9999 -9999 -9999 -9999 -9999 -9999 -9999 -9999 -9999 -9999 -9999 -9999 -9999 -9999 -9999 -9999 -9999 -9999 -9999 -9999 -9999 -9999 -9999 -9999 -9999 -9999 -9999 -9999 -9999 -9999 -9999 -9999 -9999 -9999 -9999 -9999 -9999 -9999 -9999
-9999 -9999 -9999 -9999 -9999 -9999 -9999 -9999 -9999 -9999 -9999 -9999 -9999 -9999 -9999 -9999 -9999 -9999 -9999 -9999 -9999 -9999 -9999 -9999 -9999 -9999 -9999 -9999 -9999 -9999 -9999 -9999 -9999 -9999 -9999 -9999 -9999 -9999 -9999 -9999 -9999 -9999 -9999 -9999 -9999 -9999 -9999 -9999 -9999 -9999 -9999 -9999 -9999 -9999 -9999 -9999 -9999 -9999 -9999 -9999 -9999 -9999 -9999 -9999 -9999 -9999 -9999 -9999 -9999 -9999 -9999 -9999 -9999 -9999 -9999 -9999 -9999
-9999 -9999 -9999 -9999 -9999 -9999 -9999 -9999 -9999 -9999 -9999 -9999 -9999 -9999 -9999 -9999 -9999 -9999 -9999 -9999 -9999 -9999 -9999 -9999 -9999 -9999 -9999 -9999 -9999 -9999 -9999 -9999 -9999 -9999 -9999 -9999 -9999 -9999 -9999 -9999 -9999 -9999 -9999 -9999 -9999 -9999 -9999 -9999 -9999 -9999 -9999 -9999 -9999 -9999 -9999 -9999 -9999 -9999 -9999 -9999 -9999 -9999 -9999 -9999 -9999 -9999 -9999 -9999 -9999 -9999 -9999 -9999 -9999 -9999 -9999 -9999 -9999
-9999 -9999 -9999 -9999 -9999 -9999 -9999 -9999 -9999 -9999 -9999 -9999 -9999 -9999 -9999 -9999 -9999 -9999 -9999 -9999 -9999 -9999 -9999 -9999 -9999 -9999 -9999 -9999 -9999 -9999 -9999 -9999 -9999 -9999 -9999 -9999 -9999 -9999 -9999 -9999 -9999 -9999 -9999 -9999 -9999 -9999 -9999 -9999 -9999 -9999 -9999 -9999 -9999 -9999 -9999 -9999 -9999 -9999 -9999 -9999 -9999 -9999 -9999 -9999 -9999 -9999 -9999 -9999 -9999 -9999 -9999 -9999 -9999 -9999 -9999 -9999 -9999
-9999 -9999 -9999 -9999 -9999 -9999 -9999 -9999 -9999 -9999 -9999 -9999 -9999 -9999 -9999 -9999 -9999 -9999 -9999 -9999 -9999 -9999 -9999 -9999 -9999 -9999 -9999 -9999 -9999 -9999 -9999 -9999 -9999 -9999 -9999 -9999 -9999 -9999 -9999 -9999 -9999 -9999 -9999 -9999 -9999 -9999 -9999 -9999 -9999 -9999 -9999 -9999 -9999 -9999 -9999 -9999 -9999 -9999 -9999 -9999 -9999 -9999 -9999 -9999 -9999 -9999 -9999 -9999 -9999 -9999 -9999 -9999 -9999 -9999 -9999 -9999 -9999
-9999 -9999 -9999 -9999 -9999 -9999 -9999 -9999 -9999 -9999 -9999 -9999 -9999 -9999 -9999 -9999 -9999 -9999 -9999 -9999 -9999 -9999 -9999 -9999 -9999 -9999 -9999 -9999 -9999 -9999 -9999 -9999 -9999 -9999 -9999 -9999 -9999 -9999 -9999 -9999 -9999 -9999 -9999 -9999 -9999 -9999 -9999 -9999 -9999 -9999 -9999 -9999 -9999 -9999 -9999 -9999 -9999 -9999 -9999 -9999 -9999 -9999 -9999 -9999 -9999 -9999 -9999 -9999 -9999 -9999 -9999 -9999 -9999 -9999 -9999 -9999 -9999
11777 11732 -9999 -9999 -9999 -9999 -9999 -9999 -9999 -9999 -9999 -9999 -9999 -9999 -9999 -9999 -9999 -9999 -9999 -9999 -9999 -9999 -9999 -9999 -9999 -9999 -9999 -9999 -9999 -9999 -9999 -9999 -9999 -9999 -9999 -9999 -9999 -9999 -9999 -9999 -9999 -9999 -9999 -9999 -9999 -9999 -9999 -9999 -9999 -9999 -9999 -9999 -9999 -9999 -9999 -9999 -9999 -9999 -9999 -9999 -9999 -9999 -9999 -9999 -9999 -9999 -9999 -9999 -9999 -9999 -9999 -9999 -9999 -9999 -9999 -9999 -9999
11151 11179 10902 10703 -9999 -9999 -9999 -9999 -9999 -9999 -9999 -9999 -9999 -9999 -9999 -9999 -9999 -9999 -9999 -9999 -9999 -9999 -9999 -9999 -9999 -9999 -9999 -9999 -9999 -9999 -9999 -9999 -9999 -9999 -9999 -9999 -9999 -9999 -9999 -9999 -9999 -9999 -9999 -9999 -9999 -9999 -9999 -9999 -9999 -9999 -9999 -9999 -9999 -9999 -9999 -9999 -9999 -9999 -9999 -9999 -9999 -9999 -9999 -9999 -9999 -9999 -9999 -9999 -9999 -9999 -9999 -9999 -9999 -9999 -9999 -9999 -9999
10729 10574 10265 9956 9632 9716 9853 9887 10873 -9999 -9999 11827 11481 11352 11309 -9999 -9999 -9999 -9999 -9999 -9999 -9999 -9999 -9999 -9999 -9999 -9999 -9999 -9999 -9999 12914 12917 12873 12804 12670 12516 12453 -9999 -9999 -9999 -9999 -9999 12110 12128 12206 12353 12330 12341 12342 12338 12378 12419 12509 -9999 -9999 -9999 -9999 -9999 -9999 -9999 -9999 -9999 -9999 -9999 -9999 -9999 -9999 -9999 -9999 -9999 -9999 -9999 -9999 -9999 -9999 -9999 -9999
10391 10191 10057 9816 9539 9639 9804 9100 10078 9755 10389 11322 10697 10577 10799 11296 11857 11923 11924 11906 -9999 -9999 -9999 -9999 12608 12755 12951 13065 13105 13067 13006 12953 12895 12843 12714 12528 12446 12399 12365 12352 12351 12382 12279 12208 12263 12376 12410 12398 12366 12363 12354 12421 12461 12558 12567 -9999 -9999 -9999 -9999 -9999 -9999 -9999 -9999 -9999 -9999 -9999 -9999 -9999 -9999 -9999 -9999 -9999 -9999 -9999 -9999 -9999 -9999
10533 9992 9255 9140 9001 9113 9048 9065 9565 9554 9785 10431 10355 10188 10614 10925 11215 11669 11720 11739 11813 11841 11665 12038 12348 12615 12881 12954 12994 13081 13033 13003 12955 12797 12798 12579 12465 12416 12382 12356 12366 12390 12414 12388 12426 12526 12514 12539 12493 12423 12411 12400 12471 12513 12584 12578 12569 -9999 -9999 -9999 -9999 -9999 -9999 -9999 -9999 -9999 -9999 -9999 -9999 -9999 -9999 12636 -9999 -9999 -9999 12509 12522
10705 10016 9653 9057 8154 8508 8370 8385 8724 9024 9501 9756 9712 9608 10063 10307 10992 10922 11091 11115 11146 11155 11389 11614 12197 12504 12637 12654 12759 12917 12969 12970 12868 12679 12845 12668 12566 12457 12424 12388 12382 12410 12453 12493 12553 12584 12648 12670 12651 12590 12545 12500 12484 12546 12561 12603 12591 12596 12609 -9999 -9999 -9999 -9999 -9999 -9999 -9999 -9999 -9999 -9999 -9999 12645 12638 12631 -9999 12535 12524 12551
10169 10093 9709 9398 9145 8663 8584 8491 8593 8057 8835 9452 9415 9325 9626 10123 10312 10414 10869 10884 10909 10885 10865 11159 11656 12136 12374 12401 12582 12712 12766 12738 12827 12551 12701 12677 12701 12604 12538 12495 12456 12484 12528 12589 12647 12705 12733 12806 12808 12805 12768 12695 12648 12580 12614 12611 12650 12640 12642 12651 12650 12654 12657 12659 12654 12649 12641 12638 12641 12650 12651 12642 12631 12607 12558 12558 12572
10592 10655 10416 9795 9592 9336 9003 8799 8753 8353 9082 9499 9770 10180 10280 10271 9933 10454 10699 10335 10282 10239 10093 11005 11418 11669 12161 11939 12055 12170 12376 12081 12175 12107 12183 12414 12731 12793 12722 12662 12624 12636 12706 12739 12813 12870 12918 12937 12969 12973 12984 12932 12869 12762 12694 12718 12692 12728 12725 12716 12713 12707 12699 12692 12686 12670 12662 12656 12652 12662 12660 12650 12639 12616 12571 12568 12598
11401 11070 10818 10521 10363 10234 9656 9348 9098 9087 9780 9875 10522 10922 11102 11003 10833 10828 10567 10199 9911 9931 10182 10480 10982 11373 11431 11348 11520 11597 11694 11847 11560 11801 11927 12243 12622 12821 12849 12748 12754 12810 12857 12942 13000 13069 13113 13120 13106 13106 13099 13094 13054 12960 12917 12846 12846 12834 12859 12862 12827 12809 12783 12759 12732 12711 12690 12673 12666 12669 12660 12619 12637 12617 12574 12558 12561
11971 11505 11463 11203 10897 10623 10324 9887 9674 10004 10229 10560 11284 11386 11522 11460 11323 11322 11262 10668 10385 10266 10173 10357 10604 10712 11167 11146 11350 11402 11441 11512 11356 11737 11812 11659 12491 12748 12794 12818 12806 12861 12974 13063 13190 13282 13314 13323 13292 13257 13226 13196 13150 13099 13056 13021 12980 13008 13029 13011 12995 12916 12874 12824 12777 12735 12700 12670 12650 12645 12606 12591 12576 12587 12546 12516 12517
12234 12066 11881 11550 11290 11162 10992 10541 10238 10772 11150 11540 11931 12137 12179 12151 12000 11862 11661 11403 11120 11044 10523 10482 10415 10364 10424 10280 10918 11038 11118 11285 10880 11719 12020 12550 12856 12816 12832 12889 12896 12920 13010 13210 13380 13490 13538 13518 13479 13413 13357 13298 13240 13203 13166 13131 13106 13103 13102 13119 13069 13025 12946 12867 12791 12721 12665 12617 12586 12568 12555 12512 12530 12522 12503 12493 12491
12448 12442 12208 11729 11536 11499 11381 11014 11129 11564 11979 12299 12719 12913 12889 12723 12562 12493 12359 12205 12047 11891 11509 11208 11021 10946 10930 11025 11188 11259 11364 11499 11484 12010 12265 12834 13209 13302 13262 13245 13129 13084 13211 13457 13616 13725 13748 13734 13659 13582 13497 13414 13362 13313 13287 13255 13223 13204 13193 13187 13189 13129 13063 12970 12864 12769 12675 12614 12571 12548 12531 12524 12516 12503 12502 12501 12509
13002 13066 12656 12472 12391 12353 12228 11926 12031 12150 12779 13170 13506 13597 13500 13255 13113 13056 12979 12910 12823 12616 12390 12084 11802 11707 11658 11713 11773 11876 12001 12086 12150 12311 12545 12975 13285 13831 13719 13611 13470 13425 13500 13674 13762 13887 13931 13913 13862 13755 13654 13558 13470 13441 13415 13388 13358 13318 13305 13299 13286 13256 13201 13110 13005 12871 12750 12651 12588 12554 12542 12537 12531 12526 12523 12529 12524
13657 13762 13369 13319 13340 13259 13099 12895 12864 12849 13266 13914 14162 14171 13997 13738 13578 13520 13477 13456 13378 13090 13070 12862 12595 12420 12311 12389 12424 12483 12585 12760 12826 12822 12915 13266 13640 14006 13883 13872 13872 13907 13892 13911 13945 13996 14006 14013 13915 13843 13742 13662 13587 13537 13519 13505 13469 13436 13411 13402 13477 13450 13420 13329 13223 13071 12905 12755 12648 12580 12553 12546 12548 12549 12555 12558 12574
14312 14295 14175 14208 14288 14190 13958 13725 13689 13564 13926 14653 14872 14786 14564 14351 14130 14022 13960 13969 13983 13884 13808 13606 13379 13170 12998 12927 12876 12882 12965 13325 13415 13409 13478 13676 13933 14395 14287 14055 13972 14084 14097 14036 14008 14067 13983 13895 13859 13786 13766 13695 13652 13622 13596 13586 13574 13544 13524 13591 13742 13806 13895 13826 13785 13546 13250 12961 12763 12650 12584 12578 12571 12572 12577 12598 12645
15344 15133 15098 15175 15239 15136 14875 14596 14523 14629 14991 15243 15551 15524 15356 15160 14965 14725 14643 14644 14650 14608 14537 14439 14246 14079 13950 13758 13657 13629 13854 13961 14000 14005 13974 13885 13729 14535 14713 14486 14453 14385 14247 14079 14070 14137 13963 13952 13893 13889 13823 13785 13739 13706 13692 13649 13657 13636 13641 13645 13674 13713 14080 14193 14464 14109 13622 13196 12892 12734 12650 12605 12612 12603 12624 12686 12800
16330 16153 16166 16305 16335 16162 15805 15585 15442 15636 16034 16228 16478 16532 16436 16200 16012 15782 15675 15609 15555 15480 15405 15328 15190 15038 14881 14725 14535 14433 14576 14630 14603 14573 14525 14405 14304 14923 15079 14995 15052 14950 14876 14671 14662 14613 14291 14200 14152 14069 13952 13888 13856 13852 13844 13812 13787 13796 13761 13764 13741 13816 14450 14643 15088 14713 14205 13733 13154 12890 12752 12712 12669 12696 12739 12859 13050
17300 17250 17263 17407 17410 17241 16562 16620 16447 16486 16930 17418 17519 17594 17542 17324 17119 16984 16773 16729 16686 16591 16443 16272 16057 15904 15724 15525 15304 15104 15062 15137 15208 15225 15111 15017 14871 14846 14924 15775 15604 15515 15463 15179 15290 15292 15169 14867 14711 14519 14199 14082 14053 14065 14096 14152 14170 14075 13960 13937 13902 13858 13866 14511 14958 15329 14838 14082 13651 13150 12962 12884 12878 12899 13023 13222 13474
17984 18243 18132 18330 18319 18261 17835 17668 17474 17472 17959 18296 18492 18517 18476 18320 18170 18067 17916 17879 17798 17644 17405 17120 16855 16637 16443 16195 15963 15783 15627 15625 15819 16180 15774 15676 15573 15555 14909 15676 15884 15969 16113 16149 16200 16020 15747 15306 15205 14999 14791 14675 14664 14694 14524 14682 14689 14493 14329 14257 14211 14191 14109 14160 14513 15228 15593 15137 14067 13554 13346 13256 13268 13329 13646 14014 14489
18649 18859 19031 19620 19466 19340 19058 18659 18313 18444 18634 18879 19230 19252 19154 19035 18997 18923 18888 18878 18801 18646 18395 18050 17711 17416 17190 17101 16985 16893 16731 16628 16454 16853 16657 16562 16410 16173 15826 16359 16500 16463 16658 16774 16725 16281 15970 15755 15971 15840 15729 15641 15678 15387 15301 15416 15391 15160 15068 14952 14884 14843 14703 14355 14561 15150 15426 15444 14815 14410 14111 13857 13854 13989 14353 14809 15370
19470 19663 19887 20447 20413 20172 19985 19658 19425 19563 19612 19619 19738 19734 19633 19513 19487 19449 19500 19530 19497 19372 19153 18820 18520 18210 17900 17749 17650 17631 17739 17730 17364 18040 17474 17620 17537 17382 16915 17116 17382 17230 17190 17197 17061 16563 16250 16020 15892 15699 15833 15936 16124 15806 15932 16185 16156 15804 15651 15612 15557 15533 15377 15192 14881 15203 15242 15191 15076 15013 14779 14441 14283 14423 14863 15539 16205
20676 20975 21075 21239 21088 20550 20499 20305 20164 20242 20285 20221 20162 20103 20045 19870 19816 19837 19884 19945 19911 19831 19660 19463 19305 19046 18776 18591 18620 18624 18472 18467 18615 18730 18568 18523 18433 18358 17751 17723 17870 17800 17564 17450 17219 16832 16630 16496 16322 16186 16217 16118 16252 16228 16257 16279 16182 16024 16053 16257 16490 16614 16120 15906 15694 15243 15066 14783 15190 15502 15203 14885 14753 14895 15222 15576 16076
21627 21829 22006 22025 21966 21617 21454 21074 20899 20989 20887 20656 20494 20381 20251 20160 20171 20182 20293 20333 20311 20182 20054 19959 19902 19831 19701 19526 19351 19254 19441 19532 19681 19559 19550 19476 19268 19030 18677 18326 18048 18244 17958 17816 17699 17543 17389 17246 17069 16826 16880 16613 16605 16783 16779 16766 16598 16560 16823 16877 17073 17198 17198 16571 16280 16056 15472 15167 15580 16224 15723 15309 15139 15199 15432 15622 16407
21775 21826 22310 22564 22690 22521 22360 22167 21995 21715 21359 21025 20788 20626 20555 20578 20679 20700 20783 20851 20823 20705 20619 20626 20582 20593 20513 20356 20117 19925 20114 20223 20398 20438 20442 20325 19971 19612 19210 18931 18539 18587 18308 18173 17915 17900 17769 17735 17649 17614 17586 17513 17458 17414 17325 17588 17534 17487 17436 17675 17668 17370 16434 16353 15929 16660 15557 14903 15570 15759 15427 15504 15484 15491 15707 15844 16947
22611 23040 23274 23401 23407 23339 23356 23142 22843 22311 21747 21321 21070 20966 20891 20986 21104 21234 21383 21494 21512 21453 21421 21415 21429 21462 21399 21258 20998 20828 20784 20811 20975 21148 21222 21186 20986 20690 20306 19943 19489 18768 18647 18520 17824 17941 17811 17944 18050 18355 18412 18420 18394 18292 17633 17400 16954 16883 17300 17132 16957 16648 16233 15884 15376 15521 15231 14806 14907 15437 15392 15532 15837 15824 16150 16829 17853
