Data/ppt/PRISM_ppt_pr_1963-1995_normal_450mM1_02_asc.asc
ncols 557
nrows 164
xllcorner -67.31875000000
yllcorner 17.86875000000
cellsize 0.00416666667
NODATA_value -9999
[rows 108 to 143 of 164, columns 82 to 163 of 557]
4970 5023 5041 5035 4963 4859 4805 4764 4702 4692 4721 4799 4894 4953 4954 4938 4940 4961 4981 5011 5018 4987 4917 4826 4784 4796 4843 4891 4907 4980 5068 5187 5240 5355 5505 6023 5995 5914 5832 5832 5789 5667 5587 5468 5421 5509 5638 5862 6052 6266 6407 6416 6523 6808 6853 6898 6770 6792 6880 6705 6698 6767 6679 6393 6286 6170 5987 5892 5882 5950 5980 6010 6015 5537 5418 5769 5231 5134 4898 4797 4773 4775
4818 4890 4981 5050 5016 4863 4789 4729 4685 4641 4669 4753 4846 4884 4897 4884 4899 4917 4941 4964 4957 4940 4891 4810 4762 4748 4767 4788 4857 5008 5144 5244 5255 5328 5464 5874 6069 6247 6095 6128 5757 5437 5353 5331 5297 5448 5490 5795 5982 6144 6236 6206 6179 6128 6135 6119 6265 6077 6020 6184 6236 6188 6530 6377 6206 6015 5786 5670 5716 5792 5824 5809 5746 5066 4874 4773 4848 4829 4763 4729 4706 4712
4613 4679 4783 4873 4878 4808 4750 4714 4651 4612 4616 4692 4778 4832 4843 4851 4857 4877 4894 4911 4908 4897 4872 4833 4771 4760 4751 4778 4895 5063 5189 5273 5270 5316 5446 5675 5797 5890 5921 5587 5548 5412 5385 5381 5362 5862 6255 5880 5969 5965 6034 5988 5842 5942 6007 6082 5949 6284 6204 6178 6210 6470 6325 6190 6048 5821 5653 5567 5604 5650 5695 5718 5349 4816 4783 4758 4774 4766 4734 4730 4716 4699
4431 4483 4562 4639 4681 4686 4670 4661 4629 4582 4579 4631 4706 4752 4783 4785 4793 4810 4837 4858 4862 4846 4840 4814 4781 4758 4751 4804 4978 5148 5235 5290 5276 5351 5587 5634 5625 5599 5519 5287 5292 5373 5390 5405 5468 5678 6112 6594 6219 6340 6407 6860 6487 6304 6460 6479 6554 6424 6316 6674 6428 6428 6305 6105 5930 5724 5593 5488 5439 5410 5226 5456 5388 5250 4785 4728 4731 4709 4680 4704 4703 4723
4286 4319 4382 4459 4524 4564 4595 4603 4595 4566 4545 4580 4639 4687 4712 4724 4727 4736 4759 4797 4808 4807 4794 4781 4759 4744 4759 4813 5010 5177 5237 5286 5281 5380 5649 5660 5632 5545 5322 5263 5272 5427 5429 5412 5389 5638 5724 5715 5981 6242 6835 6782 6527 6382 6472 6629 7149 6956 6481 6315 6325 6366 6322 6128 5894 5686 5634 5432 5165 5091 5071 5256 5254 5073 4743 4692 4684 4687 4673 4700 4697 4716
4196 4241 4289 4366 4432 4490 4527 4555 4555 4534 4530 4540 4582 4625 4651 4661 4661 4668 4677 4704 4729 4736 4732 4731 4735 4755 4778 4833 4954 5096 5184 5249 5275 5549 5680 5696 5692 5598 5387 5439 5376 5397 5457 5496 6198 6185 5407 5560 5731 5733 5862 6027 6405 6437 6281 7040 6665 6367 6075 6017 6047 6269 6311 6105 5763 5502 5249 5116 5021 4980 4967 5049 5029 4888 4690 4654 4658 4651 4672 4679 4671 4661
4180 4203 4245 4323 4394 4443 4491 4512 4513 4518 4511 4520 4535 4562 4580 4581 4584 4583 4603 4596 4607 4642 4666 4690 4721 4774 4826 4867 4946 5088 5241 5249 5238 5504 5634 5692 5679 5486 5615 5595 5515 5366 5317 5404 5931 5818 6051 5510 5615 5915 6050 6141 6205 6083 6004 5737 5480 6072 5548 5683 5862 6037 6131 5803 5369 5078 5174 5065 4999 4961 4920 4882 4840 4838 4701 4634 4635 4632 4635 4644 4644 4628
4252 4273 4286 4337 4385 4427 4467 4488 4500 4496 4500 4495 4498 4507 4514 4507 4490 4483 4512 4555 4575 4635 4668 4687 4715 4774 4868 4938 4995 5187 5685 5381 5336 5456 5575 5652 5653 5645 5705 5663 5558 5353 5223 5276 5455 5487 5781 6035 6348 6067 5985 5994 6027 6041 6516 6288 6004 6112 6279 5856 5792 5694 5542 5511 5701 5550 5354 5156 5018 4948 4889 4822 4818 4830 4779 4631 4608 4613 4613 4618 4631 4644
4312 4331 4358 4404 4434 4454 4466 4471 4468 4472 4468 4470 4467 4472 4470 4447 4407 4368 4427 4578 4615 4702 4709 4718 4696 4732 4843 4954 5008 5156 5309 5352 5371 5502 5665 5760 5626 5727 5840 5628 5475 5296 5112 5273 5300 5258 5307 5447 5663 5903 6019 6117 6186 6324 6317 6321 6166 6066 5591 5257 5153 5191 5186 5202 5211 5213 5251 5206 5035 4936 4850 4783 4811 4749 4667 4577 4571 4573 4597 4600 4608 4629
4309 4327 4369 4421 4460 4471 4467 4445 4432 4420 4417 4428 4442 4453 4440 4404 4361 4333 4396 4492 4485 4557 4616 4682 4642 4649 4763 4936 4946 4951 5072 5394 5374 5499 5630 5720 5728 5692 5490 5364 5171 5001 4775 4903 5170 5074 5048 5090 5202 5426 5712 5805 5761 5886 5821 5889 5566 5348 5138 4924 4728 4580 4429 4472 4635 4848 5097 5235 5117 5013 4894 4799 4770 4647 4530 4491 4497 4516 4552 4573 4588 4595
4247 4251 4298 4350 4395 4422 4423 4401 4384 4370 4366 4382 4401 4419 4408 4361 4318 4294 4358 4432 4406 4407 4419 4480 4547 4584 4639 4653 4621 4600 4670 5052 5307 5500 5540 5520 5518 5459 4919 4953 4364 4291 4213 4673 4268 4946 4931 4974 5078 5231 5365 5529 5660 5714 5548 5525 5393 5298 5093 4913 4526 4204 4124 4168 4458 4820 5087 5209 5144 5084 4990 4856 4714 4560 4413 4338 4330 4371 4427 4478 4526 4562
4085 4085 4118 4163 4225 4276 4290 4281 4274 4288 4305 4332 4357 4371 4349 4292 4251 4220 4289 4358 4318 4268 4244 4252 4289 4288 4282 4304 4310 4337 4452 4635 4978 5330 5313 5251 5206 5036 4619 4001 3912 3840 3861 3987 4661 4715 4689 4869 5046 5068 5195 5404 5602 5736 5653 5549 5414 5422 5322 5091 4722 4268 4151 4418 4823 5134 5171 5262 5232 5170 5057 4903 4688 4502 4311 4198 4161 4183 4197 4227 4362 4416
3876 3874 3897 3937 3977 4015 4035 4045 4063 4127 4196 4255 4290 4306 4278 4192 4117 4052 4155 4260 4197 4129 4074 4030 3985 3966 3788 3784 4002 4149 4299 4467 4780 5058 5068 5162 4474 4289 3989 3779 3584 3549 3620 3834 4468 4832 4976 4972 5023 4995 5173 5441 5678 5850 5763 5673 5640 5634 5531 5274 4835 4512 4528 4971 5417 5512 5546 5491 5407 5250 5113 4959 4719 4471 4207 4049 4003 3998 3988 3981 4110 4189
3201 3640 3643 3677 3699 3713 3740 3766 3807 3886 4005 4088 4136 4150 4132 4080 4025 3944 3765 3962 3903 3941 3905 3847 3770 3468 3507 3531 3750 3969 4166 4282 4528 4296 4262 4280 4269 4140 3882 3633 3437 3327 3403 3687 4468 4145 4248 4323 5173 5070 5159 5301 5477 5519 5444 5446 5496 5494 5388 5052 4718 4651 4917 5496 6068 6398 6450 6312 6051 5315 5192 5008 4770 4485 4184 3984 3891 3857 3893 3878 3906 3956
3002 2968 2968 2988 3464 3440 3457 3487 3525 3595 3743 3860 3916 3926 3929 3910 3896 3900 3893 3922 3843 3792 3750 3684 3436 3312 3210 3227 3356 3719 3826 3945 3875 3759 3793 3869 3916 3869 3727 3512 3310 2961 3013 3219 3594 3960 4207 4311 5159 4855 4783 4856 4920 4932 4929 5017 5087 5068 4846 4576 4440 4656 5246 5982 6591 6810 6801 6519 6144 5785 5553 5064 4789 4486 4156 3964 3841 3759 3715 3636 3636 3707
2835 2802 2796 2793 2779 2802 3214 3234 3249 3309 3377 3471 3539 3599 3621 3652 3687 3770 3796 3810 3775 3724 3664 3548 3284 3120 3022 2879 2867 3071 3315 3324 3162 3146 3238 3444 3610 3698 3681 3237 3113 2971 2941 3036 3348 4086 4223 4799 4676 4439 4218 4150 4246 4277 4421 4605 4682 4524 4218 4060 4139 4566 5367 6142 6688 6930 6860 6525 6113 5757 5496 5232 4822 4515 4161 3915 3760 3657 3569 3475 3463 3493
2693 2659 2635 2624 2619 2612 2617 2651 3008 3020 3061 3128 3213 3264 3326 3357 3463 3530 3624 3668 3667 3631 3585 3487 3259 3044 2876 2784 2750 2744 2698 2585 2523 2587 2757 3048 3379 3610 3339 3279 3172 3003 2901 2909 3034 3611 3935 4111 4069 3835 3631 3603 3688 3851 4098 4347 4364 4124 3887 3695 3874 4342 5196 5959 6529 6750 6709 6381 6009 5662 5361 5149 4879 4515 4186 3895 3694 3548 3436 3344 3347 3405
2300 2264 2230 2209 2215 2202 2190 2200 2201 2219 2487 2550 2617 2701 2754 2805 2904 2926 3097 3262 3319 3241 3138 3063 2962 2876 2790 2755 2726 2635 2365 2094 2027 2139 2397 2753 2862 3142 3275 3284 3210 3054 2853 2767 2785 3019 3280 3442 3393 3322 3114 3187 3382 3698 3982 4198 4193 3947 3687 3460 3636 4125 4841 5579 6147 6472 6554 6153 5889 5559 5281 5067 4848 4525 4210 3889 3659 3437 3284 3191 3200 3307
1877 1859 1834 2120 2099 2105 2086 2050 2064 2067 2064 2093 2175 2291 2383 2466 2542 2694 2862 3121 3146 3083 2967 2776 2767 2748 2754 2776 2747 2551 2119 1840 1802 1949 2242 2437 2775 3052 3229 3268 3194 3293 2834 2524 2483 2580 2769 2918 2967 2916 2847 2901 3132 3502 3840 4049 4036 3795 3539 3277 3396 3882 4348 5071 5595 6023 6204 6119 5953 5563 5273 5026 4791 4490 4217 3872 3623 3314 3081 2949 2941 2807
1917 1883 1872 1913 1983 2153 2119 2110 2079 2075 2086 2116 2173 2254 2328 2429 2529 2670 2827 3010 3059 2721 2661 2640 2714 2702 2761 2854 2787 2496 2097 1895 1806 1850 2084 2418 2707 2933 3616 3524 3299 2712 2517 2404 2345 2352 2432 2501 2540 2543 2554 2658 2931 3283 3564 3779 3803 3563 3271 3010 3133 3610 4118 4642 5129 5524 5827 5922 5894 5714 5331 5036 4741 4432 4124 3762 3510 3082 2719 2556 2486 2474
1887 1843 1827 1871 1888 1875 2037 2012 1964 1955 1948 1979 2020 2047 2111 2175 2316 2415 2323 2522 2537 2524 2500 2648 2599 2679 2809 2941 2938 2649 2279 1918 1828 1902 2116 2455 2700 3245 3191 3082 2579 2504 2416 2329 2264 2243 2262 2284 2295 2315 2378 2535 2789 3115 3319 3433 3373 3200 2945 2775 2913 3345 3913 4258 4709 5091 5409 5679 5819 5787 5553 5257 4809 4488 4120 3818 3093 2807 2552 2352 2251 2199
1854 1833 1869 1859 1835 1825 1782 1746 1862 1781 1770 1924 1974 2029 2071 2134 2036 2090 2165 2068 2096 2103 2327 2293 2427 2575 2816 2794 2768 2554 2290 2056 1911 2000 2197 2474 2928 2958 2901 2504 2466 2410 2350 2282 2219 2188 2174 2178 2180 2211 2285 2433 2649 2748 2877 2901 2797 2739 2595 2525 2676 2876 3305 3622 3954 4820 5174 5536 5744 5807 5702 5362 4916 4467 4080 3716 2988 2700 2439 2231 2096 2007
2152 1949 1915 1863 1839 1845 1826 1810 1760 1888 1889 1897 1938 1684 1717 1773 1843 1906 1970 1983 1977 2229 2090 2312 2491 2682 2936 2876 2885 2714 2411 2231 2094 2154 2206 2671 2797 2442 2446 2423 2399 2361 2317 2272 2233 2244 2234 2219 2212 2232 2285 2382 2481 2559 2601 2635 2555 2446 2317 2324 2485 2832 3117 3456 3793 4104 4451 4792 5228 5353 5773 5415 4911 4433 3981 3645 2931 2631 2370 2153 1992 1882
2127 2043 2010 1942 1905 1898 1856 1991 1928 1892 1897 1621 1634 1664 1708 1762 1822 1881 1946 1966 2199 2048 2172 2377 2566 2839 3249 2986 3022 2878 2588 2400 2212 2209 2420 2195 2339 2399 2403 2389 2364 2332 2319 2316 2301 2279 2250 2230 2215 2221 2243 2299 2368 2408 2403 2348 2274 2195 2141 2189 2334 2510 2708 3487 3680 3988 4356 4764 4696 4747 5146 4794 4368 3889 3706 3153 2772 2542 2025 1880 1764 1696
2111 2051 2026 1993 1954 1978 2069 2064 1899 1773 1697 1663 1653 1664 1695 1739 1805 1875 2040 2330 2041 2125 2327 2543 2795 3419 3473 3711 3145 3005 2991 2530 2287 2221 2272 2274 2344 2378 2387 2377 2360 2344 2336 2344 2328 2296 2266 2235 2215 2203 2208 2225 2240 2235 2200 2163 2105 2059 2035 2136 2263 2386 2584 2789 3638 3805 4129 4036 4524 4593 4431 4157 4252 3426 3198 2402 2250 2108 1958 1818 1717 1657
2103 2048 2017 2000 2001 2140 2105 2097 2045 1959 1846 1765 1711 1694 1699 1694 1814 1872 2194 1974 2106 2281 2188 2741 3281 2485 3407 3576 2886 2618 2504 2515 2256 2264 2308 2340 2362 2379 2385 2381 2368 2355 2356 2352 2342 2316 2286 2254 2219 2199 2189 2170 2155 2140 2120 2113 2086 2061 2077 2121 2200 2331 2472 2609 2824 3032 3168 3245 3817 3810 4185 3938 3615 3304 2435 2259 2118 1996 1864 1752 1674 1621
2098 2037 2005 1981 1970 1980 2119 2153 2152 2125 2065 1990 1793 1897 1846 1858 1885 1924 2031 2052 2113 2182 2198 2178 2520 2547 2850 2771 2779 2572 2426 2304 2287 2326 2345 2371 2382 2388 2395 2386 2371 2367 2361 2354 2344 2325 2304 2270 2245 2220 2197 2156 2134 2124 2107 2091 2065 2044 2049 2070 2107 2201 2318 2467 2632 2766 2945 3014 3055 3026 3430 3245 2640 2421 2252 2115 1989 1876 1773 1688 1633 1595
2084 2025 1990 1969 1957 1967 2050 2153 2215 2201 2140 2030 1923 1875 1819 1952 1950 1974 2023 2069 2130 2192 2178 2486 2642 2627 2538 2780 2709 2590 2499 2437 2339 2386 2381 2382 2388 2394 2392 2380 2375 2369 2363 2355 2347 2333 2314 2294 2262 2234 2211 2177 2150 2133 2106 2079 2051 2024 2012 2029 2054 2110 2195 2284 2422 2559 2635 2759 2826 2792 2698 2555 2388 2244 2090 1963 1851 1757 1681 1627 1585 1563
2073 2024 1985 1959 1951 1970 2055 2137 2314 2295 2231 2105 1960 1927 1923 1948 1957 1985 2023 2079 2160 2243 2510 2754 2804 2749 2663 2916 2787 2682 2601 2534 2372 2391 2452 2416 2403 2395 2388 2381 2376 2371 2366 2361 2351 2342 2325 2306 2279 2248 2220 2194 2170 2142 2113 2086 2054 2024 2009 2019 2038 2082 2117 2161 2247 2338 2463 2510 2499 2470 2424 2326 2222 2099 1970 1855 1745 1676 1626 1590 1566 1553
2062 2023 1983 1963 1957 2000 2131 2183 2273 2201 1943 1957 1932 1926 1920 1927 1946 1982 2027 2094 2195 2469 2632 2866 2919 2847 2744 2818 2813 2692 2617 2576 2472 2447 2446 2420 2412 2402 2389 2382 2377 2377 2374 2374 2364 2352 2338 2318 2299 2269 2242 2215 2186 2158 2130 2107 -9999 -9999 -9999 -9999 -9999 -9999 2070 2079 2117 2171 2233 2272 2276 2267 2206 2130 2056 1959 1839 1757 1686 1637 1605 1581 1564 1553
2063 2025 1997 1971 1979 2138 2242 2022 1969 1959 1932 1927 1923 1914 1909 1913 1931 1975 2023 2065 2105 2133 2192 2233 2250 2282 2292 2309 2337 2384 2407 2423 2421 2426 2418 2416 2412 2400 2391 2387 2384 2384 2385 2380 2372 2348 2328 2325 -9999 -9999 2242 2224 2197 2167 2146 -9999 -9999 -9999 -9999 -9999 -9999 -9999 -9999 2043 2047 2053 2074 2086 2081 2058 2030 1981 1910 1838 1763 1705 1659 1625 1599 1580 1565 1553
2072 2034 2004 1987 1978 2001 2026 2032 1989 1944 1925 1920 1915 1912 1910 1922 1939 1977 2020 2056 2097 2145 2185 2219 2242 2264 2279 2300 2325 2344 2363 2378 2389 2397 2403 2406 2404 2402 2399 2391 2390 2390 2386 2382 2365 2341 2321 -9999 -9999 -9999 -9999 2220 2194 2181 -9999 -9999 -9999 -9999 -9999 -9999 -9999 -9999 -9999 -9999 -9999 1993 1989 1972 1956 1929 1898 1862 1818 1768 1727 1682 1648 1619 1598 1580 1568 -9999
2087 2037 2006 1988 1980 1971 1981 2098 2001 1941 1920 1914 1911 1908 1913 1925 1947 1980 2019 2058 2100 2145 2177 2203 2227 2246 2261 2280 2299 2316 2331 2347 2359 2372 2384 2390 2402 2403 2400 2396 2388 2385 2381 2376 2370 2354 -9999 -9999 -9999 -9999 -9999 -9999 2191 -9999 -9999 -9999 -9999 -9999 -9999 -9999 -9999 -9999 -9999 -9999 -9999 -9999 -9999 1923 1901 1872 1842 1810 1777 1738 1706 1670 1651 -9999 -9999 -9999 -9999 -9999
2097 2042 2012 1990 1981 1970 1953 1960 1943 1924 1919 1915 1913 1914 1919 1930 1949 1980 2019 2058 2099 2144 2174 2194 2213 2230 2245 2256 2274 2294 2311 2328 2332 2348 2368 2382 2390 2399 2394 2387 2381 2377 2373 2366 2365 -9999 -9999 -9999 -9999 -9999 -9999 -9999 -9999 -9999 -9999 -9999 -9999 -9999 -9999 -9999 -9999 -9999 -9999 -9999 -9999 -9999 -9999 -9999 -9999 -9999 -9999 1784 1759 1725 1693 1666 -9999 -9999 -9999 -9999 -9999 -9999
2177 2066 2029 1995 1981 1965 1952 1938 1928 1922 1919 1919 1920 1924 1930 1945 1963 1987 2020 2057 2103 2158 2186 2205 2216 2232 2250 2265 2286 2304 2321 2327 2330 2342 2361 2376 2384 2383 2381 2378 2376 2374 -9999 -9999 -9999 -9999 -9999 -9999 -9999 -9999 -9999 -9999 -9999 -9999 -9999 -9999 -9999 -9999 -9999 -9999 -9999 -9999 -9999 -9999 -9999 -9999 -9999 -9999 -9999 -9999 -9999 -9999 1738 1718 1699 -9999 -9999 -9999 -9999 -9999 -9999 -9999
2209 2146 2097 2023 1994 1968 1952 1940 1931 1925 1923 1923 1926 1934 1950 1968 1990 2012 2033 2059 2093 2127 2150 2172 2191 2212 2233 2254 2276 2294 2311 2327 2329 2341 2358 2363 2367 2368 2370 2373 -9999 -9999 -9999 -9999 -9999 -9999 -9999 -9999 -9999 -9999 -9999 -9999 -9999 -9999 -9999 -9999 -9999 -9999 -9999 -9999 -9999 -9999 -9999 -9999 -9999 -9999 -9999 -9999 -9999 -9999 -9999 -9999 -9999 -9999 -9999 -9999 -9999 -9999 -9999 -9999 -9999 -9999
