Data/ppt/PRISM_ppt_pr_1963-1995_normal_450mM1_02_asc.asc
ncols 557
nrows 164
xllcorner -67.31875000000
yllcorner 17.86875000000
cellsize 0.00416666667
NODATA_value -9999
[rows 108 to 143 of 164, columns 0 to 81 of 557]
-9999 -9999 -9999 -9999 -9999 -9999 -9999 -9999 -9999 -9999 -9999 -9999 -9999 -9999 -9999 -9999 -9999 -9999 -9999 -9999 -9999 -9999 -9999 -9999 -9999 -9999 -9999 3497 3501 3496 3501 3508 3505 3486 3432 3360 3259 3131 2880 2779 2726 2703 2732 2891 3013 3181 3339 3453 3532 3572 3567 3566 3584 3593 3587 3580 3590 3609 3627 3654 3613 3570 3580 3618 3672 3707 3743 3798 3897 4031 4198 4392 4508 4576 4660 4723 4775 4831 4869 4901 4913 4939
-9999 -9999 -9999 -9999 -9999 -9999 -9999 -9999 -9999 -9999 -9999 -9999 -9999 -9999 -9999 -9999 -9999 -9999 -9999 -9999 -9999 -9999 -9999 -9999 -9999 -9999 3502 3499 3496 3499 3500 3507 3511 3488 3435 3346 3218 3091 2781 2671 2607 2585 2653 2745 2864 3050 3236 3376 3476 3522 3523 3521 3538 3554 3555 3552 3565 3594 3626 3677 3580 3571 3610 3652 3690 3714 3736 3778 3853 3966 4106 4254 4358 4428 4508 4562 4623 4698 4763 4794 4799 4795
-9999 -9999 -9999 -9999 -9999 -9999 -9999 -9999 -9999 -9999 -9999 -9999 -9999 -9999 -9999 -9999 -9999 -9999 -9999 -9999 -9999 -9999 -9999 -9999 -9999 -9999 -9999 3486 3495 3498 3504 3511 3507 3481 3420 3311 3167 2842 2688 2562 2492 2465 2531 2610 2731 2940 3146 3323 3443 3500 3507 3508 3522 3546 3551 3546 3570 3607 3619 3586 3568 3602 3647 3696 3735 3754 3761 3790 3840 3925 4039 4151 4220 4306 4375 4417 4470 4538 4598 4627 4617 4601
-9999 -9999 -9999 -9999 -9999 -9999 -9999 -9999 -9999 -9999 -9999 -9999 -9999 -9999 -9999 -9999 -9999 -9999 -9999 -9999 -9999 -9999 -9999 -9999 -9999 -9999 3453 3469 3483 3495 3500 3499 3489 3457 3393 3280 2967 2756 2574 2461 2393 2377 2424 2499 2637 2858 3093 3302 3430 3501 3518 3546 3565 3605 3609 3601 3610 3640 3632 3602 3608 3643 3689 3739 3781 3802 3810 3819 3848 3903 3985 4050 4065 4137 4201 4254 4305 4360 4409 4425 4429 4419
-9999 -9999 -9999 -9999 -9999 -9999 -9999 -9999 -9999 -9999 -9999 -9999 -9999 -9999 -9999 -9999 -9999 -9999 -9999 -9999 -9999 -9999 -9999 -9999 -9999 3412 3436 3454 3469 3480 3483 3470 3454 3419 3336 3095 2895 2692 2499 2376 2337 2332 2361 2416 2563 2788 3082 3281 3420 3524 3572 3682 3738 3870 3821 3824 3755 3721 3678 3653 3660 3685 3722 3770 3817 3846 3856 3859 3866 3881 3923 3950 3922 3969 4028 4072 4113 4153 4180 4199 4257 4265
-9999 -9999 -9999 -9999 -9999 -9999 -9999 -9999 -9999 -9999 -9999 -9999 -9999 -9999 -9999 -9999 -9999 -9999 -9999 -9999 -9999 -9999 -9999 -9999 -9999 3407 3419 3438 3451 3462 3459 3436 3411 3372 3281 3017 2829 2638 2471 2358 2324 2324 2343 2402 2544 2783 3252 3383 3611 3672 3756 4053 4121 4328 4161 4139 4039 3963 3853 3808 3795 3796 3817 3859 3906 3943 3967 3972 3980 3989 3999 3986 3938 3953 3978 3998 4031 4069 4097 4114 4138 4158
-9999 -9999 -9999 -9999 -9999 -9999 -9999 -9999 -9999 -9999 -9999 -9999 -9999 -9999 -9999 -9999 -9999 -9999 -9999 -9999 -9999 -9999 -9999 -9999 -9999 -9999 3419 3423 3437 3447 3437 3398 3368 3324 3243 3106 2785 2604 2452 2357 2328 2327 2355 2414 2765 3159 3523 3698 3775 3839 4200 4204 4340 4800 4507 4383 4238 4156 4071 3977 3940 3928 3943 3972 4011 4052 4093 4121 4151 4171 4171 4113 4073 4075 4074 4076 4083 4101 4129 4148 4174 4176
-9999 -9999 -9999 -9999 -9999 -9999 -9999 -9999 -9999 -9999 -9999 -9999 -9999 -9999 -9999 -9999 -9999 -9999 -9999 -9999 -9999 -9999 -9999 -9999 -9999 -9999 -9999 3416 3425 3430 3414 3369 3331 3291 3213 3079 2779 2605 2467 2381 2354 2348 2383 2598 2996 3428 3562 3717 3773 3839 4309 4233 4323 4712 4462 4381 4232 4113 4037 3983 3968 3963 3984 4009 4046 4095 4153 4192 4231 4256 4265 4233 4214 4207 4194 4172 4157 4165 4192 4223 4240 4255
-9999 -9999 -9999 -9999 -9999 -9999 -9999 -9999 -9999 -9999 -9999 -9999 -9999 -9999 -9999 -9999 -9999 -9999 -9999 -9999 -9999 -9999 -9999 -9999 -9999 -9999 3390 3401 3412 3417 3396 3345 3306 3263 3186 3050 2778 2625 2507 2433 2407 2416 2617 2836 2924 3366 3518 3629 3693 4024 4087 4073 4097 4349 4143 3969 4035 3991 3948 3933 3928 3931 3952 3979 4022 4076 4135 4206 4245 4280 4305 4298 4298 4299 4287 4265 4252 4269 4285 4296 4309 4302
-9999 -9999 -9999 -9999 -9999 -9999 -9999 -9999 -9999 -9999 -9999 -9999 -9999 -9999 -9999 -9999 -9999 -9999 -9999 -9999 -9999 -9999 -9999 -9999 -9999 3374 3382 3394 3402 3400 3371 3328 3290 3247 3164 2929 2791 2674 2570 2510 2479 2490 2773 2833 2910 3258 3349 3437 3518 3521 3904 3792 3787 3847 3863 3869 3894 3887 3865 3881 3877 3886 3914 3954 4008 4062 4135 4208 4251 4295 4325 4342 4358 4378 4370 4362 4349 4353 4355 4349 4338 4322
-9999 -9999 -9999 -9999 -9999 -9999 -9999 -9999 -9999 -9999 -9999 -9999 -9999 -9999 -9999 -9999 -9999 -9999 -9999 -9999 -9999 -9999 -9999 -9999 -9999 3370 3380 3389 3391 3375 3340 3304 3284 3255 3185 2942 2840 2744 2675 2612 2558 2574 2773 2974 2946 3147 3240 3332 3475 3556 3655 3653 3668 3735 3795 3826 3849 3853 3879 3871 3879 3873 3907 3937 3992 4043 4089 4141 4177 4241 4273 4299 4340 4369 4373 4370 4353 4363 4352 4332 4305 4267
-9999 -9999 -9999 -9999 -9999 -9999 -9999 -9999 -9999 -9999 -9999 -9999 -9999 -9999 -9999 -9999 -9999 -9999 -9999 -9999 -9999 -9999 -9999 -9999 -9999 3370 3381 3384 3379 3360 3323 3309 3294 3269 3206 2981 2919 2860 2793 2732 2643 2640 2712 2762 2875 3020 3301 3407 3536 3641 3705 3696 3731 3793 3848 3880 3907 3928 3937 3949 3928 3924 3937 3947 3964 4001 4033 4062 4086 4110 4046 4055 4135 4192 4235 4258 4267 4298 4287 4237 4175 4114
-9999 -9999 -9999 -9999 -9999 -9999 -9999 -9999 -9999 -9999 -9999 -9999 -9999 -9999 -9999 -9999 -9999 -9999 -9999 -9999 -9999 -9999 -9999 -9999 -9999 -9999 3383 3377 3362 3350 3329 3320 3311 3291 3230 3065 2997 2948 2890 2847 2802 2725 2755 2809 2901 3073 3289 3436 3573 3690 3762 3766 3833 3918 3975 4022 4093 4110 4110 4086 4047 4004 4003 3978 3987 3978 3990 4001 4016 4003 3892 3856 3869 3912 4032 4071 4099 4163 4164 4065 3957 3906
-9999 -9999 -9999 -9999 -9999 -9999 -9999 -9999 -9999 -9999 -9999 -9999 -9999 -9999 -9999 -9999 -9999 -9999 -9999 -9999 -9999 -9999 -9999 -9999 -9999 3374 3370 3358 3347 3341 3332 3336 3327 3295 3252 3169 3081 3030 2994 2973 2960 2949 2834 2902 2997 3157 3316 3446 3589 3721 3804 3847 3941 4071 4126 4151 4173 4176 4168 4149 4105 4061 4028 4020 3996 3979 3959 3939 3930 3901 3770 3687 3671 3698 3719 3741 3736 3730 3573 3451 3353 3251
-9999 -9999 -9999 -9999 -9999 -9999 -9999 -9999 -9999 -9999 -9999 -9999 -9999 -9999 -9999 -9999 -9999 -9999 -9999 -9999 -9999 -9999 -9999 -9999 3374 3369 3356 3343 3335 3331 3352 3350 3331 3300 3253 3211 3160 3118 3093 3078 3068 3049 2923 3000 3106 3232 3371 3454 3591 3741 3859 3956 4049 4130 4173 4194 4198 4196 4189 4174 4140 4097 4056 4033 4003 3977 3928 3871 3807 3729 3661 3612 3587 3577 3570 3571 3541 3423 3337 3237 3132 3051
-9999 -9999 -9999 -9999 -9999 -9999 -9999 -9999 -9999 -9999 -9999 -9999 -9999 -9999 -9999 -9999 -9999 -9999 -9999 -9999 -9999 -9999 -9999 3368 3376 3366 3348 3335 3329 3337 3376 3374 3338 3293 3261 3234 3205 3178 3173 3166 3164 3142 3026 3089 3189 3312 3441 3482 3597 3744 3870 3987 4078 4144 4182 4198 4201 4198 4196 4182 4164 4120 4086 4039 4005 3966 3922 3839 3766 3679 3621 3573 3526 3486 3452 3425 3375 3236 3138 3041 2949 2876
-9999 -9999 -9999 -9999 -9999 -9999 -9999 -9999 -9999 -9999 -9999 -9999 -9999 -9999 -9999 -9999 -9999 -9999 -9999 -9999 -9999 -9999 -9999 -9999 3377 3366 3341 3333 3320 3323 3391 3393 3361 3315 3270 3250 3227 3215 3236 3240 3236 3232 3203 3186 3265 3386 3493 3529 3617 3748 3869 3985 4077 4140 4181 4193 4197 4197 4195 4184 4153 4131 4092 4065 4019 3977 3902 3836 3767 3670 3586 3524 3452 3391 3337 3304 3244 3064 2968 2875 2799 2741
-9999 -9999 -9999 -9999 -9999 -9999 -9999 -9999 -9999 -9999 -9999 -9999 -9999 -9999 -9999 -9999 -9999 -9999 -9999 -9999 -9999 -9999 -9999 -9999 -9999 3351 3339 3328 3312 3318 3371 3380 3362 3321 3285 3255 3230 3241 3277 3293 3288 3278 3274 3263 3328 3438 3557 3652 3667 3756 3864 3971 4074 4139 4175 4194 4195 4196 4188 4170 4138 4106 4079 4058 4025 3968 3885 3792 3700 3577 3462 3328 3127 3013 2918 2798 2711 2331 2231 2104 2029 2370
-9999 -9999 -9999 -9999 -9999 -9999 -9999 -9999 -9999 -9999 -9999 -9999 -9999 -9999 -9999 -9999 -9999 -9999 -9999 -9999 -9999 -9999 -9999 -9999 -9999 -9999 3334 3326 3337 3361 3385 3373 3355 3322 3290 3265 3259 3321 3342 3328 3319 3311 3314 3331 3385 3487 3599 3692 3689 3766 3858 3978 4088 4142 4172 4182 4187 4177 4174 4147 4121 4088 4061 4033 4006 3947 3868 3773 3672 3555 3426 3266 3113 2968 2832 2690 2364 2202 2122 2022 1943 1926
-9999 -9999 -9999 -9999 -9999 -9999 -9999 -9999 -9999 -9999 -9999 -9999 -9999 -9999 -9999 -9999 -9999 -9999 -9999 -9999 -9999 -9999 -9999 -9999 -9999 -9999 -9999 -9999 -9999 -9999 3403 3383 3364 3336 3301 3277 3270 3361 3371 3361 3345 3340 3360 3397 3444 3527 3630 3714 3724 3798 3884 4017 4100 4133 4155 4168 4167 4164 4132 4120 4091 4035 4010 3986 3982 3921 3844 3754 3651 3526 3388 3239 3096 2946 2796 2630 2408 2280 2185 2087 2000 1967
-9999 -9999 -9999 -9999 -9999 -9999 -9999 -9999 -9999 -9999 -9999 -9999 -9999 -9999 -9999 -9999 -9999 -9999 -9999 -9999 -9999 -9999 -9999 -9999 -9999 -9999 -9999 -9999 -9999 -9999 3397 3393 3374 3352 3324 3296 3296 3394 3399 3385 3366 3371 3395 3439 3487 3566 3667 3774 3861 3943 3997 4062 4096 4124 4144 4153 4146 4115 4079 4035 4054 3499 3402 3308 3196 3879 3810 3736 3629 3506 3371 3224 3072 2935 2784 2580 2411 2282 2162 2060 1963 1933
-9999 -9999 -9999 -9999 -9999 -9999 -9999 -9999 -9999 -9999 -9999 -9999 -9999 -9999 -9999 -9999 -9999 -9999 -9999 -9999 -9999 -9999 -9999 -9999 -9999 -9999 -9999 3377 3409 3416 3404 3385 3379 3350 3340 3336 3401 3433 3420 3395 3397 3390 3419 3471 3529 3613 3724 3822 3915 4004 4057 4087 4115 4131 4194 4189 4131 4046 3878 3717 3605 3510 3401 3280 3180 3078 2986 2918 2871 2818 2737 2679 2636 2931 2793 2553 2433 2348 2135 2030 1984 1921
-9999 -9999 -9999 -9999 -9999 -9999 -9999 -9999 -9999 -9999 -9999 -9999 -9999 -9999 -9999 -9999 -9999 -9999 -9999 -9999 -9999 -9999 -9999 -9999 -9999 -9999 3392 3418 3443 3421 3402 3389 3359 3315 3334 3370 3443 3457 3429 3423 3415 3422 3440 3497 3572 3683 3827 3910 3980 4058 4099 4121 4126 4195 4612 4508 4485 4334 4137 3840 3703 3595 3473 3350 3225 3113 3014 2933 2870 2811 2745 2690 2640 2604 2550 2491 2430 2364 2295 2238 2194 2160
-9999 -9999 -9999 -9999 -9999 -9999 -9999 -9999 -9999 -9999 -9999 -9999 -9999 -9999 -9999 -9999 -9999 -9999 -9999 -9999 -9999 -9999 -9999 -9999 -9999 3377 3387 3449 3464 3433 3403 3400 3393 3370 3394 3457 3491 3472 3452 3447 3453 3457 3481 3531 3637 3792 3892 3963 4027 4091 4186 4094 4101 4388 4402 4285 4907 4295 4094 3892 3743 3625 3507 3409 3353 3211 3088 2994 2920 2852 2777 2714 2661 2605 2549 2490 2435 2365 2310 2253 2205 2167
-9999 -9999 -9999 -9999 -9999 -9999 -9999 -9999 -9999 -9999 -9999 -9999 -9999 -9999 -9999 -9999 -9999 -9999 -9999 -9999 -9999 -9999 -9999 -9999 3394 3381 3400 3477 3478 3440 3421 3417 3421 3408 3416 3511 3531 3492 3469 3469 3477 3494 3541 3598 3768 3865 3939 4008 4079 4056 4686 3836 4573 4548 4645 4660 4491 4779 4097 3923 3765 3643 3530 3429 3545 3358 3206 3099 3003 2923 2818 2747 2691 2634 2569 2506 2441 2370 2305 2244 2193 2152
-9999 -9999 -9999 -9999 -9999 -9999 -9999 -9999 -9999 -9999 -9999 -9999 -9999 -9999 -9999 -9999 -9999 -9999 -9999 -9999 -9999 -9999 -9999 3400 3391 3382 3411 3475 3459 3437 3433 3439 3428 3437 3437 3537 3548 3506 3484 3487 3497 3536 3644 3692 3802 3902 3974 4891 4615 4877 4776 4757 4845 4749 4725 4679 4601 4263 3686 3402 3764 3648 3523 2966 2842 2737 2674 2628 3087 3002 2835 2762 2705 2642 2561 2491 2427 2366 2305 2242 2187 2146
-9999 -9999 -9999 -9999 -9999 -9999 -9999 -9999 -9999 -9999 -9999 -9999 -9999 -9999 -9999 -9999 -9999 -9999 -9999 -9999 -9999 -9999 3407 3400 3385 3405 3451 3446 3434 3442 3443 3435 3440 3488 3533 3569 3540 3513 3494 3502 3513 3544 3659 3734 3721 4563 4787 4881 4669 4778 5361 4819 4714 4635 4487 4439 3627 4034 3399 3828 3678 3574 2921 2832 2712 2652 2631 2619 2636 2626 2611 2591 2564 2530 2487 2436 2376 2330 2278 2227 2183 2141
-9999 -9999 -9999 -9999 -9999 -9999 -9999 -9999 -9999 -9999 -9999 -9999 -9999 -9999 -9999 -9999 -9999 -9999 -9999 -9999 -9999 -9999 3408 3392 3404 3426 3456 3437 3439 3439 3431 3422 3441 3508 3534 3519 3512 3533 3534 3542 3509 3530 3649 4111 4224 4543 4796 5167 4949 4950 4773 4682 4561 4586 4031 3964 3400 3277 3169 3069 2984 2902 2769 2662 2637 2617 2613 2609 2603 2592 2579 2562 2542 2515 2482 2441 2391 2339 2280 2228 2177 2133
-9999 -9999 -9999 -9999 -9999 -9999 -9999 -9999 -9999 -9999 -9999 -9999 -9999 -9999 -9999 -9999 -9999 -9999 -9999 -9999 -9999 -9999 3401 3406 3426 3431 3437 3432 3434 3425 3416 3434 3463 3478 3463 3444 3465 3518 3578 3717 3549 3552 3575 3986 4754 4427 3944 4171 4272 4099 4336 4046 3973 3882 3876 3234 3199 2933 2976 2771 2699 2642 2636 2613 2609 2605 2602 2601 2595 2587 2575 2560 2541 2517 2483 2443 2398 2344 2285 2227 2166 2116
-9999 -9999 -9999 -9999 -9999 -9999 -9999 -9999 -9999 -9999 -9999 -9999 -9999 -9999 -9999 -9999 -9999 -9999 -9999 -9999 -9999 -9999 3398 3389 3396 3394 3420 3431 3427 3413 3429 3446 3445 3403 3375 3372 3390 3443 3496 3518 3597 3760 4082 3819 4025 3983 4055 4081 4158 3580 4058 3536 3516 3487 3414 3251 3119 2959 2880 2689 2618 2594 2597 2596 2595 2594 2593 2592 2588 2582 2572 2558 2541 2516 2476 2431 2395 2339 2279 2212 2155 2106
-9999 -9999 -9999 -9999 -9999 -9999 -9999 -9999 -9999 -9999 -9999 -9999 -9999 -9999 -9999 -9999 -9999 -9999 -9999 -9999 -9999 -9999 3415 3373 3366 3370 3420 3433 3419 3424 3408 3419 3383 3321 3298 3289 3319 3349 3374 3411 3509 3615 3113 3683 3185 3199 3204 3228 3211 3202 3192 3209 3220 3190 3107 2958 2837 2723 2636 2608 2586 2583 2583 2584 2584 2584 2584 2584 2581 2576 2569 2558 2545 2520 2479 2442 2426 2394 2339 2229 2169 2107
-9999 -9999 -9999 -9999 -9999 -9999 -9999 -9999 -9999 -9999 -9999 -9999 -9999 -9999 -9999 -9999 -9999 -9999 -9999 -9999 -9999 -9999 3427 3371 3329 3336 3397 3426 3431 3441 3390 3365 2756 2751 2738 2719 3239 3251 3245 3266 2955 2995 2997 3037 3007 3007 2997 2990 2991 2994 2977 2980 2995 2949 2876 2773 2681 2615 2586 2582 2578 2577 2577 2577 2577 2577 2577 2577 2576 2572 2566 2558 2546 2531 2503 2472 2450 2410 2365 2302 2245 2134
-9999 -9999 -9999 -9999 -9999 -9999 -9999 -9999 -9999 -9999 -9999 -9999 -9999 -9999 -9999 -9999 -9999 -9999 -9999 -9999 -9999 -9999 3370 3327 3291 3247 3165 3373 3401 3392 2706 2719 2713 2696 2687 2657 2545 2540 2976 2842 2832 2835 2825 2819 2808 2801 2792 2780 2777 2870 2757 2743 2859 2580 2611 2607 2594 2578 2574 2575 2575 2574 2574 2574 2573 2572 2573 2573 2571 2568 2564 2557 2546 2533 2513 2488 2455 2418 2373 2325 2272 2200
-9999 -9999 -9999 -9999 -9999 -9999 -9999 -9999 -9999 -9999 -9999 -9999 -9999 -9999 -9999 -9999 -9999 -9999 -9999 -9999 -9999 -9999 3336 3317 3286 3261 3224 3223 3395 2797 2712 2711 2696 2672 2656 2638 2595 2579 2615 2576 2865 2845 2819 2807 2786 2777 2763 2746 2731 2749 2702 2638 2635 2592 2585 2575 2572 2570 2573 2573 2575 -9999 -9999 -9999 -9999 2571 2571 2570 2569 2566 2562 2555 2546 2533 2515 2490 2460 2422 2382 2335 2285 2218
-9999 -9999 -9999 -9999 -9999 -9999 -9999 -9999 -9999 -9999 -9999 -9999 -9999 -9999 -9999 -9999 -9999 -9999 -9999 -9999 -9999 -9999 -9999 3278 3267 3233 3187 3018 2914 2728 2693 2697 2678 2657 2641 2622 2594 2576 2569 2571 2608 2614 2610 2609 2610 2671 2680 2665 2616 2611 2608 2588 2585 2583 2574 2568 2566 2569 2571 2573 -9999 -9999 -9999 -9999 -9999 -9999 -9999 -9999 -9999 -9999 -9999 -9999 -9999 2528 2515 2493 2473 -9999 2379 2346 2298 2246
-9999 -9999 -9999 -9999 -9999 -9999 -9999 -9999 -9999 -9999 -9999 -9999 -9999 -9999 -9999 -9999 -9999 -9999 -9999 -9999 -9999 -9999 -9999 -9999 3230 3203 3131 2961 2790 2700 2678 2675 2667 -9999 -9999 2608 2590 2563 2561 2564 2571 2574 2573 2572 2572 2593 2596 2597 2579 2579 2578 2577 2576 2574 2569 2565 2564 2565 2568 -9999 -9999 -9999 -9999 -9999 -9999 -9999 -9999 -9999 -9999 -9999 -9999 -9999 -9999 -9999 2509 2502 -9999 -9999 2383 2356 2311 2260
