Data/ppt/PRISM_ppt_pr_1963-1995_normal_450mM1_annual_asc.asc
ncols 557
nrows 164
xllcorner -67.31875000000
yllcorner 17.86875000000
cellsize 0.00416666667
NODATA_value -9999
[rows 32 to 63 of 164, columns 146 to 218 of 557]
167541 165852 166141 166776 167286 168559 171545 178011 181285 180053 176817 176735 178569 177753 175198 174654 172905 171904 171039 170175 168688 168286 167522 165929 164768 163633 162537 161818 160681 159900 158652 157774 156654 155528 154903 154381 154075 153747 153551 153170 152800 152281 151852 151500 151565 150467 148514 145148 140663 137357 135913 136556 140288 147244 153189 156095 157005 157254 157466 157574 157665 157668 157854 158006 158236 158555 158783 158887 158901 158379 158699 159145 159728
164422 164499 166013 167956 168885 171787 176297 182181 185110 185364 181935 179492 180403 178666 176818 176019 176133 175416 174585 172744 170576 170247 169128 168164 166556 165568 164787 163312 162307 161122 159988 158910 157852 156929 156184 155817 155379 155272 155027 154824 154082 153604 153008 152905 152992 152127 150436 147956 143117 138893 136789 137609 141551 147927 154448 158157 159255 159629 159894 160069 160009 159822 159723 159822 160175 160583 160981 160745 160629 160586 161051 162275 163338
165272 166472 168629 171331 172073 173936 178900 185594 189192 189799 187288 184547 184146 182003 179303 176265 176737 176881 174952 173965 172460 171845 171175 169262 168112 167077 165666 164643 163197 162138 161036 160047 159153 158306 157580 156998 157016 156818 156720 155896 155362 154078 152999 152770 153261 151930 150886 148956 144655 140117 138444 139899 144895 150433 156565 160090 161356 161909 162138 162332 162240 162016 161859 161736 161959 162324 162579 162552 162671 163100 164331 166159 167816
169272 172164 173904 175760 174942 175038 178339 186187 192107 192980 191053 188594 187395 185407 183102 179886 179357 177816 176380 175060 174526 173485 172099 170997 169318 167883 166497 164800 163778 163041 162012 161262 160641 159907 159032 158504 158477 158707 157755 157321 155780 154315 152427 151953 152539 151428 149985 148434 144734 140973 139143 140320 145286 152614 158566 161939 163561 164028 164220 164452 164375 164236 164004 163905 163440 163632 164175 164190 164668 165541 166983 169157 170982
177342 178800 179634 179376 177400 175530 177527 184863 191355 192587 191494 190152 189306 186573 184588 182265 181046 180071 178275 177518 176525 175369 173641 172243 170261 168696 166812 165335 164404 163548 163051 162616 162331 161866 160957 160343 160471 160147 159323 157985 156645 154890 152604 151420 151597 150443 149709 147972 145387 142214 140303 140558 143973 150738 157170 162482 165036 166102 166282 166514 166357 166257 166316 165949 165727 165474 166260 166208 166143 166262 167281 168606 170296
182340 183805 184099 182311 179506 176906 177441 182321 189838 193120 194749 193210 191936 188504 185388 184180 182815 181805 181096 180475 179190 177240 175098 172923 170660 169199 167686 166312 165113 164589 164313 163998 164446 164158 163331 162498 161622 160955 159280 157646 155903 154400 152391 151395 151093 150527 149904 149048 146759 144271 142680 141704 143226 148154 154776 161448 165470 167348 168254 168464 168471 167997 168026 168075 167545 167677 167990 168146 167462 167146 167349 168370 169297
187070 188011 187328 185034 181923 178826 177583 180535 187311 193778 197105 195551 194008 192289 189068 187105 185664 184783 184120 183589 182905 181551 179550 177358 174942 172438 170536 168336 166999 166630 166396 166372 166134 165971 165319 164154 162002 160021 158047 156617 154915 153838 152803 151737 151618 151438 151217 150417 148458 146016 144194 143316 144518 148859 153060 158294 163818 167481 169045 170539 170628 170801 170137 170094 170099 169807 170147 169987 169495 169250 169100 169046 169476
190096 190385 189671 187734 184632 180948 178482 179575 185012 193737 198538 198402 197879 197295 193512 191000 189191 188262 187056 186767 186330 185389 184023 182018 179367 176428 173359 170241 168571 167938 168077 167386 166305 165375 164592 163477 160866 158849 156701 155475 154594 154030 153158 152726 152601 152709 152740 152043 150481 148059 145928 143857 144713 148984 153714 158935 162682 165789 168908 171039 173074 173073 172949 172768 172691 172635 172319 172198 171911 171402 170804 170244 169715
191797 192015 191627 189866 186616 182406 178755 179544 184300 193380 198865 200895 200519 200856 197708 194720 192710 191082 189972 189778 188767 188358 187252 185190 182322 179124 174512 170132 167823 166748 166812 166362 164471 162922 162405 161512 159192 157446 156273 155540 155089 154668 154170 153685 153648 153998 154124 153614 151950 149687 146829 144611 145178 148118 152220 157912 161225 164296 167522 170982 173763 174883 175281 175234 175040 174260 173889 173540 172782 171830 171104 170125 169413
193611 193459 192947 191012 186856 182443 178806 179423 184852 193942 199505 201030 200902 200521 199781 197772 195964 193771 192461 192237 191123 188653 187770 185569 181668 178290 173454 168310 165386 163544 163691 163789 161232 159597 159066 158507 157479 157013 156588 156679 156598 156030 155309 154703 154606 154971 155339 155039 153707 150848 147335 144838 145425 147651 151860 155951 158528 162805 167426 169897 173534 174758 175874 176270 174930 173834 173235 172742 171813 171008 170119 169421 168131
194568 194774 193867 190979 186682 182121 178351 179445 186109 194722 199540 200573 199031 200273 200385 199539 197265 194432 193290 193523 191546 187137 184997 183196 180038 176627 171388 166721 163155 160802 160395 160081 158186 157084 157006 157262 157150 157486 157920 158219 158083 157567 156531 155731 155369 155729 156221 156368 155484 153182 149474 146276 146688 148400 153052 156312 159401 164877 169775 169699 172396 172304 174254 174656 172612 171414 171496 170216 170093 169584 169245 168378 166730
196370 196539 195922 192636 188197 184010 179683 179945 186303 192568 196389 196405 193972 196233 196787 196485 194106 191824 191448 191746 188980 184097 180614 177291 173571 170776 168073 164789 160937 158835 158081 157641 156731 156361 156595 157089 157657 158318 158938 159423 159475 158653 157597 156647 156099 156274 156853 157417 157153 155477 152308 149451 149786 150659 153958 155666 159170 165218 170829 172978 174256 171970 174546 174290 171068 170951 171408 170559 169692 169992 169569 168094 165539
198561 199513 199496 196389 192675 188617 182983 181949 187665 192003 193486 192594 191121 192995 193741 193870 190264 187614 187042 185978 183298 179133 173607 170085 167213 165082 162806 161006 159212 158192 157526 157024 156486 156437 157134 157248 158229 158952 159676 160277 160267 159404 158274 157266 156736 156702 157329 158265 158597 157513 154846 152414 152352 153769 156244 156038 157775 163343 168468 173175 174733 173534 174332 173301 171538 170935 171627 170004 170159 169757 169141 167491 164659
200581 201480 202039 200591 197809 193392 188435 186349 189307 192396 194466 193109 192608 194002 195687 195631 189725 185065 183563 181162 178325 173378 168569 166071 163674 161766 160608 159806 159045 158639 157978 157414 156993 157370 157947 158805 159235 159839 160518 161023 160954 160163 158927 158358 157513 157563 158258 159505 160332 159662 157590 154373 153815 154689 155868 154902 156923 161576 166739 172431 173541 173678 173523 172767 171756 171209 170542 170918 170195 169679 168960 167171 164795
202679 203389 203819 203302 200683 197076 193730 190335 190573 192845 194884 195897 195460 197268 198913 198409 192480 187626 182823 177362 175315 170781 168175 167217 165895 164055 162623 161929 160919 160415 159708 159261 158314 158456 159563 159878 160581 160995 161528 162308 162337 161608 160707 160191 159720 159194 160119 161800 162882 163206 162058 159231 158231 157744 156048 154295 156826 161243 165444 169756 171486 173010 173694 173398 172500 171413 171180 170846 170708 170011 169127 167659 166133
205316 206184 206722 206845 204987 202302 199322 195374 192968 193851 196044 197551 198036 198972 199337 198640 194723 190721 186797 181721 181387 177279 174339 172491 172903 170722 168977 167793 166124 165129 164158 163612 161387 160646 160802 161389 161917 162629 163664 164918 164844 164434 163542 163616 162985 162297 163217 165385 166716 166631 165539 164005 162814 162403 159807 156687 158073 161644 165402 168631 171228 173084 174285 174254 173854 172842 172144 171876 171050 170550 169613 168759 167663
207948 208501 209091 209757 209535 207901 204521 200170 196234 195058 196277 198065 199861 200239 199718 201205 198796 195194 191610 188499 189605 185509 182683 179809 180571 178007 176253 174803 172450 171062 169044 167756 165638 165018 164105 164342 165003 165583 166793 168044 168148 167814 167334 167249 167242 167067 168316 170251 171451 171399 170050 167911 165838 166073 165382 159774 158984 162076 166178 169174 171755 173745 174887 175118 174756 174362 173625 172856 172438 171653 170942 170005 169977
210297 210466 210784 211821 212165 211366 208267 204400 199267 196400 196426 198452 200955 202778 203115 204281 201294 196692 194782 193059 194626 190974 187070 184284 184930 183836 182406 180505 176908 174021 171678 170192 169454 169808 169634 170067 169963 169813 169943 171121 171276 171369 171497 171545 171620 172504 174088 175593 176252 176267 174794 172152 169717 170879 169528 165017 162178 163667 167077 169794 172786 174781 176031 176373 176463 175511 174977 173842 173435 172913 171978 171644 171797
212493 212628 212418 213190 214175 212810 209868 206392 201512 197776 196781 198385 201307 203704 204060 203469 199367 196616 195809 195242 195833 194690 189946 185670 183961 182520 182417 181412 178956 176776 174663 173551 173583 174496 175118 175629 175519 175586 174861 174868 174250 174793 175816 176759 176728 177165 178888 180824 181335 181209 179955 178211 175635 174846 172127 168568 164754 165356 168143 171993 174628 176868 177654 177997 177606 176883 175708 174513 173571 173509 172730 172968 173761
214186 213864 213720 214188 214166 212915 209142 205630 201521 198196 197014 197975 200249 203343 204327 203262 200324 197361 196132 194454 192774 190829 186965 183256 180450 179145 179014 176958 176223 177404 177262 176282 176937 178510 179479 180209 180271 180844 179463 178405 177158 178535 181603 183890 185006 184740 185563 186126 185800 186609 185681 183987 180947 177749 173323 169822 167171 167140 169690 174242 176829 179644 180158 179859 178771 177719 176749 174994 173966 173338 173483 174021 175757
214775 214458 214759 213946 213721 211480 208544 204692 201432 198266 196892 197309 199391 201497 202983 202747 200905 199135 196732 194335 190312 186808 183403 179652 177733 177424 177469 174966 174690 175567 176064 175544 177555 180043 181830 183084 183991 184282 184003 183889 182436 184908 187972 190326 192511 191573 191333 190962 190704 192675 191542 187244 181891 178197 174325 171646 170760 170913 173057 177744 179157 182027 182164 181830 179936 177944 176688 175166 173569 173286 173562 175291 177829
214373 213467 213509 212998 211104 209834 206841 203635 200604 198050 196579 196522 197563 199190 199687 199123 197583 195144 192357 189642 186721 183434 179562 174543 173510 174437 175923 174405 175435 175800 176450 175795 177370 180532 182367 184158 185973 186883 187871 190077 189828 191963 194156 195538 197046 196748 196620 196142 195861 194891 193046 189405 184444 179484 174985 172511 173712 174629 175959 179759 180229 181444 182697 182548 180752 177366 174879 173608 173475 173948 175282 177709 181080
212503 209316 208786 209215 208348 207159 205231 202331 199716 197616 196398 195986 196297 196830 196952 196258 194115 191039 187268 182851 181534 180689 178980 175936 172997 173141 174106 172925 174540 174465 175816 177975 180283 183684 185372 187307 189798 191090 192272 194510 196130 197820 200515 201238 201809 201192 199837 198756 197358 195960 192579 189624 184742 181772 178877 177037 178700 180686 181410 183003 182211 181148 181764 182787 181365 178165 176419 175290 176148 177137 178842 181175 183860
207329 203129 202598 204723 202465 202605 201527 199850 198460 196892 196181 195803 195441 195027 194682 193028 190427 186971 183709 180476 179066 177494 175881 174406 173531 174611 176114 175208 177443 176930 176683 178863 181222 183775 186139 188304 190223 192230 193846 196366 198076 200374 203215 204763 204393 203594 201708 199638 198538 196289 192415 187821 183166 183911 183894 183249 183419 184199 184066 184885 184983 184029 183765 182410 180643 178602 177656 177877 178738 180462 182301 184088 185983
200046 194266 193079 195686 192586 196151 197750 197641 196841 196123 195448 194947 194209 193429 192125 190702 187720 184239 180701 179234 178316 176092 173057 172725 172723 175620 177461 177484 179201 178335 177564 179549 180201 182274 186282 189181 190000 192488 194644 196919 199722 200959 203391 204396 204414 203117 201237 199396 197318 195191 192337 189259 188025 188606 188908 189043 188341 187976 186495 185891 187136 185438 182600 181070 179494 177930 177775 178191 180326 183170 185736 187406 187922
189374 188217 188539 192049 193537 195534 196369 196198 195826 195154 194330 192707 192218 190057 188683 186925 185744 185158 183668 180365 178401 176770 175534 174263 172587 173146 175058 175987 177556 177469 178470 179178 181081 184255 190032 191467 190998 192613 195621 198108 200712 202110 202785 203461 202700 201074 199717 198070 196408 194607 192301 189766 190540 191511 191289 190943 191434 190868 188941 186343 185955 181137 176644 178790 178900 179132 178226 178905 181394 184608 187982 189659 190294
186711 188370 189980 191785 193424 193808 194365 193776 194224 194007 192207 190689 188601 184157 182670 181475 181112 182401 183840 181295 179230 176978 176125 174864 174755 173444 174060 175637 177718 179023 179983 181052 182679 186908 191730 191420 190733 193409 196938 199300 201582 202272 202308 201855 200581 198964 197556 196929 196190 195411 194434 192906 194029 193797 192525 191209 190379 190039 189664 186107 183037 180417 179568 180120 180254 181765 180779 181516 183351 185424 187005 188558 189576
189163 190915 191643 191935 191649 191692 191729 191007 191375 190419 187752 185994 183623 178632 177488 175884 175925 176434 179184 178006 177153 175405 174504 173156 174271 176246 176703 177517 178921 180212 181758 184393 187968 191941 195063 193266 193360 195657 197052 198989 200444 201426 201029 200301 198430 196832 196864 196288 196535 196719 196834 196508 196755 196469 194425 192258 191816 190013 189074 185611 183191 183024 184190 183971 183205 183758 183433 184480 186235 187026 187637 187715 188877
190843 191857 191532 191043 189968 188918 189326 187663 187942 186056 183468 181417 178646 174877 172878 171083 171293 171669 173895 174275 173844 173130 173679 174261 178073 182416 181446 180645 181442 182541 183605 186349 190262 195036 197643 196504 196906 198288 197176 197598 199150 200409 200287 198935 197787 197203 197057 197737 197869 198263 198199 198768 198658 197650 196329 194388 193322 190911 188459 184479 185012 187300 189574 188807 188031 187021 185960 188598 189849 190177 190458 189979 189662
190620 189529 189860 189510 188520 186307 185786 183549 183655 183066 181187 179732 176889 173501 170345 168440 168376 168936 171045 172686 173742 173723 174311 175239 177558 181784 182852 182522 183017 184151 184887 186123 188830 192511 195063 197624 199657 201308 200535 200904 200934 200886 200220 199217 198338 197605 198920 199011 199545 199075 198819 198738 198505 197571 196098 194146 191647 189611 187631 185550 188492 191867 193687 193024 192590 191670 190904 192456 192872 193189 193722 193239 192773
191299 189233 188808 190186 190808 187759 186139 182431 182463 182095 181250 179176 176715 173207 170244 168428 168051 169037 171337 173463 174729 174829 175240 175753 177047 179109 180877 181248 183803 185403 185823 186785 188570 191335 193718 197215 199710 200838 201920 203298 203048 202274 201363 200657 199792 199585 199539 200035 199726 199270 198390 198429 198066 197418 196635 194897 192935 189705 188994 188432 192253 194774 196999 198056 197440 196653 195629 195406 194654 195886 196274 196476 196164
190082 188295 188847 191351 193079 191445 190919 187403 185940 184311 182392 179803 176649 173303 170663 169338 169432 170975 173540 175870 176957 177075 176562 176977 176989 177952 178577 180516 183522 185431 187066 188690 190199 191550 193710 195762 197697 199277 200628 203690 204595 204214 203403 202547 201803 200883 200725 199991 199136 198453 198105 198240 198329 198553 198243 197305 194741 190271 186712 186121 191055 195553 197944 199070 199092 198046 196879 195637 194954 196492 197596 197764 197994
