Data/ppt/PRISM_ppt_pr_1963-1995_normal_450mM1_03_asc.asc
ncols 557
nrows 164
xllcorner -67.31875000000
yllcorner 17.86875000000
cellsize 0.00416666667
NODATA_value -9999
[rows 108 to 143 of 164, columns 243 to 323 of 557]
5601 5941 6251 6416 6515 6657 6821 6992 7268 7599 7811 7946 8416 8419 8569 8900 9183 9391 9405 9333 9208 9087 8960 8813 8649 8495 8386 8284 8163 8027 7910 7847 7851 7939 8108 8339 8592 8734 8711 8567 8370 8177 8033 7936 7868 7851 7885 7970 8112 8369 8709 9099 9522 9997 10426 10769 11144 11398 11494 11490 11394 11267 11130 10954 10807 10670 10511 10327 10170 10003 10194 9870 9752 10030 10270 10536 10701 10803 10879 10916 10979
5277 5692 5949 6150 6342 6487 6642 6833 7072 7274 7584 7762 7939 8074 8283 8827 8960 9089 9103 9044 8919 8813 8763 8738 8739 8753 8793 8802 8726 8582 8449 8355 8360 8453 8622 8828 9015 9082 8985 8773 8536 8330 8221 8147 8084 8036 8047 8100 8210 8404 8670 8973 9334 9839 10271 10608 10905 11044 11016 10870 10681 10581 10388 10418 10407 10370 10269 10212 10111 10055 10172 10135 9681 9586 10107 10466 10727 10849 10887 10924 10974
5011 5305 5608 5925 6124 6295 6447 6620 6827 7243 7513 7678 7826 7967 8071 8289 8321 8444 8478 8491 8401 8363 8429 8547 8721 8929 9138 9266 9253 9119 8935 8800 8759 8817 8948 9116 9254 9279 9178 8963 8727 8553 8453 8366 8285 8206 8186 8205 8276 8416 8619 8886 9229 9637 10026 10305 10457 10418 10189 9839 9574 9531 9693 9967 10056 10109 10046 10028 10064 10132 10318 10550 9539 10432 10137 10274 10764 10882 10894 10905 10956
4738 4987 5189 5517 5810 6052 6291 6511 6660 7112 7488 7703 7819 7832 7695 7739 7653 7709 7703 7702 7689 7763 8032 8270 8616 9017 9403 9635 9632 9447 9201 8969 8861 8867 8975 9149 9307 9376 9339 9185 9003 8860 8726 8597 8487 8346 8281 8270 8300 8392 8540 8770 9084 9442 9783 9981 9970 9676 9147 8646 8437 8564 8968 9442 9784 9943 9933 9904 9874 9860 10100 10379 9912 9975 9961 10486 10802 10886 10896 10905 10916
4637 4781 4925 5255 5600 5933 6260 6552 6781 7129 7452 7618 7625 7500 7328 7185 7084 6901 6919 7009 7092 7265 7600 8042 8537 9059 9528 9748 9721 9480 9177 8771 8623 8613 8688 8900 9159 9347 9441 9446 9360 9204 9026 8862 8673 8472 8369 8314 8312 8360 8473 8684 8962 9281 9547 9649 9504 9019 8280 7972 7886 8041 8445 8935 9357 9638 9728 9765 9775 9688 9560 10277 10176 10225 10116 9972 10677 10792 10843 10904 10914
4685 4787 4917 5237 5608 6043 6406 6707 6976 7250 7462 7518 7403 7083 6737 6511 6416 6363 6423 6485 6701 7050 7520 8082 8658 9158 9528 9618 9472 9083 8704 8323 8101 8032 8124 8274 8838 9137 9436 9638 9671 9520 9313 9111 8839 8621 8483 8394 8348 8359 8455 8619 8849 9093 9237 9214 8947 8380 7822 7505 7421 7648 8032 8529 8840 9148 9389 9540 9702 9702 9332 10216 10308 10221 10269 10641 10677 10660 10729 10866 10932
4919 5003 5144 5506 5911 6298 6686 6983 7150 7332 7453 7378 7087 6684 6333 5955 5825 6008 6256 6515 6829 7199 7709 8207 8681 9046 9241 9193 8968 8544 8117 7775 7559 7483 7604 7821 8180 8671 9187 9683 9858 9793 9585 9342 9044 8835 8665 8533 8451 8432 8477 8601 8744 8878 8928 8840 8531 8130 7664 7289 7243 7364 7587 7922 8485 8807 9025 9248 9492 9639 9619 9744 9672 9456 10185 10504 10533 10514 10567 10731 10805
5286 5429 5616 5842 6175 6545 6818 7029 7096 7189 7222 7095 6856 6391 5980 5575 5303 5729 6137 6566 6998 7472 7910 8220 8504 8694 8742 8605 8242 7897 7499 7245 7101 7117 7213 7404 7745 8450 9009 9550 9858 9922 9780 9573 9293 9089 8910 8745 8617 8547 8559 8620 8690 8737 8712 8584 8311 7906 7534 7335 7275 7266 7372 7559 7710 7843 8413 8664 8928 9314 9429 9451 9396 9407 9918 10289 10337 10327 10327 10429 10576
5575 5758 5968 6226 6474 6668 6782 6779 6755 6812 6833 6701 6398 6018 5637 5066 5367 6030 6420 6773 7181 7570 7893 8053 8188 8154 8092 7908 7546 7245 7052 6962 6960 6999 7022 7162 7835 8319 8816 9342 9797 10002 9978 9843 9600 9347 9100 8910 8747 8651 8637 8662 8672 8642 8542 8353 8095 7779 7511 7341 7202 6986 7036 7310 7435 7595 7760 7907 8122 8762 9018 9143 9152 9325 9806 10200 10262 10209 10176 10225 10395
5839 6065 6351 6599 6693 6676 6583 6419 6264 6231 6271 6179 5929 5639 5301 5116 5580 6016 6637 6953 7280 7575 8047 7671 7648 7572 7469 7317 7065 6853 6793 6918 7081 7212 7375 7582 7915 8283 8699 9183 9665 10015 10126 10047 9807 9478 9168 8948 8805 8723 8719 8723 8679 8573 8391 8134 7874 7656 7491 7334 7179 7018 6882 6827 6877 7393 7553 7730 7885 8141 8270 8561 8671 9558 9827 10088 10196 10206 10170 10245 10453
6090 6427 6648 6874 6835 6647 6298 5969 5708 5640 5587 5768 5586 5331 5035 5022 5406 6038 6487 6901 7187 7405 7471 7373 7287 7226 6952 6835 6815 6798 6863 7099 7335 7527 7699 7861 8052 8342 8690 9103 9544 9913 10066 9995 9761 9335 9088 8914 8794 8752 8748 8737 8641 8490 8268 8004 7757 7576 7469 7334 7066 6431 6545 6347 6766 6841 7251 7627 7832 8565 8749 8908 9143 9718 9738 9941 10050 10050 10055 10112 10392
6318 6547 6725 6776 6629 6237 5777 5376 5121 5029 5002 5321 5208 5036 4817 4822 5326 5887 6510 6844 7025 7054 6846 6628 6593 6688 6789 6514 6698 6953 7167 7471 7686 7896 8062 8185 8305 8490 8761 9093 9438 9722 9818 9695 9371 9070 8892 8712 8653 8659 8686 8659 8574 8406 8211 7975 7747 7568 7427 7232 6834 6530 6312 5807 5940 6123 6849 7055 7442 7637 7833 8482 8997 9140 9114 9384 9508 9483 9411 9433 9987
6290 6507 6630 6569 6137 5743 5209 4840 4592 4488 4619 4958 4910 4689 4489 4391 4928 5454 5847 6338 6532 6470 6298 6148 5906 5962 6173 6377 6908 7049 7308 7617 7910 8120 8302 8445 8565 8684 8867 9088 9317 9495 9510 9334 9053 8769 8617 8429 8407 8477 8548 8573 8510 8372 8207 8009 7802 7630 7512 7350 6774 6437 6076 5871 5781 5865 6250 6714 7065 7022 7110 7320 7848 8667 8708 8801 9193 9269 9236 9262 9700
6081 6199 6223 6074 5752 5323 5106 4650 4349 4300 4451 4611 4590 4360 4143 4126 4366 4782 5172 5545 5818 5856 5789 5594 5362 5776 6127 6406 6768 6992 7407 7657 7930 8153 8362 8560 8683 8816 8933 9079 9202 9270 9205 9004 8693 8430 8331 8250 8193 8297 8449 8557 8589 8504 8360 8167 7970 7810 7701 7574 7339 6987 6491 6026 5663 5649 5883 6271 6610 6243 6145 6280 6848 7640 8339 8250 8783 9068 9093 9139 9212
5704 5703 5821 5595 5343 4861 4451 4014 3996 3954 3960 4369 4200 3995 3917 3932 4071 4304 4709 4939 5086 5180 5274 5300 5413 5773 6169 6451 6710 6934 7207 7550 7918 8139 8338 8543 8708 8842 8926 9011 9053 9026 8913 8707 8448 8220 8093 8035 7882 8107 8441 8753 8934 8988 8914 8702 8402 8156 8008 7895 7714 7413 6899 6280 5670 5423 5482 5721 5950 5527 5599 5706 5930 6847 7425 7485 8049 8381 8588 8889 8647
4937 4839 5232 5129 4891 4555 4135 3870 3762 3710 3687 3882 3771 3715 3697 3738 3883 4073 4292 4542 4653 4652 4762 4878 5274 5799 6245 6544 6780 6996 7248 7622 7901 8111 8309 8503 8666 8791 8810 8875 8878 8770 8629 8430 8199 7903 7592 7502 7592 7889 8326 8758 9048 9145 9082 8842 8499 8200 8017 7911 7779 7568 7076 6438 5629 5017 5033 5044 5020 5086 5160 5072 5485 6046 6921 7220 7290 7701 8111 8323 8518
4781 4731 4709 4481 4338 4187 3940 3770 3651 3577 3524 3344 3507 3527 3568 3661 3838 4037 4196 4313 4395 4484 4639 4862 5319 5807 6216 6611 6998 7183 7433 7693 7851 7974 8135 8327 8533 8690 8690 8777 8770 8616 8404 8166 7843 7476 7232 7293 7524 7919 8402 8834 9082 9118 8977 8649 8255 7878 7626 7464 7355 6570 6215 5553 5123 4962 4910 4911 4932 4964 5010 5031 5141 5442 6064 6396 6512 6887 7494 7632 7994
4520 4299 4102 3933 3903 3768 3738 3646 3540 3454 3411 3376 3258 3398 3490 3638 3845 4182 4301 4367 4396 4459 4624 4948 5342 5737 6139 6542 6904 7232 7604 7706 7748 7792 7861 7961 8097 8259 8391 8487 8484 8324 7987 7605 7240 6997 6919 7109 7520 8101 8629 8969 9075 8988 8683 8246 7576 7307 6966 6288 6234 6001 5815 5500 5141 4937 4862 4830 4839 4859 4905 4966 5055 5196 5677 5427 5792 6071 6649 6966 7099
4002 3808 3754 3713 3706 3666 3581 3524 3433 3354 3319 3334 3353 3411 3448 3611 3822 4138 4265 4354 4413 4511 4682 4955 5289 5665 6058 6437 6790 7275 7467 7527 7538 7520 7523 7532 7588 7699 7857 7954 8004 7856 7516 7098 6749 6558 6582 6919 7548 8231 8752 9005 8998 8711 8075 7455 6699 6383 5994 5432 5331 5357 5348 5168 4989 4880 4822 4785 4779 4802 4855 4929 5018 5110 5240 5293 5383 5614 5861 6347 6100
3686 3576 3536 3523 3532 3538 3498 3450 3337 3277 3264 3281 3321 3406 3507 3670 3897 4083 4226 4337 4429 4542 4721 4980 5295 5613 5924 6219 6493 6758 6951 7110 7103 7023 6972 7026 7019 7110 7274 7442 7537 7451 7167 6750 6393 6194 6236 6624 7278 8112 8630 8869 8824 8474 7924 7106 6476 5695 5312 5175 5118 5076 5026 4962 4920 4849 4781 4752 4747 4773 4827 4906 4988 5062 5137 5206 5286 5461 5630 5836 6009
3730 3430 3407 3370 3381 3387 3371 3336 3272 3219 3227 3234 3291 3366 3482 3619 3769 3909 4137 4236 4336 4457 4634 4865 5076 5272 5545 5779 6014 6423 6415 6607 6654 6558 6517 6559 6633 6753 6907 7068 7166 7113 6907 6497 5953 5773 5850 6231 6769 7410 8040 8327 8539 8206 7648 6825 5913 5473 5197 5032 4964 4915 4879 4862 4863 4799 4756 4737 4747 4782 4837 4911 4972 5051 5102 5158 5219 5324 5430 5557 5812
3596 3482 3427 3298 3261 3256 3233 3213 3192 3175 3186 3209 3261 3318 3399 3510 3616 3735 3873 3993 4186 4321 4498 4706 4916 5096 5264 5530 5721 5878 5935 5970 5862 6085 6137 6254 6405 6546 6679 6778 6827 6782 6352 6006 5678 5470 5484 5770 6165 6653 7166 7482 7675 7244 7004 6367 5822 5299 5039 4897 4808 4757 4782 4805 4821 4791 4770 4783 4806 4859 4914 4954 4992 5049 5098 5127 5201 5286 5380 5489 5660
3492 3385 3321 3257 3178 3141 3125 3113 3110 3119 3152 3176 3238 3288 3355 3431 3486 3614 3718 3849 3976 4087 4376 4553 4692 4949 5125 5259 5390 5510 5537 5464 5388 5677 5815 6018 6224 6367 6462 6455 6380 6260 6021 5638 5357 5157 5110 5244 5529 5829 6215 6499 6292 6103 6021 5697 5193 5134 4894 4747 4493 4635 4747 4805 4825 4824 4856 4884 4924 4969 5009 5036 5046 5079 5086 5103 5186 5286 5370 5469 5606
3389 3268 3188 3146 3104 3068 3055 3041 3047 3069 3109 3154 3225 3295 3360 3399 3419 3728 3817 3961 4168 4352 4498 4631 4587 4634 5060 5191 5310 5349 5337 5131 5076 5042 5522 5805 6003 6114 6130 6066 5913 5719 5521 5289 5062 4887 4756 4715 4738 4891 5034 5169 5221 4943 5026 4951 4734 4588 4456 4327 4363 4507 4677 4770 4822 4868 4921 4977 5021 5048 5071 5082 5089 5096 5100 5127 5210 5307 5390 5461 5570
3246 3144 3076 3025 3016 3006 3013 3003 3014 3041 3080 3147 3222 3300 3361 3414 3463 3568 3660 3770 3886 4052 4234 4420 4505 4624 4770 4867 4919 4941 4919 4845 4833 4893 5100 5261 5443 5791 5738 5613 5441 5194 4974 4843 4703 4624 4561 4525 4410 4529 4629 4675 4663 4608 4389 4346 4341 4232 4186 4188 4261 4391 4573 4689 4783 4866 4947 5015 5054 5070 5074 5078 5089 5097 5116 5138 5217 5300 5369 5419 5494
3093 2951 2933 2909 2904 2920 2949 2962 2989 3023 3072 3136 3193 3240 3277 3312 3353 3398 3459 3527 3630 3739 3907 4079 4243 4399 4502 4544 4535 4563 4556 4518 4519 4598 4738 4971 5149 5241 5340 5199 4990 4797 4601 4483 4407 4385 4383 4392 4370 4420 4462 4327 4323 4300 4245 4110 4064 4037 4045 4086 4172 4298 4439 4556 4720 4874 4991 5051 5078 5077 5076 5083 5095 5116 5130 5159 5208 5247 5278 5290 5315
2875 2845 2783 2770 2801 2836 2871 2903 2944 2990 3046 3091 3124 3146 3175 3196 3217 3239 3268 3311 3378 3477 3590 3725 3877 4022 4121 4166 4167 4179 4162 4153 4172 4266 4451 4608 4716 4777 4754 4766 4629 4491 4351 4256 4205 4205 4227 4238 4237 4234 4219 4175 4117 3985 3968 3944 3940 3943 3964 4013 4117 4233 4355 4535 4738 4904 5011 5070 5084 5082 5080 5080 5091 5105 5115 5109 5135 5147 5138 5100 5092
2723 2734 2717 2704 2720 2747 2798 2844 2883 2929 2998 3036 3062 3082 3099 3107 3100 3099 3112 3138 3193 3252 3339 3428 3541 3648 3740 3795 3816 3901 3863 3873 3902 3972 4090 4226 4337 4401 4407 4449 4377 4259 4060 4018 3996 4005 4026 4032 4031 4012 3966 3949 3926 3887 3873 3873 3873 3874 3892 3941 4051 4178 4347 4560 4750 4898 4997 5045 5066 5067 5066 5066 5067 5075 5074 5076 5060 5083 5055 5010 5081
2589 2619 2645 2663 2683 2717 2749 2789 2840 2888 2947 2979 3007 3014 3024 3024 3006 2985 2963 2957 2951 3057 3117 3202 3287 3370 3430 3503 3558 3595 3624 3657 3695 3769 3876 3945 4016 4179 4201 4196 4136 4070 3991 3955 3938 3941 3938 3936 3926 3915 3885 3866 3846 3840 3836 3837 3844 3848 3871 3924 4027 4167 4347 4537 4713 4844 4937 4987 5008 5018 5018 5015 5012 5009 5020 5002 5006 5029 5061 5032 5070
2508 2541 2573 2606 2649 2685 2718 2758 2809 2850 2884 2905 2932 2940 2946 2945 2929 2895 2848 2825 2819 2840 2865 2952 2982 3041 3102 3191 3281 3323 3382 3425 3484 3549 3631 3708 3766 3851 3903 3938 3941 3923 3901 3884 3865 3860 3850 3837 3830 3819 3836 3829 3828 3830 3833 3839 3840 3851 3882 3945 4045 4184 4352 4523 4660 4761 4853 4908 4947 4965 4971 4967 4962 4954 4944 4941 4924 4956 4978 4923 4923
2447 2489 2515 2543 2587 2630 2671 2709 2752 2781 2808 2826 2844 2857 2873 2885 2875 2840 2783 2741 2713 2699 2715 2729 2760 2827 2869 2949 3017 3107 3176 3222 3288 3355 3419 3480 3541 3605 3679 3748 3793 3794 3801 3790 3758 3740 3722 3710 3723 3715 3807 3836 3806 3827 3833 3833 3837 3853 3906 3977 4075 4199 4341 4461 4564 4669 4773 4837 4880 4907 4918 4918 4911 4902 4889 4872 4851 4842 4831 4812 4831
2411 2447 2474 2494 2529 2566 2609 2652 2683 2714 2741 2760 2774 2793 2822 2847 2863 2834 2783 2723 2695 2673 2661 2628 2632 2667 2711 2769 2848 2917 3011 3061 3137 3211 3263 3314 3372 3445 3521 3597 3671 3659 3664 3670 3659 3675 3666 3675 3776 3808 3814 3824 3762 3796 3824 3835 3841 3868 3932 4014 4118 4224 4299 4373 4471 4598 4703 4774 4833 4864 4879 4880 4878 4867 4854 4840 4822 4804 4787 4774 4796
2413 2441 2457 2475 2499 2523 2560 2598 2633 2653 2672 2687 2698 2723 2766 2814 2839 2829 2772 2713 2675 2655 2649 2620 2601 2597 2629 2675 2735 2785 2835 2874 2936 3060 3113 3188 3234 3341 3416 3445 3503 3538 3565 3615 3640 3743 3772 3793 3808 3811 3759 3829 3830 3844 3864 3869 3879 3901 3951 4023 4137 4212 4270 4340 4455 4564 4656 4719 -9999 -9999 -9999 -9999 -9999 -9999 -9999 4840 4829 4818 4813 4810 4810
2411 2433 2448 2465 2479 2496 2518 2551 2582 2599 2608 2622 2627 2656 2727 2782 2819 2813 2783 2722 2673 2637 2622 2628 2611 2565 2576 2614 2659 2695 2726 2757 2805 2856 2878 3135 3039 3082 3255 3334 3421 3480 3533 3709 3762 3815 3802 3798 3711 3688 3756 3825 3846 3863 3877 3893 3912 3935 3969 4016 4094 4167 4239 4335 4432 4528 4597 -9999 -9999 -9999 -9999 -9999 -9999 -9999 -9999 -9999 4822 4818 4817 4822 -9999
2409 2424 2441 2458 2472 2483 2498 2523 2544 2548 2561 2565 2594 2622 2697 2754 2780 2793 2766 2716 2661 2622 2612 2609 2600 2541 2559 2573 2602 2633 2659 2686 2730 2783 2835 2907 2945 3021 3195 3302 3529 3623 3691 3745 3775 3792 3676 3650 3646 3426 3783 3839 3855 3860 3880 3898 3921 3951 3982 4034 4092 4165 4244 4327 4415 4475 -9999 -9999 -9999 -9999 -9999 -9999 -9999 -9999 -9999 -9999 -9999 4807 4813 -9999 -9999
2413 2422 2435 2450 2464 2472 2486 2501 2513 2513 2517 2542 2619 2643 2681 2707 2737 2743 2721 2682 2643 2617 2607 2610 2619 2616 2624 2586 2568 2591 2621 2646 2682 2733 2791 2867 2931 3124 3247 3444 3559 3613 3704 3493 3543 3580 3577 3417 3403 3785 3835 3854 3855 -9999 -9999 -9999 -9999 3957 3987 4037 4102 4168 4251 4331 4380 -9999 -9999 -9999 -9999 -9999 -9999 -9999 -9999 -9999 -9999 -9999 -9999 -9999 -9999 -9999 -9999
