Data/ppt/PRISM_ppt_pr_1963-1995_normal_450mM1_03_asc.asc
ncols 557
nrows 164
xllcorner -67.31875000000
yllcorner 17.86875000000
cellsize 0.00416666667
NODATA_value -9999
[rows 72 to 107 of 164, columns 0 to 80 of 557]
-9999 -9999 -9999 -9999 -9999 -9999 -9999 -9999 -9999 -9999 -9999 -9999 -9999 -9999 -9999 -9999 -9999 -9999 -9999 -9999 -9999 -9999 -9999 -9999 -9999 -9999 -9999 -9999 -9999 -9999 -9999 6332 6310 6297 6265 6198 6197 6230 6264 6305 6341 6392 6431 6473 6516 6582 6672 6803 6981 7227 7493 7752 7967 8097 8144 8112 8023 7976 8016 8112 8238 8344 8437 8507 8581 8682 8818 8962 9068 9148 9179 9206 9168 9090 9026 9023 9132 9267 9363 9438 9475
-9999 -9999 -9999 -9999 -9999 -9999 -9999 -9999 -9999 -9999 -9999 -9999 -9999 -9999 -9999 -9999 -9999 -9999 -9999 -9999 -9999 -9999 -9999 -9999 -9999 -9999 -9999 -9999 -9999 -9999 -9999 6334 6321 6304 6282 6234 6227 6269 6317 6377 6437 6497 6542 6577 6616 6660 6731 6851 7036 7291 7555 7817 8023 8152 8211 8207 8152 8124 8157 8254 8369 8470 8551 8617 8666 8727 8834 8960 9066 9134 9153 9165 9126 9060 9037 9044 9081 9153 9247 9371 9476
-9999 -9999 -9999 -9999 -9999 -9999 -9999 -9999 -9999 -9999 -9999 -9999 -9999 -9999 -9999 -9999 -9999 -9999 -9999 -9999 -9999 -9999 -9999 -9999 -9999 -9999 -9999 -9999 -9999 -9999 -9999 6337 6320 6316 6317 6292 6289 6325 6395 6473 6552 6629 6689 6729 6747 6772 6817 6918 7104 7355 7602 7852 8037 8152 8210 8227 8217 8211 8250 8356 8487 8609 8709 8770 8814 8851 8911 9001 9113 9172 9214 9185 9146 9113 9114 9120 9138 9193 9272 9409 9560
-9999 -9999 -9999 -9999 -9999 -9999 -9999 -9999 -9999 -9999 -9999 -9999 -9999 -9999 -9999 -9999 -9999 -9999 -9999 -9999 -9999 -9999 -9999 -9999 -9999 -9999 -9999 -9999 -9999 -9999 -9999 6324 6319 6315 6327 6339 6340 6397 6492 6580 6668 6766 6846 6906 6913 6916 6933 7022 7189 7420 7667 7902 8061 8149 8199 8226 8253 8271 8329 8417 8552 8693 8817 8920 8974 9008 9043 9095 9177 9273 9300 9290 9223 9214 9221 9236 9270 9339 9421 9577 9730
-9999 -9999 -9999 -9999 -9999 -9999 -9999 -9999 -9999 -9999 -9999 -9999 -9999 -9999 -9999 -9999 -9999 -9999 -9999 -9999 -9999 -9999 -9999 -9999 -9999 -9999 -9999 -9999 -9999 -9999 -9999 -9999 6322 6318 6340 6375 6404 6486 6575 6685 6792 6894 6983 7061 7093 7085 7084 7160 7295 7499 7763 7993 8123 8186 8212 8247 8288 8339 8390 8474 8583 8721 8872 9003 9106 9153 9192 9241 9310 9401 9463 9437 9367 9354 9365 9383 9430 9507 9606 9767 9910
-9999 -9999 -9999 -9999 -9999 -9999 -9999 -9999 -9999 -9999 -9999 -9999 -9999 -9999 -9999 -9999 -9999 -9999 -9999 -9999 -9999 -9999 -9999 -9999 -9999 -9999 -9999 -9999 -9999 -9999 -9999 -9999 6322 6322 6337 6379 6438 6515 6624 6735 6859 6982 7071 7158 7211 7236 7264 7350 7424 7578 7839 8066 8193 8241 8256 8289 8348 8411 8471 8533 8616 8732 8880 9044 9177 9276 9333 9401 9477 9561 9632 9646 9615 9599 9585 9605 9640 9708 9809 9951 10072
-9999 -9999 -9999 -9999 -9999 -9999 -9999 -9999 -9999 -9999 -9999 -9999 -9999 -9999 -9999 -9999 -9999 -9999 -9999 -9999 -9999 -9999 -9999 -9999 -9999 -9999 -9999 -9999 -9999 -9999 -9999 -9999 -9999 6314 6321 6344 6400 6485 6577 6689 6828 6967 7070 7176 7238 7294 7355 7458 7428 7603 7837 8059 8189 8253 8272 8316 8394 8478 8546 8608 8663 8751 8874 9033 9204 9337 9448 9542 9617 9704 9775 9826 9862 9892 9916 9950 9978 10006 10053 10128 10210
-9999 -9999 -9999 -9999 -9999 -9999 -9999 -9999 -9999 -9999 -9999 -9999 -9999 -9999 -9999 -9999 -9999 -9999 -9999 -9999 -9999 -9999 -9999 -9999 -9999 -9999 -9999 -9999 -9999 -9999 -9999 -9999 -9999 -9999 6291 6286 6318 6380 6523 6612 6721 6860 7003 7117 7180 7206 7257 7408 6937 7481 7734 7944 8095 8180 8225 8287 8393 8485 8581 8674 8716 8779 8874 9006 9168 9337 9494 9624 9732 9827 9912 9967 10035 10101 10156 10183 10219 10245 10268 10297 10336
-9999 -9999 -9999 -9999 -9999 -9999 -9999 -9999 -9999 -9999 -9999 -9999 -9999 -9999 -9999 -9999 -9999 -9999 -9999 -9999 -9999 -9999 -9999 -9999 -9999 -9999 -9999 -9999 -9999 -9999 -9999 -9999 -9999 -9999 -9999 6236 6243 6262 6812 6905 6999 7042 7075 7118 7133 7154 7176 7254 7211 7366 7494 7673 7876 8018 8104 8208 8321 8439 8555 8672 8754 8798 8878 8985 9120 9278 9460 9634 9793 9930 10037 10118 10194 10289 10359 10375 10401 10435 10449 10456 10455
-9999 -9999 -9999 -9999 -9999 -9999 -9999 -9999 -9999 -9999 -9999 -9999 -9999 -9999 -9999 -9999 -9999 -9999 -9999 -9999 -9999 -9999 -9999 -9999 -9999 -9999 -9999 -9999 -9999 -9999 -9999 -9999 -9999 -9999 -9999 -9999 6278 6770 6862 6921 7002 7054 7072 7078 7088 7103 7124 7160 7178 7205 7261 7404 7607 7736 7871 8039 8199 8324 8444 8575 8694 8788 8866 8959 9063 9203 9381 9562 9751 9940 10098 10208 10316 10410 10486 10522 10569 10590 10608 10601 10570
-9999 -9999 -9999 -9999 -9999 -9999 -9999 -9999 -9999 -9999 -9999 -9999 -9999 -9999 -9999 -9999 -9999 -9999 -9999 -9999 -9999 -9999 -9999 -9999 -9999 -9999 -9999 -9999 -9999 -9999 -9999 -9999 -9999 -9999 -9999 -9999 6265 6731 6835 6890 6969 7036 7054 7060 7064 7085 7107 7149 7157 7153 7125 7174 7316 7400 7543 7800 7982 8134 8284 8415 8575 8686 8814 8909 8993 9109 9274 9448 9639 9841 10043 10194 10304 10425 10527 10613 10686 10740 10729 10723 10683
-9999 -9999 -9999 -9999 -9999 -9999 -9999 -9999 -9999 -9999 -9999 -9999 -9999 -9999 -9999 -9999 -9999 -9999 -9999 -9999 -9999 -9999 -9999 -9999 -9999 -9999 -9999 -9999 -9999 -9999 -9999 -9999 -9999 -9999 -9999 -9999 -9999 6792 6826 6882 6955 7029 7060 7066 7083 7103 7154 7180 7207 7181 7117 7112 7163 7191 7291 7618 7830 7993 8154 8307 8441 8567 8710 8845 8931 9029 9130 9296 9463 9663 9884 10038 10162 10297 10424 10562 10702 10786 10837 10807 10769
-9999 -9999 -9999 -9999 -9999 -9999 -9999 -9999 -9999 -9999 -9999 -9999 -9999 -9999 -9999 -9999 -9999 -9999 -9999 -9999 -9999 -9999 -9999 -9999 -9999 -9999 -9999 -9999 -9999 -9999 -9999 -9999 -9999 -9999 -9999 -9999 -9999 6773 6804 6853 6913 6999 7041 7067 7092 7122 7186 7238 7248 7263 7203 7241 7319 7367 7452 7702 7864 7998 8137 8281 8432 8531 8672 8772 8868 8904 8943 9095 9257 9450 9640 9787 9907 10052 10200 10377 10572 10769 10849 10876 10829
-9999 -9999 -9999 -9999 -9999 -9999 -9999 -9999 -9999 -9999 -9999 -9999 -9999 -9999 -9999 -9999 -9999 -9999 -9999 -9999 -9999 -9999 -9999 -9999 -9999 -9999 -9999 -9999 -9999 -9999 -9999 -9999 -9999 -9999 -9999 -9999 6695 6735 6778 6813 6869 6965 7012 7058 7091 7144 7217 7295 7355 7436 7495 7583 7691 7755 7821 7943 8031 8116 8212 8319 8436 8583 8682 8777 8821 8782 8752 8869 8990 9171 9388 9553 9685 9823 9978 10172 10393 10621 10793 10853 10865
-9999 -9999 -9999 -9999 -9999 -9999 -9999 -9999 -9999 -9999 -9999 -9999 -9999 -9999 -9999 -9999 -9999 -9999 -9999 -9999 -9999 -9999 -9999 -9999 -9999 -9999 -9999 -9999 -9999 -9999 -9999 -9999 -9999 -9999 6400 6551 6638 6674 6710 6750 6833 6910 6974 7026 7086 7134 7216 7313 7442 7614 7783 7909 8011 8088 8149 8206 8240 8265 8303 8355 8430 8540 8689 8803 8874 8744 8710 8871 8913 8921 9173 9354 9557 9729 9899 10090 10293 10491 10657 10780 10829
-9999 -9999 -9999 -9999 -9999 -9999 -9999 -9999 -9999 -9999 -9999 -9999 -9999 -9999 -9999 -9999 -9999 -9999 -9999 -9999 -9999 -9999 -9999 -9999 -9999 -9999 -9999 -9999 -9999 -9999 -9999 -9999 -9999 6397 6445 6533 6553 6579 6612 6706 6789 6880 6918 6987 7033 7067 7097 7166 7356 7708 7991 8182 8311 8416 8468 8459 8412 8346 8312 8318 8343 8415 8538 8676 8788 8792 8775 8410 8831 8971 9166 9232 9501 9747 9951 10144 10327 10489 10622 10715 10789
-9999 -9999 -9999 -9999 -9999 -9999 -9999 -9999 -9999 -9999 -9999 -9999 -9999 -9999 -9999 -9999 -9999 -9999 -9999 -9999 -9999 -9999 -9999 -9999 -9999 -9999 -9999 -9999 -9999 -9999 -9999 -9999 6393 6359 6416 6446 6461 6508 6558 6670 6768 6818 6861 6918 6988 7007 7021 7062 7192 7840 8043 8263 8454 8607 8652 8603 8480 8297 8188 8165 8167 8206 8305 8430 8548 8639 8735 8749 8831 8995 9248 9258 9564 9845 10086 10297 10477 10617 10708 10768 10810
-9999 -9999 -9999 -9999 -9999 -9999 -9999 -9999 -9999 -9999 -9999 -9999 -9999 -9999 -9999 -9999 -9999 -9999 -9999 -9999 -9999 -9999 -9999 -9999 -9999 -9999 -9999 -9999 -9999 -9999 -9999 6376 6327 6280 6298 6320 6398 6481 6545 6632 6694 6751 6777 6837 6915 6956 6963 6988 7069 7329 7482 7762 8330 8545 8643 8570 8404 8137 7999 7967 7971 8019 8128 8245 8370 8510 8687 8799 8618 8810 9335 9391 9706 10005 10268 10498 10686 10816 10887 10910 10917
-9999 -9999 -9999 -9999 -9999 -9999 -9999 -9999 -9999 -9999 -9999 -9999 -9999 -9999 -9999 -9999 -9999 -9999 -9999 -9999 -9999 -9999 -9999 -9999 -9999 -9999 -9999 -9999 -9999 -9999 -9999 6283 6165 6159 6176 6231 6330 6439 6491 6551 6621 6675 6724 6778 6841 6907 6907 6922 6975 7078 7213 7401 7584 8070 8359 8291 8140 7893 7811 7811 7844 7932 8060 8175 8287 8473 8722 9004 9169 9143 9449 9658 9953 10249 10502 10725 10910 11035 11089 11101 11041
-9999 -9999 -9999 -9999 -9999 -9999 -9999 -9999 -9999 -9999 -9999 -9999 -9999 -9999 -9999 -9999 -9999 -9999 -9999 -9999 -9999 -9999 -9999 -9999 -9999 -9999 -9999 -9999 -9999 -9999 6264 6110 6056 6052 6055 6144 6246 6327 6410 6471 6536 6629 6693 6719 6743 6833 6860 6881 6904 6927 6932 6976 7044 7811 7866 7804 7625 7547 7605 7682 7783 7956 8109 8211 8346 8516 8782 9135 9426 9642 9743 10008 10310 10572 10804 11006 11170 11282 11328 11302 11173
-9999 -9999 -9999 -9999 -9999 -9999 -9999 -9999 -9999 -9999 -9999 -9999 -9999 -9999 -9999 -9999 -9999 -9999 -9999 -9999 -9999 -9999 -9999 -9999 -9999 -9999 -9999 -9999 -9999 6293 6218 6016 5970 5957 5942 6081 6141 6211 6302 6400 6477 6579 6668 6699 6687 6787 6854 6847 6869 6862 6804 6777 6945 7336 7441 7453 6941 6798 7359 7567 7711 7949 8107 8273 8509 8751 8988 9309 9578 9846 10053 10274 10571 10874 11114 11307 11463 11571 11626 11587 11338
-9999 -9999 -9999 -9999 -9999 -9999 -9999 -9999 -9999 -9999 -9999 -9999 -9999 -9999 -9999 -9999 -9999 -9999 -9999 -9999 -9999 -9999 -9999 -9999 -9999 -9999 -9999 -9999 -9999 -9999 5901 5866 5872 5829 5816 6002 6066 6110 6191 6304 6416 6517 6617 6654 6660 6723 6835 6866 6857 6845 6759 6754 7153 7110 7031 6766 6662 6828 7045 7379 7564 7835 7970 8135 8314 8586 8888 9328 9621 9873 10157 10404 10694 11024 11303 11534 11721 11860 11944 11942 11713
-9999 -9999 -9999 -9999 -9999 -9999 -9999 -9999 -9999 -9999 -9999 -9999 -9999 -9999 -9999 -9999 -9999 -9999 -9999 -9999 -9999 -9999 -9999 -9999 -9999 -9999 -9999 -9999 -9999 -9999 5786 5749 5730 5680 5669 5919 5993 6014 6033 6051 6293 6445 6557 6649 6663 6685 6796 6833 6850 6823 6744 6816 7017 6970 6869 6703 6598 6702 6840 7159 7374 7441 7553 7685 7828 8389 8700 9049 9377 9666 10003 10304 10630 10982 11292 11584 11844 12068 12228 12280 12130
-9999 -9999 -9999 -9999 -9999 -9999 -9999 -9999 -9999 -9999 -9999 -9999 -9999 -9999 -9999 -9999 -9999 -9999 -9999 -9999 -9999 -9999 -9999 -9999 -9999 -9999 -9999 -9999 -9999 -9999 -9999 5630 5606 5571 5582 5855 5916 5923 5920 5947 6159 6357 6523 6634 6679 6683 6731 6831 6845 6814 6747 6832 6942 6901 6755 6606 6502 6523 6599 6687 6789 7019 7280 7360 7512 7707 8034 8402 9072 9321 9641 9926 10285 10650 11047 11419 11777 12121 12375 12497 12479
-9999 -9999 -9999 -9999 -9999 -9999 -9999 -9999 -9999 -9999 -9999 -9999 -9999 -9999 -9999 -9999 -9999 -9999 -9999 -9999 -9999 -9999 -9999 -9999 -9999 -9999 -9999 -9999 -9999 -9999 -9999 5490 5453 5453 5511 5808 5860 5847 5842 5870 6079 6246 6440 6608 6705 6691 6720 6820 6864 6885 6784 6844 6923 6854 6676 6435 6440 6377 6395 6425 6470 6507 6632 6712 7226 7373 7605 7829 8170 8586 8894 9213 9709 10176 10594 11045 11532 11985 12320 12517 12610
-9999 -9999 -9999 -9999 -9999 -9999 -9999 -9999 -9999 -9999 -9999 -9999 -9999 -9999 -9999 -9999 -9999 -9999 -9999 -9999 -9999 -9999 -9999 -9999 -9999 -9999 -9999 -9999 -9999 -9999 5366 5376 5332 5350 5427 5748 5799 5797 5759 5790 6036 6173 6327 6532 6682 6717 6718 6819 6928 6940 6842 6829 6908 6813 6651 6465 6757 6290 6239 6193 6190 6208 6309 6482 6896 7122 7270 7402 7564 7948 8226 8582 8978 9423 9954 10548 11090 11597 11999 12235 12447
-9999 -9999 -9999 -9999 -9999 -9999 -9999 -9999 -9999 -9999 -9999 -9999 -9999 -9999 -9999 -9999 -9999 -9999 -9999 -9999 -9999 -9999 -9999 -9999 -9999 -9999 -9999 -9999 -9999 -9999 5337 5274 5247 5266 5349 5672 5703 5709 5685 5717 5997 6130 6226 6358 6613 6740 6740 6803 6935 6973 6850 6839 6917 6779 6636 6484 6408 6292 6685 6099 6142 6095 6183 6335 6656 6888 7063 7176 7260 7404 7634 7877 8193 8836 9386 9972 10530 10997 11400 11794 11955
-9999 -9999 -9999 -9999 -9999 -9999 -9999 -9999 -9999 -9999 -9999 -9999 -9999 -9999 -9999 -9999 -9999 -9999 -9999 -9999 -9999 -9999 -9999 -9999 -9999 -9999 -9999 -9999 -9999 -9999 -9999 5183 5174 5200 5273 5489 5509 5566 5590 5665 5967 6093 6180 6271 6498 6716 6816 6857 6978 7027 6901 6883 6907 6799 6677 6577 6480 6363 6168 6647 6653 6080 6105 6212 6428 6628 6832 6965 7064 7187 7343 7493 7723 8101 8598 9217 9882 10314 10676 11007 11311
-9999 -9999 -9999 -9999 -9999 -9999 -9999 -9999 -9999 -9999 -9999 -9999 -9999 -9999 -9999 -9999 -9999 -9999 -9999 -9999 -9999 -9999 -9999 -9999 -9999 -9999 -9999 -9999 -9999 -9999 5115 5125 5129 5152 5212 5358 5380 5427 5488 5573 5945 6066 6146 6232 6445 6666 6825 6923 7023 7079 7003 6943 6921 6820 6720 6635 6541 6457 6318 6231 6134 6016 5998 5976 6047 6349 6629 6773 6917 7070 7197 7284 7374 7521 7638 8125 9019 9513 9793 10114 10450
-9999 -9999 -9999 -9999 -9999 -9999 -9999 -9999 -9999 -9999 -9999 -9999 -9999 -9999 -9999 -9999 -9999 -9999 -9999 -9999 -9999 -9999 -9999 -9999 -9999 -9999 -9999 -9999 -9999 5100 5096 5086 5091 5108 5170 5256 5287 5325 5429 5744 5904 5999 6092 6194 6433 6635 6824 6975 7072 7135 7114 7061 6982 6883 6781 6665 6583 6490 6377 6254 6148 6048 5963 5902 5922 6174 6406 6523 6676 6884 7009 7070 7069 7058 7126 7245 7902 8387 8707 9095 9469
-9999 -9999 -9999 -9999 -9999 -9999 -9999 -9999 -9999 -9999 -9999 -9999 -9999 -9999 -9999 -9999 -9999 -9999 -9999 -9999 -9999 -9999 -9999 -9999 -9999 -9999 -9999 -9999 -9999 5076 5063 5054 5056 5088 5131 5191 5211 5251 5352 5687 5815 5897 5990 6148 6411 6640 6839 7008 7111 7197 7200 7163 7069 6942 6793 6650 6520 6412 6318 6237 6166 6069 5947 5856 5832 6251 6048 6066 6010 6627 6648 6710 6695 6673 6686 6912 7201 7411 7660 8141 8223
-9999 -9999 -9999 -9999 -9999 -9999 -9999 -9999 -9999 -9999 -9999 -9999 -9999 -9999 -9999 -9999 -9999 -9999 -9999 -9999 -9999 -9999 -9999 -9999 -9999 -9999 -9999 -9999 -9999 5051 5030 5027 5029 5050 5102 5127 5159 5197 5283 5551 5685 5767 5865 6117 6375 6618 6846 7026 7156 7238 7258 7225 7108 6950 6751 6567 6421 6304 6213 6144 6107 6038 5960 5872 5803 5769 5774 5818 5829 5810 5950 6008 6237 6359 6499 6739 6911 7038 7162 7277 7369
-9999 -9999 -9999 -9999 -9999 -9999 -9999 -9999 -9999 -9999 -9999 -9999 -9999 -9999 -9999 -9999 -9999 -9999 -9999 -9999 -9999 -9999 -9999 -9999 -9999 -9999 -9999 -9999 -9999 -9999 5007 5005 5009 5023 5059 5088 5118 5151 5221 5425 5525 5613 5720 6018 6264 6539 6803 7016 7160 7248 7276 7225 7103 6909 6653 6436 6283 6168 6082 6030 5992 5969 5898 5832 5748 5644 5596 5624 6053 5608 5685 5790 5958 6093 6252 6443 6544 6662 6626 6630 6710
-9999 -9999 -9999 -9999 -9999 -9999 -9999 -9999 -9999 -9999 -9999 -9999 -9999 -9999 -9999 -9999 -9999 -9999 -9999 -9999 -9999 -9999 -9999 -9999 -9999 -9999 -9999 -9999 -9999 -9999 4990 4991 4993 5007 5032 5056 5082 5108 5160 5292 5348 5433 5560 5880 6115 6380 6681 6927 7080 7182 7208 7152 7008 6768 6474 6231 6090 5995 5936 5900 5874 5841 5784 5711 5637 5547 5495 5462 5471 5483 5886 5635 5760 5886 6017 6138 6166 6235 6233 6224 6251
-9999 -9999 -9999 -9999 -9999 -9999 -9999 -9999 -9999 -9999 -9999 -9999 -9999 -9999 -9999 -9999 -9999 -9999 -9999 -9999 -9999 -9999 -9999 -9999 -9999 -9999 -9999 -9999 -9999 4981 4983 4981 4986 4997 5017 5033 5052 5071 5120 5187 5216 5275 5369 5710 5925 6179 6452 6730 6872 6961 6976 6874 6705 6470 6180 5965 5851 5801 5772 5757 5733 5675 5581 5512 5459 5419 5405 5378 5365 5372 5449 5527 5591 5674 5755 5816 5836 5851 5858 5856 5847
-9999 -9999 -9999 -9999 -9999 -9999 -9999 -9999 -9999 -9999 -9999 -9999 -9999 -9999 -9999 -9999 -9999 -9999 -9999 -9999 -9999 -9999 -9999 -9999 -9999 -9999 -9999 -9999 4985 4981 4976 4977 4982 4995 5009 5022 5032 5052 5079 5108 5118 5148 5222 5521 5709 5940 6186 6413 6504 6546 6486 6319 6159 5973 5778 5645 5582 5585 5585 5588 5576 5518 5463 5425 5382 5342 5322 5304 5298 5305 5367 5755 5493 5477 5504 5528 5544 5560 5581 5586 5573
