Data/ppt/PRISM_ppt_pr_1963-1995_normal_450mM1_01_asc.asc
ncols 557
nrows 164
xllcorner -67.31875000000
yllcorner 17.86875000000
cellsize 0.00416666667
NODATA_value -9999
[rows 72 to 107 of 164, columns 324 to 404 of 557]
7960 7904 7714 7553 7419 7326 7247 7223 7261 7331 7456 7633 7940 8564 8963 9624 10438 10749 11322 12029 12861 13690 14354 14491 15544 16372 16483 16939 16870 17997 18329 20178 22481 24972 23513 22787 21918 20342 19290 20173 20273 20361 18981 18690 19980 22804 22209 22181 20593 19701 18486 17414 16174 15036 14159 13650 13541 13589 13259 12735 12404 12008 11630 11605 11803 12292 12698 13134 13557 13763 13007 12125 11128 10355 9495 8699 7819 7605 7472 7370 7360
8163 8132 8023 7769 7615 7459 7358 7289 7264 7218 7207 7265 7377 7564 8221 8769 9340 9418 10089 10676 11152 11566 12002 12981 13603 13770 14746 14872 15144 15497 16585 16999 18959 21379 23403 23773 22977 21498 20237 20722 19990 18472 16580 15794 16232 17758 19347 19853 18774 17396 16604 15735 14425 13591 13148 12790 12704 12815 12586 12275 11505 11068 10809 10793 10967 11459 11835 12600 13236 13334 12828 12034 11133 10152 9504 8593 7732 7578 7466 7397 7371
8387 8359 8283 8146 7964 7677 7532 7447 7369 7299 7197 7151 7141 7218 7659 8092 8463 8550 9083 9383 9824 10241 10739 11172 11565 11896 12574 12965 13570 14462 15643 15937 17558 19918 22259 23957 23394 22507 20569 20889 20176 17413 15349 14218 13967 14603 15294 15782 15992 15480 14566 14009 12938 12691 12241 12001 11971 12099 11920 11660 11106 10707 10492 10365 10384 10664 11275 11919 12513 12964 12285 11494 10618 9643 8769 7772 7668 7587 7517 7431 7380
8602 8605 8510 8362 8184 7944 7737 7633 7578 7541 7360 7179 7092 7088 7200 7418 7682 7973 8226 8640 8978 9248 9609 9968 10317 10613 11286 11636 12143 12902 13788 14660 15772 16985 18981 20552 22052 23579 22073 21488 18998 16575 14528 13188 12688 12833 12963 13057 13072 13158 13443 12701 12402 12059 11661 11453 11423 11458 11390 11169 10805 10524 10255 9933 9938 10154 10571 11143 11660 12085 11465 10772 9925 8973 8317 7753 7634 7594 7516 7428 7375
8666 8658 8603 8503 8383 8162 8048 7982 7888 7726 7489 7273 7140 7113 7174 7332 7554 7792 7980 8143 8277 8459 8706 9021 9495 9748 10497 10841 11320 11964 12639 13242 14301 15605 16390 17615 19007 20473 20372 19344 17362 15350 13572 12365 11735 11792 11670 11579 11522 11634 12065 11968 11859 11600 11312 11096 11008 10996 10959 10809 10607 10363 10111 9891 9785 9813 10042 10453 10850 11145 10638 9940 9167 8452 7785 7665 7624 7587 7503 7412 7344
8627 8624 8609 8599 8528 8449 8366 8259 8046 7822 7604 7401 7278 7229 7261 7348 7506 7693 7846 7969 8069 8238 8476 8743 9037 9309 9648 10044 10528 11356 11888 12396 13328 14237 15398 15559 16454 17405 17477 16847 15350 13861 12515 11552 10860 10850 10750 10646 10616 10659 11532 11370 11343 11220 11016 10810 10660 10597 10557 10474 10313 10016 9925 9840 9645 9505 9617 9642 9941 10169 9921 9211 8406 7784 7678 7678 7612 7559 7474 7376 7292
8561 8594 8648 8650 8651 8601 8564 8503 8190 7950 7747 7541 7448 7402 7386 7421 7518 7676 7831 7962 8067 8228 8451 8708 8993 9312 9667 10075 10595 11127 11553 12000 12695 13340 13881 14604 14947 14910 15038 14635 13612 12553 11572 10680 9881 9967 9902 9805 9881 10270 10747 10626 10755 10738 10637 10490 10341 10248 10185 10063 9669 9686 9661 9581 9336 9108 9017 9060 9285 9408 9201 8358 8185 7966 7709 7778 7635 7521 7427 7344 7282
8421 8491 8558 8648 8684 8704 8690 8613 8341 8111 7915 7709 7647 7605 7555 7543 7607 7745 7911 8053 8166 8326 8538 8772 9034 9372 9761 10187 10686 11238 11619 11933 12270 12628 12945 13226 13328 13182 13336 13135 12440 11616 10787 9900 9353 9253 9215 9165 9295 9669 10091 9869 10064 10178 10156 10049 9984 9863 9802 9235 9230 9425 9282 9149 8921 8735 8701 8746 8827 8730 8352 8079 8015 7887 7674 7667 7573 7487 7403 7324 7274
8279 8383 8507 8613 8717 8784 8786 8704 8519 8248 8070 7896 7843 7802 7741 7716 7768 7894 8071 8206 8310 8441 8640 8871 9111 9431 9825 10265 10758 11251 11687 12052 12331 12468 12532 12435 12487 12335 12317 12234 11475 10648 9821 9506 9090 8997 8932 8828 8865 8880 9261 9358 9491 9585 9577 9419 9517 9211 8847 8832 8828 8880 8846 8750 8588 8464 8439 8463 8496 8447 8195 7985 7958 7869 7714 7647 7556 7472 7385 7327 7277
7892 8010 8339 8521 8719 8839 8873 8831 8701 8123 8081 8000 7981 7945 7900 7890 7951 8084 8252 8398 8486 8572 8717 8929 9155 9460 9823 10289 10811 11314 11710 12188 12598 12721 12701 12337 12209 11853 11527 11412 10844 10412 9754 9521 9082 8941 8825 8702 8924 9053 9086 9032 9058 9099 9103 9050 9045 8368 8430 8516 8576 8628 8633 8543 8401 8298 8270 8285 8321 8295 8054 7897 7870 7830 7729 7611 7548 7480 7398 7330 7294
7434 7496 7655 7927 8646 8827 8956 8936 8914 8911 8212 8097 8057 8028 8012 8039 8128 8260 8413 8581 8667 8733 8841 9018 9233 9534 9908 10384 10941 11717 11956 12222 12638 13023 13040 12754 12475 11947 11558 11311 10946 10587 10410 10080 9297 9070 9045 9122 9315 9210 9023 8902 8827 8789 8766 8700 8092 8131 8195 8359 8502 8594 8630 8563 8413 8281 8203 8197 8202 8192 7931 7744 7637 7724 7670 7561 7522 7447 7402 7331 7293
7298 7330 7479 7748 8269 8484 8907 8948 8940 8623 8288 8165 8086 8053 8072 8135 8254 8400 8552 8744 8839 8911 9006 9156 9353 9646 10033 10524 11016 11563 11997 12263 12585 13066 13172 12805 12414 12081 11675 11457 11172 10587 10199 9806 9104 9009 9188 9377 9498 9337 9093 8884 8741 8648 8505 8019 7978 8016 8125 8321 8535 8692 8780 8748 8597 8381 8207 8094 7982 7901 7758 7634 7542 7704 7690 7609 7536 7476 7390 7338 7294
7239 7260 7361 7582 7896 8332 8593 8707 8920 8660 8371 8210 8102 8057 8093 8187 8319 8480 8642 8834 8965 9060 9160 9311 9502 9788 10178 10670 11187 11649 12018 12366 13069 13228 13272 12695 12115 11769 11327 11269 10834 10349 9951 9596 9375 9374 9537 9682 9644 9414 9147 8908 8645 8497 7968 7885 7909 7990 8128 8325 8564 8766 8903 8911 8777 8507 8191 7967 7828 7734 7646 7553 7509 7714 7709 7630 7494 7421 7400 7344 7303
7257 7242 7318 7480 7723 8020 8381 8535 8683 8611 8416 8251 8129 8076 8115 8212 8363 8525 8683 8869 9036 9165 9297 9439 9613 9863 10252 10749 11309 11768 12133 12532 13028 13175 13032 12392 11660 11234 10984 10765 9968 9534 9242 9189 9260 9364 9752 9703 9527 9293 9071 8806 8141 8029 7875 7857 7882 7927 8078 8293 8484 8685 8828 8858 8740 8469 8130 7896 7742 7649 7605 7566 7669 -9999 7717 7654 7475 7414 7394 7352 7309
7307 7276 7327 7437 7636 7870 8126 8311 8434 8474 8384 8280 8176 8124 8155 8251 8391 8558 8721 8894 9098 9257 9403 9543 9705 9945 10306 10735 11351 11848 12311 12816 13143 13099 12594 12057 11263 10782 10439 10209 9490 9225 8736 8683 9032 9160 9489 9411 9227 9066 8838 8422 8048 7897 7841 7820 7822 7835 7998 8288 8291 8423 8549 8594 8527 8337 8062 7839 7681 7636 7598 7523 -9999 -9999 -9999 -9999 7429 7423 7410 -9999 7315
7344 7351 7378 7475 7638 7850 8065 8243 8370 8421 8393 8324 8240 8197 8223 8302 8432 8586 8754 8937 9135 9328 9483 9625 9806 10047 10347 10681 11269 11810 12601 12885 13136 12862 12099 11205 10774 10289 9876 9598 9260 8344 8448 8653 8918 9009 9215 9085 8911 8728 8320 8045 7904 7837 7783 7773 7763 7744 7831 7965 7981 8093 8183 8231 8221 8142 7967 7789 7663 -9999 -9999 -9999 -9999 -9999 -9999 -9999 -9999 -9999 -9999 -9999 -9999
7451 7455 7509 7611 7776 7985 8197 8369 8481 8519 8492 8415 8343 8305 8323 8387 8497 8644 8831 9000 9188 9392 9566 9715 9891 10097 10316 10546 11052 11500 12242 12444 12636 12359 11819 11333 10690 10103 9641 9291 8996 8720 8279 8711 8838 8780 8700 8769 8623 8223 7958 7876 7830 7837 7753 7734 7714 7666 7701 7765 7789 7820 7895 7962 8004 7989 7877 7744 7661 -9999 -9999 -9999 -9999 -9999 -9999 -9999 -9999 -9999 -9999 -9999 -9999
7533 7631 7720 7880 8081 8347 8579 8743 8832 8827 8711 8600 8505 8461 8470 8530 8629 8770 8942 9116 9281 9476 9628 9770 9911 10095 10265 10457 10860 11239 11993 12128 12118 11932 11601 11479 10755 10103 9626 9304 9087 8961 8823 8873 8804 8672 8490 8316 8210 7959 7839 7813 7819 7931 7760 7706 7693 7625 7638 7696 7703 7740 7781 7853 7900 7894 7816 7705 -9999 -9999 -9999 -9999 -9999 -9999 -9999 -9999 -9999 -9999 -9999 -9999 -9999
7529 7834 8012 8255 8531 9002 9348 9478 9523 9487 9104 8896 8748 8658 8652 8715 8815 8966 9130 9290 9421 9551 9687 9809 9933 10065 10222 10352 10624 11126 11588 11789 11739 11532 11316 11265 10691 10016 9569 9425 9304 9248 9220 9131 8934 8704 8396 7646 7861 7846 7804 7771 7740 7784 7708 7710 7691 7621 -9999 -9999 -9999 -9999 7779 7808 7858 7880 7847 -9999 -9999 -9999 -9999 -9999 -9999 -9999 -9999 -9999 -9999 -9999 -9999 -9999 -9999
7749 8194 8401 8664 8993 9589 9829 10003 10062 9991 9808 9336 9094 8936 8897 8958 9060 9208 9351 9478 9561 9658 9777 9876 9960 10057 10134 10189 10222 10294 10914 11111 11145 11043 11027 10979 10320 9981 9354 9789 9861 9790 9760 9561 9206 8760 7962 7714 7666 7775 7790 7751 7728 7718 7717 7721 7702 7635 -9999 -9999 -9999 -9999 -9999 -9999 -9999 7864 -9999 -9999 -9999 -9999 -9999 -9999 -9999 -9999 -9999 -9999 -9999 -9999 -9999 -9999 -9999
8127 8582 8822 9059 9648 9929 10195 10445 10551 10490 10291 10033 9507 9297 9220 9263 9365 9514 9660 9750 9754 9819 9906 9959 10012 10055 10062 9997 9911 9919 10074 10249 10324 10386 10628 10779 10632 10168 9926 10042 10238 10212 10133 9851 9390 8674 8173 7802 7659 7782 7790 7754 7731 7728 7725 7737 7737 -9999 -9999 -9999 -9999 -9999 -9999 -9999 -9999 -9999 -9999 -9999 -9999 -9999 -9999 -9999 -9999 -9999 -9999 -9999 -9999 -9999 -9999 -9999 -9999
8594 8713 9198 9438 9769 10124 10428 10740 10922 10929 10761 10479 10264 9741 9629 9641 9777 9984 10203 10210 10006 10028 10008 10055 10074 10082 10026 9943 9808 9759 9761 9788 9821 9917 9803 9995 10139 10077 10261 10362 10335 10271 10185 9853 9363 8803 8365 8022 7729 7785 7779 7748 7735 7733 7738 7743 -9999 -9999 -9999 -9999 -9999 -9999 -9999 -9999 -9999 -9999 -9999 -9999 -9999 -9999 -9999 -9999 -9999 -9999 -9999 -9999 -9999 -9999 -9999 -9999 -9999
9111 9107 9254 9687 9919 10252 10575 10923 11210 11315 11234 10963 10631 10236 10057 10046 10362 10396 10445 10427 10344 10397 10208 10129 10123 10087 10024 9923 9793 9662 9582 9539 9533 9537 9514 9606 9696 9519 9949 10048 9980 9914 9809 9473 9103 8695 8356 8130 7927 7835 7775 7748 7751 7742 7746 -9999 -9999 -9999 -9999 -9999 -9999 -9999 -9999 -9999 -9999 -9999 -9999 -9999 -9999 -9999 -9999 -9999 -9999 -9999 -9999 -9999 -9999 -9999 -9999 -9999 -9999
9541 9518 9565 9908 10125 10382 10741 11109 11439 11593 11555 11345 11013 10795 10633 10619 10673 10659 10656 10598 10517 10520 10439 10286 10195 10079 9999 9929 9779 9611 9492 9432 9380 9358 9350 9399 9450 9433 9540 9474 9377 9301 9138 8963 8747 8499 8292 8180 8049 7875 7820 7757 7749 7752 -9999 -9999 -9999 -9999 -9999 -9999 -9999 -9999 -9999 -9999 -9999 -9999 -9999 -9999 -9999 -9999 -9999 -9999 -9999 -9999 -9999 -9999 -9999 -9999 -9999 -9999 -9999
9889 9853 9856 10033 10367 10716 10998 11316 11624 11814 11827 11702 11415 11133 10980 10922 10880 10847 10832 10760 10633 10563 10559 10573 10627 10184 10034 9923 9764 9574 9454 9392 9370 9327 9325 9308 9348 9294 9101 8962 8874 8825 8694 8557 8440 8296 8166 8151 8087 7998 7957 7817 -9999 -9999 -9999 -9999 -9999 -9999 -9999 -9999 -9999 -9999 -9999 -9999 -9999 -9999 -9999 -9999 -9999 -9999 -9999 -9999 -9999 -9999 -9999 -9999 -9999 -9999 -9999 -9999 -9999
10205 10159 10169 10279 10562 10981 11243 11514 11808 12023 12047 11950 11683 11352 11190 11097 11023 10966 10924 10863 10750 10638 10611 10652 10679 10191 10040 9938 9754 9567 9439 9387 9363 9351 9315 9292 9310 9206 8756 8609 8599 8552 8416 8310 8248 8142 8062 8089 8067 8022 8022 -9999 -9999 -9999 -9999 -9999 -9999 -9999 -9999 -9999 -9999 -9999 -9999 -9999 -9999 -9999 -9999 -9999 -9999 -9999 -9999 -9999 -9999 -9999 -9999 -9999 -9999 -9999 -9999 -9999 -9999
10540 10486 10497 10627 10899 11214 11467 11723 11977 12146 12175 12074 11853 11548 11375 11273 11183 11080 10999 10924 10825 10719 10630 10662 10688 10224 10077 9953 9782 9600 9461 9409 9385 9374 9340 9302 9237 8957 8596 8480 8506 8444 8294 8212 8141 8049 7996 8057 8045 7961 8004 -9999 -9999 -9999 -9999 -9999 -9999 -9999 -9999 -9999 -9999 -9999 -9999 -9999 -9999 -9999 -9999 -9999 -9999 -9999 -9999 -9999 -9999 -9999 -9999 -9999 -9999 -9999 -9999 -9999 -9999
10888 10841 10830 10950 11198 11405 11618 11867 12099 12205 12213 12116 11917 11693 11565 11461 11391 11283 11144 11036 10931 10816 10708 10703 10803 10614 10238 10016 9857 9695 9519 9450 9484 9459 9410 9329 9228 8902 8595 8488 8493 8389 8272 8180 8075 7960 7925 8011 7967 7800 -9999 -9999 -9999 -9999 -9999 -9999 -9999 -9999 -9999 -9999 -9999 -9999 -9999 -9999 -9999 -9999 -9999 -9999 -9999 -9999 -9999 -9999 -9999 -9999 -9999 -9999 -9999 -9999 -9999 -9999 -9999
11169 11153 11140 11220 11423 11605 11795 12017 12181 12237 12183 12062 11895 11743 11635 11543 11443 11367 11254 11143 11038 10910 10793 10774 10935 11012 10594 10210 10024 9812 9614 9617 9698 9635 9497 9403 9256 8967 8733 8602 8453 8307 8207 8034 7874 7800 7766 7849 7866 -9999 -9999 -9999 -9999 -9999 -9999 -9999 -9999 -9999 -9999 -9999 -9999 -9999 -9999 -9999 -9999 -9999 -9999 -9999 -9999 -9999 -9999 -9999 -9999 -9999 -9999 -9999 -9999 -9999 -9999 -9999 -9999
11341 11358 11367 11435 11600 11757 11931 12111 12245 12249 12156 11995 11853 11742 11600 11471 11377 11356 11285 11196 11070 10953 10839 10811 10900 10930 10782 10662 10406 10028 9923 10178 10011 9720 9527 9449 9386 9205 8997 8784 8526 8354 8241 8068 7891 7795 7743 7773 7800 -9999 -9999 -9999 -9999 -9999 -9999 -9999 -9999 -9999 -9999 -9999 -9999 -9999 -9999 -9999 -9999 -9999 -9999 -9999 -9999 -9999 -9999 -9999 -9999 -9999 -9999 -9999 -9999 -9999 -9999 -9999 -9999
11451 11485 11512 11588 11705 11856 11985 12134 12251 12262 12134 11971 11833 11699 11481 11297 11278 11293 11271 11161 11052 10934 10897 10852 10930 10950 10943 10882 10254 10105 10147 10275 9652 9541 9526 9556 9548 9431 9173 8874 8596 8417 8288 8125 7955 7828 7731 7777 -9999 -9999 -9999 -9999 -9999 -9999 -9999 -9999 -9999 -9999 -9999 -9999 -9999 -9999 -9999 -9999 -9999 -9999 -9999 -9999 -9999 -9999 -9999 -9999 -9999 -9999 -9999 -9999 -9999 -9999 -9999 -9999 -9999
11530 11573 11622 11683 11775 11880 11978 12080 12177 12193 12090 11920 11768 11640 11390 11245 11260 11285 11209 11121 11017 11004 11029 11021 11049 11043 10937 10683 10372 10283 10301 10171 9765 9542 9563 9636 9668 9544 9222 8907 8662 8478 8343 8172 8001 7854 7773 7892 -9999 -9999 -9999 -9999 -9999 -9999 -9999 -9999 -9999 -9999 -9999 -9999 -9999 -9999 -9999 -9999 -9999 -9999 -9999 -9999 -9999 -9999 -9999 -9999 -9999 -9999 -9999 -9999 -9999 -9999 -9999 -9999 -9999
11592 11651 11695 11736 11786 11869 11948 12004 12056 12086 12013 11845 11683 11549 11438 11295 11267 11198 11149 11076 11090 11083 11132 11096 11084 10947 10713 10498 10357 10204 9630 9804 9699 9643 9638 9671 9704 9547 9188 8900 8672 8503 8344 8176 8017 7857 7751 7785 7729 -9999 -9999 -9999 -9999 -9999 -9999 -9999 -9999 -9999 -9999 -9999 -9999 -9999 -9999 -9999 -9999 -9999 -9999 -9999 -9999 -9999 -9999 -9999 -9999 -9999 -9999 -9999 -9999 -9999 -9999 -9999 -9999
11656 11705 11736 11739 11752 11816 11877 11922 11923 11921 11890 11771 11576 11490 11402 11301 11216 11161 11108 11114 11097 11128 11106 11075 10943 10704 10470 10320 10208 10327 10152 9671 9472 9548 9578 9622 9592 9381 9061 8826 8631 8444 8256 8129 8001 7856 7775 7755 -9999 -9999 -9999 -9999 -9999 -9999 -9999 -9999 -9999 -9999 -9999 -9999 -9999 -9999 -9999 -9999 -9999 -9999 -9999 -9999 -9999 -9999 -9999 -9999 -9999 -9999 -9999 -9999 -9999 -9999 -9999 -9999 -9999
11674 11741 11758 11748 11728 11742 11782 11782 11738 11726 11696 11600 11449 11327 11221 11121 11060 11019 11039 11052 11035 11031 10999 10894 10654 10487 10290 10126 10019 10243 10026 9660 9405 9478 9564 9560 9420 9151 8919 8736 8566 8379 8181 8078 7978 7855 7789 -9999 -9999 -9999 -9999 -9999 -9999 -9999 -9999 -9999 -9999 -9999 -9999 -9999 -9999 -9999 -9999 -9999 -9999 -9999 -9999 -9999 -9999 -9999 -9999 -9999 -9999 -9999 -9999 -9999 -9999 -9999 -9999 -9999 -9999
11700 11749 11777 11773 11753 11726 11682 11643 11571 11513 11484 11378 11290 11162 11031 10917 10842 10824 10868 10917 10849 10818 10727 10445 10264 10181 10019 9989 9908 9900 9654 9588 9484 9540 9550 9496 9250 9045 8870 8694 8518 8311 8147 8059 7962 7866 -9999 -9999 -9999 -9999 -9999 -9999 -9999 -9999 -9999 -9999 -9999 -9999 -9999 -9999 -9999 -9999 -9999 -9999 -9999 -9999 -9999 -9999 -9999 -9999 -9999 -9999 -9999 -9999 -9999 -9999 -9999 -9999 -9999 -9999 -9999
