Data/ppt/PRISM_ppt_pr_1963-1995_normal_450mM1_01_asc.asc
ncols 557
nrows 164
xllcorner -67.31875000000
yllcorner 17.86875000000
cellsize 0.00416666667
NODATA_value -9999
[rows 36 to 71 of 164, columns 0 to 80 of 557]
-9999 -9999 -9999 -9999 -9999 -9999 -9999 -9999 -9999 -9999 -9999 -9999 -9999 -9999 -9999 -9999 -9999 -9999 -9999 -9999 -9999 -9999 -9999 -9999 -9999 -9999 4132 4184 4213 4270 4312 4350 4393 4433 4458 4471 4475 4489 4531 4593 4679 4765 4831 4873 4910 4931 5171 5259 5095 5271 5615 5617 5598 5660 5762 5785 5956 5736 5705 6175 5980 5892 6058 6087 6182 6281 6272 6226 6234 6221 6195 6189 6183 6165 6197 6602 6802 7362 7352 7351 7300
-9999 -9999 -9999 -9999 -9999 -9999 -9999 -9999 -9999 -9999 -9999 -9999 -9999 -9999 -9999 -9999 -9999 -9999 -9999 -9999 -9999 -9999 -9999 -9999 4091 4126 4170 4228 4264 4313 4349 4411 4468 4508 4526 4518 4505 4500 4514 4546 4596 4645 4686 4722 4750 4784 4843 4789 4789 4824 4885 5039 4778 4831 4789 4912 5304 4844 5292 5230 5286 5364 5559 5432 5517 5763 5751 5783 5759 5816 5777 5842 5769 5728 5893 6070 6522 6598 7384 7372 7343
-9999 -9999 -9999 -9999 -9999 -9999 -9999 -9999 -9999 -9999 -9999 -9999 -9999 -9999 -9999 -9999 -9999 -9999 -9999 -9999 -9999 4078 4081 4099 4116 4162 4221 4272 4319 4369 4432 4503 4560 4590 4589 4565 4541 4521 4522 4538 4571 4605 4636 4664 4695 4706 4733 4713 4721 4739 4790 4889 4789 4751 4760 4789 4826 4775 4841 4841 4841 4816 4764 4938 5020 5106 5123 5152 5131 5411 5369 5449 5281 5268 5230 5424 5642 6072 6393 6717 6870
-9999 -9999 -9999 -9999 -9999 -9999 -9999 -9999 -9999 -9999 -9999 -9999 -9999 -9999 -9999 -9999 -9999 4108 4104 4104 4108 4100 4111 4126 4157 4205 4259 4314 4371 4435 4498 4572 4634 4661 4650 4622 4581 4555 4548 4561 4584 4615 4638 4667 4682 4696 4698 4703 4712 4718 4733 4777 4745 4752 4759 4742 4679 4662 4679 4694 4695 4667 4648 4684 4709 4730 4766 4877 4912 4946 4926 4925 4903 4939 4963 5069 5192 5380 5886 6053 6405
-9999 -9999 -9999 -9999 -9999 -9999 -9999 -9999 -9999 -9999 -9999 -9999 -9999 4157 4164 4173 4164 4142 4133 4140 4149 4160 4165 4191 4223 4266 4301 4364 4428 4484 4554 4625 4692 4724 4717 4677 4637 4602 4596 4605 4633 4657 4686 4690 4699 4699 4700 4702 4711 4721 4728 4745 4753 4757 4767 4717 4626 4591 4596 4590 4593 4575 4567 4577 4589 4604 4624 4658 4684 4755 4787 4765 4746 4768 4775 4793 4807 5056 5300 5504 5472
-9999 -9999 -9999 -9999 -9999 -9999 -9999 -9999 -9999 -9999 -9999 -9999 4194 4211 4236 4241 4228 4216 4214 4225 4244 4264 4279 4297 4330 4350 4376 4433 4494 4547 4613 4687 4755 4789 4787 4754 4704 4674 4662 4675 4695 4705 4713 4720 4710 4712 4709 4716 4722 4714 4738 4749 4758 4761 4710 4626 4576 4565 4551 4539 4529 4523 4521 4527 4536 4546 4559 4583 4591 4640 4684 4700 4673 4691 4715 4730 4754 4865 5053 5216 5368
-9999 -9999 -9999 -9999 -9999 -9999 -9999 -9999 -9999 -9999 -9999 4248 4261 4326 4382 4400 4397 4391 4373 4367 4376 4406 4427 4441 4452 4460 4483 4537 4597 4641 4698 4764 4829 4870 4875 4845 4797 4765 4757 4757 4741 4728 4726 4723 4727 4725 4733 4731 4704 4693 4701 4753 4757 4725 4640 4573 4557 4547 4522 4510 4518 4508 4496 4499 4514 4515 4535 4547 4561 4575 4622 4635 4660 4692 4721 4725 4707 4758 4917 5026 5157
-9999 -9999 -9999 -9999 -9999 -9999 -9999 -9999 -9999 -9999 4234 4278 4381 4500 4614 4665 4672 4647 4597 4559 4548 4569 4594 4609 4606 4607 4634 4688 4743 4790 4830 4881 4935 4971 4976 4952 4913 4889 4867 4852 4799 4762 4735 4761 4742 4753 4741 4725 4692 4626 4602 4691 4708 4672 4589 4522 4502 4505 4482 4458 4517 4523 4475 4472 4506 4471 4477 4533 4516 4531 4564 4594 4630 4663 4698 4699 4692 4708 4800 4879 4997
-9999 -9999 -9999 -9999 -9999 -9999 -9999 -9999 -9999 4187 4233 4342 4512 4706 4870 4962 4989 4935 4848 4773 4738 4760 4788 4798 4790 4790 4826 4891 4944 4984 5010 5038 5065 5085 5079 5060 5038 5002 4982 4962 4877 4809 4802 4815 4799 4756 4749 4715 4659 4579 4425 4491 4518 4359 4457 4368 4299 4403 4383 4303 4472 4483 4376 4366 4457 4226 4225 4453 4414 4409 4471 4529 4555 4612 4633 4644 4648 4670 4693 4790 4925
-9999 -9999 -9999 -9999 -9999 -9999 -9999 -9999 4145 4177 4251 4378 4589 4836 5040 5147 5183 5159 5070 4973 4934 4964 4968 4985 4992 5007 5054 5113 5152 5184 5207 5210 5199 5187 5172 5153 5126 5100 5070 5034 4894 4785 4768 4803 4780 4774 4740 4712 4673 4611 4535 4462 4271 4253 4276 4235 4208 4208 4192 4161 4167 4154 4135 4132 4132 4104 4128 4270 4290 4288 4320 4386 4434 4532 4581 4606 4620 4613 4624 4730 4909
-9999 -9999 -9999 -9999 -9999 -9999 -9999 -9999 -9999 4197 4247 4360 4566 4815 5028 5183 5260 5263 5211 5155 5111 5123 5118 5158 5199 5216 5269 5349 5390 5398 5405 5377 5334 5287 5255 5220 5187 5144 5131 5057 4930 4820 4776 4772 4774 4756 4742 4709 4670 4622 4553 4372 4260 4247 4227 4218 4190 4176 4151 4131 4110 4094 4077 4071 4059 4061 4086 4191 4241 4248 4250 4289 4319 4453 4521 4548 4583 4594 4613 4725 4952
-9999 -9999 -9999 -9999 -9999 -9999 -9999 -9999 -9999 -9999 4241 4324 4468 4667 4881 5116 5224 5257 5265 5311 5340 5338 5316 5348 5409 5443 5511 5605 5644 5591 5554 5505 5441 5380 5293 5237 5181 5129 5111 4982 4892 4858 4809 4773 4767 4759 4737 4706 4635 4557 4432 4350 4304 4278 4262 4234 4218 4191 4165 4143 4123 4103 4086 4071 4059 4050 4050 4099 4180 4229 4234 4250 4270 4332 4390 4430 4510 4549 4588 4693 4970
-9999 -9999 -9999 -9999 -9999 -9999 -9999 -9999 -9999 -9999 4217 4288 4382 4503 4663 4861 4897 5058 5194 5320 5405 5465 5473 5503 5584 5648 5721 5788 5794 5716 5628 5558 5501 5414 5241 5175 5127 5080 5068 4907 4784 4772 4765 4766 4763 4749 4693 4647 4521 4468 4401 4362 4328 4301 4284 4269 4250 4227 4206 4182 4157 4139 4121 4101 4083 4069 4063 4066 4115 4201 4248 4267 4292 4325 4343 4367 4412 4463 4536 4637 4853
-9999 -9999 -9999 -9999 -9999 -9999 -9999 -9999 -9999 -9999 -9999 4285 4317 4389 4484 4575 4670 4808 5109 5264 5364 5509 5552 5610 5685 5777 5795 5692 5671 5648 5553 5488 5403 5184 5144 5129 5118 5028 4932 4830 4748 4729 4741 4744 4720 4685 4534 4511 4463 4438 4402 4369 4338 4314 4300 4293 4283 4273 4252 4238 4223 4200 4177 4154 4149 4130 4123 4139 4223 4273 4268 4287 4322 4338 4350 4357 4390 4441 4512 4569 4646
-9999 -9999 -9999 -9999 -9999 -9999 -9999 -9999 -9999 -9999 -9999 -9999 4285 4339 4395 4460 4552 4704 4912 5173 5308 5371 5425 5508 5519 5604 5691 5677 5679 5674 5536 5371 5152 5201 5291 5258 5164 4934 4861 4802 4750 4724 4706 4695 4636 4548 4483 4469 4454 4429 4402 4375 4353 4339 4330 4326 4324 4314 4309 4302 4292 4279 4252 4257 4297 4291 4282 4281 4327 4337 4348 4347 4362 4370 4366 4375 4400 4439 4453 4487 4528
-9999 -9999 -9999 -9999 -9999 -9999 -9999 -9999 -9999 -9999 -9999 -9999 4282 4309 4358 4385 4457 4577 4740 4968 5268 5264 5260 5348 5445 5582 5796 5853 5921 5917 5703 5363 5267 5304 5372 5335 5197 5147 4903 4815 4740 4702 4670 4646 4594 4534 4488 4474 4458 4442 4419 4401 4390 4383 4380 4376 4374 4373 4370 4368 4364 4353 4361 4388 4392 4369 4364 4371 4382 4409 4412 4410 4406 4395 4387 4388 4416 4395 4352 4381 4431
-9999 -9999 -9999 -9999 -9999 -9999 -9999 -9999 -9999 -9999 -9999 -9999 -9999 4321 4327 4330 4382 4479 4614 4797 5108 5342 5191 5266 5689 5697 5906 6033 6202 6239 5921 5619 5390 5464 5369 5323 4915 4900 4845 4792 4703 4662 4636 4628 4619 4568 4522 4495 4487 4479 4467 4456 4452 4452 4449 4446 4440 4441 4444 4443 4440 4447 4462 4472 4445 4434 4428 4428 4444 4451 4459 4452 4440 4428 4411 4419 4434 4416 4356 4362 4394
-9999 -9999 -9999 -9999 -9999 -9999 -9999 -9999 -9999 -9999 -9999 -9999 -9999 4324 4307 4314 4346 4409 4504 4598 4573 5122 4977 5083 5292 5725 5697 6031 6274 5965 6026 5775 5677 5643 4943 4984 4889 4859 4877 4874 4899 4709 4644 4634 4622 4594 4545 4509 4509 4514 4517 4518 4524 4527 4525 4521 4519 4517 4526 4529 4534 4530 4537 4517 4503 4486 4481 4477 4478 4486 4486 4481 4470 4457 4443 4428 4440 4420 4399 4396 4402
-9999 -9999 -9999 -9999 -9999 -9999 -9999 -9999 -9999 -9999 -9999 -9999 -9999 -9999 4287 4290 4345 4387 4435 4491 4503 4575 4603 4623 4654 4753 5367 5693 5812 5531 5636 5649 5784 5902 5863 4931 4925 4909 4952 4949 4954 4871 4682 4634 4627 4623 4586 4549 4515 4536 4556 4579 4594 4608 4602 4590 4588 4592 4601 4611 4609 4605 4588 4571 4553 4541 4523 4513 4513 4510 4510 4505 4499 4490 4479 4466 4457 4469 4463 4464 4456
-9999 -9999 -9999 -9999 -9999 -9999 -9999 -9999 -9999 -9999 -9999 -9999 -9999 -9999 -9999 4318 4367 4408 4438 4452 4463 4477 4497 4534 4562 4617 4679 5430 4867 5469 5526 5590 4958 4944 4924 4944 4991 4959 4940 4914 4891 4842 4654 4613 4620 4626 4626 4585 4529 4521 4557 4600 4648 4674 4687 4675 4660 4657 4657 4663 4668 4659 4642 4624 4609 4585 4567 4548 4538 4536 4533 4528 4524 4517 4510 4503 4497 4500 4511 4510 4512
-9999 -9999 -9999 -9999 -9999 -9999 -9999 -9999 -9999 -9999 -9999 -9999 -9999 -9999 -9999 4342 4399 4425 4444 4450 4455 4445 4460 4482 4498 4554 4651 4711 4769 4699 4844 4977 4947 5022 5005 4978 4942 4691 4645 4619 4605 4596 4556 4571 4574 4594 4602 4579 4510 4472 4504 4567 4634 4705 4741 4748 4731 4720 4699 4699 4699 4705 4690 4674 4648 4630 4601 4582 4567 4562 4561 4554 4547 4541 4535 4531 4537 4541 4547 4548 4557
-9999 -9999 -9999 -9999 -9999 -9999 -9999 -9999 -9999 -9999 -9999 -9999 -9999 -9999 -9999 -9999 4418 4434 4437 4449 4448 4450 4412 4380 4274 4348 4561 4485 4530 4687 4900 4816 4787 4853 4826 4847 4808 4556 4479 4430 4409 4413 4439 4476 4482 4505 4525 4539 4486 4413 4424 4488 4582 4667 4734 4758 4753 4740 4729 4711 4718 4719 4717 4696 4676 4648 4629 4604 4590 4584 4584 4579 4572 4564 4558 4560 4561 4571 4573 4580 4593
-9999 -9999 -9999 -9999 -9999 -9999 -9999 -9999 -9999 -9999 -9999 -9999 -9999 -9999 -9999 -9999 4428 4425 4428 4425 4455 4447 4352 4186 4197 4251 4315 4357 4431 4540 4611 4620 4605 4580 4491 4468 4385 4316 4259 4135 4120 4169 4239 4338 4352 4375 4399 4425 4393 4329 4352 4412 4503 4613 4705 4747 4747 4742 4723 4713 4707 4712 4705 4691 4663 4652 4630 4614 4588 4597 4599 4603 4600 4593 4586 4581 4585 4588 4597 4607 4624
-9999 -9999 -9999 -9999 -9999 -9999 -9999 -9999 -9999 -9999 -9999 -9999 -9999 -9999 -9999 -9999 -9999 4413 4373 4369 4359 4298 4282 4148 4135 4159 4159 4165 4194 4224 4257 4262 4252 4271 4117 4036 4082 4034 3959 3916 3883 3947 4032 4126 4191 4223 4253 4293 4287 4256 4280 4347 4440 4560 4674 4734 4742 4725 4703 4693 4693 4689 4681 4657 4625 4601 4593 4570 4561 4572 4598 4610 4621 4619 4616 4617 4619 4624 4631 4641 4652
-9999 -9999 -9999 -9999 -9999 -9999 -9999 -9999 -9999 -9999 -9999 -9999 -9999 -9999 -9999 -9999 -9999 -9999 4328 4279 4215 4033 4042 4040 4051 4076 4057 3949 3936 3924 3923 3920 3912 3891 3876 3818 3774 3753 3739 3743 3742 3780 3843 3903 3973 4025 4076 4129 4165 4176 4212 4289 4383 4494 4605 4675 4699 4685 4665 4651 4645 4645 4630 4597 4540 4509 4494 4492 4495 4527 4559 4593 4620 4636 4639 4648 4651 4657 4659 4668 4677
-9999 -9999 -9999 -9999 -9999 -9999 -9999 -9999 -9999 -9999 -9999 -9999 -9999 -9999 -9999 -9999 -9999 -9999 -9999 4199 3984 3937 3925 3913 3845 3848 3835 3798 3771 3729 3720 3707 3701 3696 3707 3750 3641 3617 3619 3629 3648 3682 3723 3764 3817 3879 3946 4006 4062 4091 4136 4230 4325 4423 4512 4579 4619 4617 4597 4578 4570 4565 4553 4519 4477 4437 4418 4416 4431 4470 4507 4550 4592 4619 4637 4648 4669 4671 4678 4680 4692
-9999 -9999 -9999 -9999 -9999 -9999 -9999 -9999 -9999 -9999 -9999 -9999 -9999 -9999 -9999 -9999 -9999 -9999 -9999 -9999 3933 3902 3860 3831 3746 3722 3705 3688 3671 3651 3634 3625 3599 3607 3633 3682 3579 3556 3559 3569 3593 3621 3650 3675 3714 3774 3847 3909 3959 3993 4032 4123 4222 4319 4398 4458 4500 4511 4499 4476 4465 4468 4457 4434 4407 4386 4362 4363 4391 4427 4470 4506 4538 4567 4588 4619 4643 4666 4669 4684 4687
-9999 -9999 -9999 -9999 -9999 -9999 -9999 -9999 -9999 -9999 -9999 -9999 -9999 -9999 -9999 -9999 -9999 -9999 -9999 -9999 -9999 3862 3815 3777 3700 3669 3642 3628 3618 3611 3636 3650 3566 3556 3573 3585 3556 3528 3533 3543 3561 3583 3607 3623 3654 3695 3754 3829 3886 3917 3953 4015 4095 4178 4260 4328 4376 4395 4388 4370 4364 4371 4367 4358 4351 4339 4337 4346 4376 4417 4451 4477 4498 4518 4538 4561 4594 4613 4636 4645 4657
-9999 -9999 -9999 -9999 -9999 -9999 -9999 -9999 -9999 -9999 -9999 -9999 -9999 -9999 -9999 -9999 -9999 -9999 -9999 -9999 -9999 -9999 -9999 -9999 -9999 -9999 3618 3606 3596 3608 3655 3733 3560 3533 3541 3566 3569 3536 3521 3530 3544 3565 3580 3597 3619 3652 3694 3759 3816 3857 3894 3948 4009 4067 4133 4198 4254 4281 4287 4283 4288 4304 4317 4324 4335 4346 4353 4375 4401 4430 4452 4468 4480 4493 4512 4531 4553 4582 4605 4629 4628
-9999 -9999 -9999 -9999 -9999 -9999 -9999 -9999 -9999 -9999 -9999 -9999 -9999 -9999 -9999 -9999 -9999 -9999 -9999 -9999 -9999 -9999 -9999 -9999 -9999 -9999 -9999 -9999 3584 3604 3662 3711 3568 3519 3526 3544 3560 3532 3517 3529 3543 3555 3571 3581 3601 3627 3655 3702 3762 3815 3858 3911 3963 4017 4067 4119 4161 4187 4208 4227 4251 4283 4309 4340 4367 4390 4414 4437 4461 4476 4483 4487 4491 4505 4515 4533 4555 4582 4625 4644 4664
-9999 -9999 -9999 -9999 -9999 -9999 -9999 -9999 -9999 -9999 -9999 -9999 -9999 -9999 -9999 -9999 -9999 -9999 -9999 -9999 -9999 -9999 -9999 -9999 -9999 -9999 -9999 -9999 3588 3629 3699 3726 3670 3542 3511 3520 3535 3520 3524 3530 3544 3556 3563 3574 3592 3615 3644 3684 3749 3804 3855 3907 3962 4014 4062 4102 4136 4160 4185 4218 4261 4300 4342 4383 4426 4462 4498 4535 4558 4567 4563 4558 4555 4547 4554 4563 4577 4612 4656 4704 4701
-9999 -9999 -9999 -9999 -9999 -9999 -9999 -9999 -9999 -9999 -9999 -9999 -9999 -9999 -9999 -9999 -9999 -9999 -9999 -9999 -9999 -9999 -9999 -9999 -9999 -9999 -9999 -9999 3587 3641 3693 3700 3661 3546 3506 3512 3514 3520 3516 3530 3541 3550 3560 3572 3590 3615 3648 3692 3758 3822 3881 3941 3999 4056 4101 4139 4169 4195 4220 4259 4301 4355 4405 4457 4506 4552 4597 4639 4668 4681 4686 4685 4668 4647 4630 4631 4656 4701 4765 4847 4834
-9999 -9999 -9999 -9999 -9999 -9999 -9999 -9999 -9999 -9999 -9999 -9999 -9999 -9999 -9999 -9999 -9999 -9999 -9999 -9999 -9999 -9999 -9999 -9999 -9999 -9999 -9999 -9999 -9999 3685 3695 3675 3651 3593 3538 3507 3511 3513 3518 3532 3545 3552 3560 3573 3593 3623 3663 3716 3784 3861 3936 4009 4071 4129 4175 4203 4233 4260 4290 4325 4374 4433 4492 4545 4594 4637 4683 4729 4768 4789 4799 4803 4790 4774 4762 4750 4819 4957 5023 5057 5062
-9999 -9999 -9999 -9999 -9999 -9999 -9999 -9999 -9999 -9999 -9999 -9999 -9999 -9999 -9999 -9999 -9999 -9999 -9999 -9999 -9999 -9999 -9999 -9999 -9999 -9999 -9999 -9999 -9999 3703 3677 3649 3633 3614 3574 3525 3506 3510 3517 3533 3549 3556 3562 3577 3600 3635 3683 3738 3815 3909 4014 4110 4181 4236 4273 4293 4307 4330 4362 4401 4451 4513 4575 4630 4673 4715 4751 4800 4845 4879 4896 4894 4902 4905 4911 4908 4984 5090 5148 5170 5185
-9999 -9999 -9999 -9999 -9999 -9999 -9999 -9999 -9999 -9999 -9999 -9999 -9999 -9999 -9999 -9999 -9999 -9999 -9999 -9999 -9999 -9999 -9999 -9999 -9999 -9999 -9999 -9999 -9999 -9999 3656 3637 3618 3607 3579 3520 3504 3509 3516 3535 3548 3564 3573 3587 3612 3651 3703 3766 3846 3957 4101 4213 4293 4347 4377 4383 4390 4402 4432 4477 4528 4581 4638 4691 4739 4776 4816 4857 4909 4959 4983 4996 5025 5029 5000 4995 5082 5181 5245 5265 5278
-9999 -9999 -9999 -9999 -9999 -9999 -9999 -9999 -9999 -9999 -9999 -9999 -9999 -9999 -9999 -9999 -9999 -9999 -9999 -9999 -9999 -9999 -9999 -9999 -9999 -9999 -9999 -9999 -9999 -9999 -9999 3624 3609 3597 3570 3519 3505 3513 3524 3538 3559 3573 3591 3607 3633 3674 3727 3795 3884 4009 4176 4309 4407 4468 4487 4481 4472 4474 4500 4545 4597 4645 4689 4732 4771 4813 4866 4918 4979 5046 5082 5095 5112 5073 5023 5020 5124 5233 5298 5340 5361
