Data/ppt/PRISM_ppt_pr_1963-1995_normal_450mM1_10_asc.asc
ncols 557
nrows 164
xllcorner -67.31875000000
yllcorner 17.86875000000
cellsize 0.00416666667
NODATA_value -9999
[rows 34 to 67 of 164, columns 77 to 153 of 557]
22557 22782 22970 23111 23124 23035 23170 22498 22299 22124 21580 21252 21103 21068 21088 21139 21259 21437 21543 21709 21724 21752 21757 21789 21870 21913 21885 21820 21634 21476 21377 21363 21447 21524 21505 21427 21250 21014 20864 20647 20503 20690 20999 20783 21639 21113 20783 20887 20862 20847 20919 20792 20815 20874 20754 20705 20553 20448 20252 20191 20139 20111 19885 19397 19028 18846 18740 18529 18418 18011 17491 18043 17011 16634 16868 17831 19241
23096 22773 22673 22782 22983 22572 22424 22156 22087 22022 21655 21483 21323 21259 21304 21369 21531 21678 21886 21950 22112 22183 22256 22356 22449 22522 22596 22546 22406 22234 22101 22010 21969 21926 21834 21671 21463 21351 21503 21413 21360 20398 21839 21782 21893 21595 21403 21218 20793 20939 21397 21474 21531 21733 22021 21794 21555 21378 21132 20996 21074 21094 21249 20656 19705 19628 19965 19857 19718 19420 18989 18922 18071 17421 17396 18180 19604
24267 23332 23063 22967 22823 21929 21748 21739 21765 21754 21731 21681 21627 21536 21631 21539 21589 21791 22027 22270 22332 22478 22599 22671 22823 22941 23077 23132 23042 22868 22629 22467 22372 22273 22128 21934 21714 21534 21531 21567 21919 21630 22153 22266 22352 22471 22732 22050 21869 22176 22375 22373 22355 22591 22953 22767 22534 22383 22581 22512 22503 22254 21979 21459 21002 20991 21290 21194 20924 20604 20333 20223 19237 18224 17974 18596 19729
25345 24475 24198 24072 23653 22620 21815 21752 21701 21610 21712 21859 21760 21862 22232 21845 21614 21616 21823 22211 22649 22664 22795 22993 23176 23311 23459 23490 23473 23405 23062 22770 22604 22484 22337 22313 22062 21935 21893 21804 21879 21898 22380 22540 22817 22852 22790 22613 22887 23306 23736 23734 23594 23739 23755 23568 23376 23335 23375 23331 23159 22837 22534 22326 21747 21664 21957 21978 21909 21735 21738 21381 20299 19078 18525 18815 19962
27118 25857 25492 25315 24189 23653 22735 22867 22235 21749 21854 22098 22058 22195 22577 22078 21690 21483 21515 21904 22887 22925 23041 23262 23533 23575 23674 23697 23634 23544 23258 22965 22770 22595 22695 22978 22609 22425 22520 22378 22261 22128 23358 23107 23193 23542 24027 23657 24280 24963 25213 25221 24875 24637 24447 24267 24084 24048 23974 23913 23650 23346 22911 22790 22621 22842 23058 23117 23127 23040 22848 22315 21310 20110 19180 19073 19866
27625 27007 26843 26601 25214 24951 24025 23274 22500 22060 21963 22063 22247 22453 22430 22035 21657 21447 21408 21581 22100 23185 23538 23765 23836 23759 23747 23702 23612 23525 23324 23113 22917 22889 23355 23785 23480 23166 23452 23249 23375 22654 23891 23600 23566 24275 24761 24917 25384 25879 25998 25878 25609 25335 25124 24930 24777 24666 24494 24315 24185 24047 23655 23294 23117 23281 23487 23646 23707 23715 23583 23148 22279 21096 19814 19296 19806
28812 28328 28089 27187 26492 26590 25837 24165 23393 23469 22917 22127 22138 22233 22106 21914 21653 21434 21393 21458 21712 22329 23223 23509 23673 23857 24028 23694 23616 23544 23515 23420 23145 23261 24065 24669 24404 24179 24472 24736 24348 23635 24434 24192 24074 24629 25667 26011 26325 26545 26525 26335 26082 25859 25633 25487 25341 25162 24948 24813 24681 24412 23909 23530 23389 23541 23813 24062 24192 24278 24228 23874 23110 21820 20400 19594 19971
30220 28937 28713 28390 28020 27788 27100 25228 24447 24375 23272 22474 22308 22307 22099 21943 21652 21528 21466 21535 21790 22102 22387 22776 23224 24090 25121 23711 23770 23597 23776 23990 23571 24553 24877 25124 25052 25029 25319 25474 25378 25324 25100 24799 24822 25229 25948 26542 26943 26997 26899 26679 26442 26238 26061 25871 25728 25574 25444 25289 25104 24655 24145 23777 23706 23886 24227 24548 24722 24849 24824 24492 23748 22455 21010 19918 20156
30473 30032 29805 29516 29017 28364 27715 27091 26206 24900 24162 23725 22912 22927 22452 22156 21826 21621 21626 21838 22250 22392 22339 22433 22643 23138 23462 23748 24903 23610 23563 24136 24262 24798 25025 25205 25487 25855 26155 26208 26087 25919 25530 25444 25461 25875 26399 27003 27284 27306 27154 26947 26775 26599 26382 26241 26082 25977 25872 25755 25463 25022 24533 24192 24113 24322 24682 25018 25190 25317 25282 24928 24120 22782 21401 20305 20541
30245 30090 29996 29618 29247 28512 27910 27270 26774 26206 25542 24974 24229 23400 22798 22435 21988 21793 21809 21968 22186 22328 22341 22454 22571 22919 23215 23595 24063 24508 24191 24291 23925 24555 24877 25406 25672 26089 26449 26549 26287 25853 25670 25989 26189 26674 27190 27539 27693 27581 27427 27263 27063 26902 26768 26607 26539 26442 26396 26245 25985 25583 25089 24717 24613 24796 25133 25426 25589 25718 25698 25366 24513 23235 21938 20899 20955
29865 30034 29916 29924 29557 28851 28132 27407 26863 26724 25766 25289 26090 24530 23826 23052 22395 22056 21999 22006 22132 22242 22463 22550 22649 22840 23191 23647 24077 24774 25478 25529 24377 24146 24208 25357 25532 25982 26211 26274 26231 25817 25862 26016 26524 27210 27794 28134 28200 28079 27865 27671 27503 27351 27203 27128 27030 26990 26935 26809 26561 26165 25674 25264 25088 25181 25474 25786 25988 26128 26205 25969 25195 24200 22914 21646 21562
29413 29842 30079 30063 29864 28916 28318 27671 26947 27356 26029 25473 25212 24799 24331 23814 23074 22506 22252 22229 22220 22432 22647 22893 23026 23155 23507 23935 24363 24933 25763 26437 25613 24760 24873 24462 24454 25565 25943 26085 26459 26144 26729 26448 27662 28247 28560 28747 28889 28784 28530 28291 28118 27942 27781 27629 27566 27520 27457 27297 27019 26615 26100 25666 25465 25516 25789 26144 26401 26561 26604 26515 26066 25214 23884 22786 22349
28856 29643 30040 30206 30052 29407 28859 28497 27425 27051 26177 25938 25893 25553 24938 24358 23590 22853 22640 22512 22577 22757 23031 23381 23767 24006 24308 24573 24887 25457 26422 27054 26931 26050 25728 25244 25144 24443 25939 26626 27173 27437 27673 27756 28271 28891 29278 29462 29569 29504 29261 28959 28706 28473 28278 28132 28030 27946 27817 27588 27283 26847 26374 25986 25818 25913 26196 26563 26831 26987 27028 26953 26668 25958 24803 23944 23201
28530 29382 30085 30202 30064 29581 29060 28536 27956 28143 26667 26355 26386 26258 25711 25279 24628 23292 23080 23002 23052 23305 23642 24186 24949 25256 25274 25370 25579 25914 26596 27715 28294 26851 27039 26047 26401 26306 26998 27246 27721 28117 28226 28358 28726 29324 29784 30038 30147 30040 29786 29445 29146 28907 28708 28537 28372 28209 27973 27714 27369 27005 26599 26329 26252 26412 26748 27092 27308 27375 27372 27325 27220 26853 26012 25091 24174
29000 29564 30069 30206 30169 29933 29311 29099 28668 28068 27373 26757 26467 26325 25992 25709 25308 24544 23867 23598 23633 23934 24468 25370 26037 26352 26316 26201 26258 26517 27082 28483 28985 28229 29054 27494 27408 27661 27888 28115 28761 28765 28619 28750 29011 29496 29994 30317 30480 30399 30135 29824 29525 29281 29075 28847 28615 28343 28064 27777 27503 27226 27012 26900 26966 27160 27443 27682 27788 27784 27731 27618 27600 27500 27017 26180 25140
29333 29722 29969 30202 30604 31047 29828 29754 29227 28359 27272 27092 26845 26731 26715 26330 25798 25180 24737 24371 24329 24625 25270 26169 26839 27186 27221 26987 26946 27103 27596 28815 29473 29743 30606 29208 28680 28552 28895 28844 29199 29141 29050 29047 29232 29582 29961 30401 30590 30567 30362 30064 29799 29571 29331 29078 28774 28467 28175 27932 27750 27641 27600 27673 27838 28032 28223 28352 28370 28373 28271 28019 28013 27857 27533 26850 25943
29475 29543 29601 29767 30066 30387 30175 30281 30154 29741 28340 28136 27559 27321 27605 27609 26267 25795 25656 25459 25138 25421 26167 26911 27483 27837 27867 27621 27443 27610 27957 28717 29761 31195 31458 31158 30301 29919 30313 30044 29825 29603 29448 29423 29498 29679 29991 30300 30590 30625 30497 30238 29981 29751 29518 29238 28928 28660 28432 28306 28220 28201 28281 28416 28624 28784 28905 28934 28915 28805 28710 28411 28410 28153 27683 26978 26313
29280 28851 29020 29306 29621 29892 30115 30332 30627 30471 29894 29352 28858 28258 28550 28797 28156 27473 27192 26338 25885 26236 26868 27526 28050 28353 28437 28205 27949 28028 28298 28653 29157 29725 31318 31514 31230 30907 30787 30515 30226 29985 29842 29771 29814 29924 30038 30326 30553 30681 30573 30377 30098 29832 29585 29337 29138 28977 28897 28872 28860 28858 28877 28991 29092 29227 29310 29394 29243 29085 28699 28581 28506 28079 27452 26336 25748
29380 28863 28921 29163 29399 29622 29837 30062 30449 30589 30367 29825 29823 29530 29385 29466 29315 28145 27954 27454 27429 27120 27522 28157 28641 28884 28965 28869 28572 28528 28680 28866 29188 29653 30710 31401 31569 31355 31120 30832 30589 30342 30186 30152 30198 30293 30387 30549 30735 30750 30662 30402 30069 29796 29551 29419 29366 29382 29439 29490 29521 29507 29492 29432 29415 29389 29394 29493 29387 29068 28626 28248 27917 27615 27106 26078 25370
29351 29113 29147 29202 29357 29526 29691 29919 30161 30569 30829 30877 30981 30316 29943 29733 29665 29272 29567 28622 28236 27877 28181 28673 29123 29340 29471 29513 29416 29211 29167 29255 29437 29826 30667 31668 31817 31629 31309 31109 30850 30637 30551 30578 30678 30762 30832 30915 30968 30918 30712 30383 30039 29691 29470 29446 29608 29743 29862 29985 30033 30062 30030 29937 29815 29617 29546 29436 29315 28908 28301 28139 27642 27155 26305 25547 25055
29628 29551 29556 29520 29537 29598 29744 29905 30117 30462 31065 31617 31488 30587 30358 30271 30124 29929 30051 29609 28923 28666 28818 29326 29488 29733 29877 30071 30070 29946 29801 29784 29892 30069 30482 31592 31818 31626 31477 31140 30972 30827 30911 31068 31128 31225 31297 31286 31223 31058 30801 30456 30038 29702 29491 29531 29763 29936 30080 30198 30418 30421 30446 30394 30132 29655 29353 29227 29051 28617 27433 26988 26770 26338 25804 25309 24899
29773 29835 29861 29832 29789 29859 29896 30003 30141 30380 30822 31429 32118 30719 31017 30742 30548 30371 30139 29982 29923 30090 29634 30885 30122 29974 30191 30357 30473 30421 30426 30550 30613 30724 30970 31484 31631 31635 31421 31121 30964 30947 31144 31350 31448 31532 31589 31635 31452 31216 30891 30528 30184 29894 29698 29743 29904 29993 30029 30260 30432 30533 30548 30597 30121 28523 27900 27886 27850 27516 26533 25952 26041 25440 25120 24845 24734
29954 29990 30000 29979 30040 29988 30073 30132 30232 30398 30626 31019 31530 31789 32386 31400 30993 30637 30568 30473 30595 30975 31159 31514 31225 30470 30460 30711 30561 30641 30741 30889 30974 31150 31373 31616 31711 31604 31393 31036 30830 30869 31137 31446 31597 31710 31858 31805 31740 31431 31093 30722 30331 30110 30022 30046 30148 30214 30299 30216 30334 30225 30252 30256 28866 27232 26573 26621 26320 26177 25222 24397 24630 24656 24616 24616 24455
30030 30032 30072 30118 30117 30174 30206 30278 30336 30461 30621 30823 31154 31542 32118 32313 31995 31136 31095 31049 31018 31135 31455 31611 31624 31320 31273 31240 30822 30645 30906 31137 31335 31577 31819 31878 31814 31596 31171 30650 30249 30350 30749 31255 31664 31911 31945 31986 31836 31679 31192 30782 30456 30342 30273 30270 30441 30515 30492 30343 30200 30076 29620 28919 27309 26705 25864 25563 24764 24262 22911 22785 24241 24395 24444 24360 24356
30007 30063 30113 30194 30249 30249 30281 30330 30409 30479 30605 30746 30860 31122 31475 32137 32119 31398 31758 31972 31770 31487 31528 31676 31645 31530 31376 31344 31100 30878 31134 31416 31760 32025 32213 32182 32026 31608 31073 30449 29949 30000 30529 31130 31526 31954 32044 31958 31837 31592 31096 30685 30551 30569 30544 30599 30648 30706 30659 30479 30376 29899 28785 26891 26391 25537 24112 23919 23774 23019 23935 23957 24180 24150 24144 24189 24186
30152 30177 30218 30260 30287 30273 30284 30331 30376 30440 30508 30605 30694 30799 31170 31750 32202 32314 32480 32493 31945 31585 31765 31870 31742 31593 31335 31238 31408 31388 31601 31850 32141 32372 32568 32572 32384 31980 31283 30450 29767 29719 30236 30841 31138 31656 31829 31724 31588 31418 30925 30651 30586 30733 30566 30598 30699 30806 30794 30771 30652 29732 28463 27565 26376 24671 23467 23033 23790 24434 24306 24123 24012 24000 24046 24071 24048
30188 30187 30221 30234 30254 30241 30238 30181 30331 30363 30416 30492 30545 30672 30926 31307 31704 32037 31923 31395 31704 32052 32310 32348 32104 31880 31562 31451 31578 31698 31909 32112 32518 32812 32854 32903 32698 32245 31446 30457 29779 29563 29959 30660 30753 31019 31090 31029 31134 31140 30835 30847 30676 30730 30484 30530 30822 31148 31292 31288 30910 30007 28706 27447 26177 24991 24783 24366 24175 24271 24167 24033 23999 24000 23904 23937 23680
30069 30093 30043 30100 30141 30004 29916 29980 29998 30232 30265 30360 30396 30691 30847 31004 31187 31595 31672 31490 31816 32256 32561 32749 32634 32524 32270 31953 31895 31916 32017 32438 32930 33250 33280 33181 32865 32359 31549 30595 29960 29798 29974 30704 30856 31452 32217 32258 31060 30666 30412 30972 30468 30467 30586 30927 31414 31541 31611 31444 30482 29765 28750 27466 26520 25311 25040 24734 24307 24126 23872 23909 24043 23832 23477 23439 22821
29808 29769 29894 29858 29785 29698 29640 29635 29670 29839 29923 29979 30160 30599 30967 31060 31255 31552 31749 31756 31859 32343 32688 32898 33020 32951 32727 32427 32173 32002 32150 32594 33109 33472 33542 33438 33052 32483 31722 30928 30398 30254 30547 31733 31407 31652 31804 32304 31128 31490 30535 30762 29758 30042 30722 31539 32029 30961 30706 30300 29743 28512 27941 26646 26040 25155 24992 24707 24618 24743 24078 24144 24545 24198 23727 23555 23012
28966 29154 29393 29491 29502 29316 29276 29119 29183 29183 29194 29046 29259 29802 30580 30847 31333 31629 31774 31764 31770 32222 32853 33144 33277 33283 33151 32888 32540 32279 32337 32867 33298 33568 33660 33579 33207 32699 31966 31443 31010 30967 30994 31429 31489 31990 31918 31984 31566 31478 31124 31508 31147 30643 30773 31136 30551 29771 29507 29075 28374 27352 26681 26121 25604 25156 25458 24933 24908 25084 25048 25187 25092 24950 24894 24933 23700
28500 28562 28773 28914 29035 29149 29215 29300 29269 28541 28708 28407 28688 29035 29371 29691 30987 31579 31852 32017 31923 32175 32940 33354 33521 33569 33495 33332 33093 32905 33095 33337 33506 33635 33695 33703 33546 33196 32455 31960 31495 31483 31497 31709 32162 32493 32484 32396 32459 32466 32608 32727 32590 32101 31577 30726 28912 29120 29048 28595 27193 26767 25678 25812 25865 25857 25843 25467 25219 25110 25105 25302 25476 25724 25443 25403 24781
28442 28446 28522 28709 28853 28986 29175 29331 29470 29200 29055 28024 28216 28338 28372 28588 29642 31174 31636 31887 32238 32398 32983 33222 33564 33688 33705 33652 33507 33422 33485 33537 33587 33682 33719 33716 33590 33368 32874 32629 32400 32349 31980 32210 32446 32393 32427 32557 32818 33241 33465 33499 33199 32028 31202 29440 28897 28356 27882 27219 26444 25855 24699 26321 26161 25918 25607 25257 25051 24933 24938 25066 25248 25543 26013 26353 25327
28555 28586 28772 28852 29022 29164 29263 29358 29060 28390 28956 28928 28867 28258 27808 27570 28421 29394 30517 31229 31902 32240 32520 32696 33294 33593 33712 33741 33700 33625 33648 33616 33686 33742 33778 33710 33570 33337 33232 33053 32840 32657 32200 32754 32766 32576 32434 32713 32873 33391 33863 33646 33678 34168 31887 31207 29564 28214 27515 26869 26430 26030 26123 26271 25689 25426 25223 25005 24899 24842 24865 24966 25122 25365 25843 26367 26475
28815 28963 29350 29422 29245 29306 29377 29079 28381 27908 28438 28356 28325 28139 28016 27806 27583 28316 29025 29802 30202 30484 30818 31450 32784 33105 33501 33597 33635 33652 33628 33660 33651 33760 33787 33752 33430 33296 33377 33055 33000 32469 32175 32389 32386 32472 32755 33084 32563 32557 33536 32662 32388 31887 31330 30351 28578 27908 27181 26552 26376 26158 26271 26068 25528 25221 25047 24915 24833 24809 24841 24928 25067 25273 25558 25867 26005
