Data/ppt/PRISM_ppt_pr_1963-1995_normal_450mM1_06_asc.asc
ncols 557
nrows 164
xllcorner -67.31875000000
yllcorner 17.86875000000
cellsize 0.00416666667
NODATA_value -9999
[rows 68 to 101 of 164, columns 154 to 230 of 557]
15465 14668 14229 13288 12762 12927 12923 12974 12763 12914 13104 13296 13439 13458 13318 13137 12944 12584 12341 12246 12071 12021 12068 11975 12002 11887 11667 11338 11217 11320 11407 11480 11526 11477 11340 11503 11350 11072 10912 10729 10589 10463 10559 10546 10665 10795 10835 10620 10247 10000 9807 9656 9563 9701 9964 10175 10498 11322 11491 12005 11998 12340 13127 13017 13536 14064 13632 13548 13607 13193 12979 13127 13366 13567 13523 13362 13102
14578 14515 14487 14095 13519 13232 13121 13145 12872 13000 13233 13405 13536 13489 13351 13126 12901 12555 12334 12186 12243 12197 12082 11598 11952 11870 11450 11309 11315 11398 11496 11566 11570 11515 11365 11313 11142 10991 10943 10819 10665 10448 10590 10472 10510 10558 10674 10469 10245 10074 9902 9809 9954 9711 9947 10043 10195 10528 11100 11339 11545 12223 12694 12560 13047 13184 13034 13063 13433 13296 13094 13358 13623 13868 13913 13850 13670
13588 13657 13848 13924 13734 13820 13598 13591 13197 13079 13322 13526 13540 13439 13275 13029 12738 12373 12150 12052 12364 12266 11949 11593 11644 11590 11503 11476 11444 11530 11624 11681 11680 11596 11435 11239 11081 10922 10854 10758 10654 10341 10556 10614 10687 10439 10531 10430 10312 10173 10003 9933 10401 9764 9931 10064 10191 10355 10436 10534 10871 11480 12244 12137 12350 12485 12531 12600 12572 12537 12808 13059 13173 13393 13652 14060 14109
13831 13468 13364 13329 13559 13274 13255 13279 12771 13398 13523 13620 13451 13138 13070 12891 12659 12352 12151 12142 12530 12217 12062 12388 12113 12021 11938 11838 11660 11635 11645 11717 11714 11632 11474 11272 11183 10948 10889 10843 10789 10463 10239 10431 10593 10491 10506 10427 10380 10257 10086 9924 9905 9900 9985 10244 10323 10267 9857 10382 10703 10955 11454 11643 11906 12202 12335 12336 12011 11972 12088 12386 12497 12749 12947 13825 14259
13870 13439 13181 13102 13136 12966 12752 12479 11962 12535 13193 13272 13878 12953 12800 12578 12431 12248 12233 12171 12311 12244 12275 12609 12487 12477 12329 12233 12102 12046 11927 11963 11876 11766 11554 11396 11700 10995 10882 10939 10832 10510 10286 10358 10426 10472 10490 10505 10483 10324 10153 9994 9903 9836 9669 9972 9809 9906 10304 10450 10683 10764 10958 11025 11647 11449 11761 11785 11613 11602 11677 11773 11877 12134 12363 13028 13772
13540 13239 12755 12655 12668 12614 12471 11960 11525 11751 11870 11603 11977 12817 12798 12233 12265 12289 12564 12321 12317 12626 12881 12867 12901 12836 12694 12680 12561 12510 12432 12288 12127 11956 11631 11374 11180 10934 10875 10934 10789 10620 10470 10427 10510 10541 10614 10667 10626 10432 10160 9976 9820 9678 9604 9811 9934 10269 10500 10545 10675 10778 10859 10895 10950 11010 11079 11024 10938 10823 10994 11335 11404 11442 11624 12305 12841
13052 12694 12463 12412 12425 12160 12001 11759 11416 11152 10988 11244 11469 11839 12356 11532 12517 12523 12258 12328 12412 12857 12867 13033 13122 13099 13100 13128 13049 12968 12776 12529 12370 11969 11441 11400 11104 10857 10685 10522 10443 10476 10481 10553 10606 10678 10750 10767 10740 10541 10116 9829 9622 9604 9653 9829 9935 10228 10665 10643 10794 11080 11062 11000 10971 10951 10912 10753 10701 10576 10577 10768 10765 10906 10970 11484 11913
12773 12406 11821 11695 12011 12144 11949 11778 11557 11381 10709 10503 10850 11193 11909 12070 13078 12752 12861 12672 12589 12364 12588 13032 13127 13244 13421 13507 13458 13289 12813 12148 12428 11859 11343 11193 10995 10817 10622 10476 10335 10360 10549 10654 10778 10827 10814 10796 10769 10604 10438 10230 9663 9634 9702 10142 10193 10345 11143 10751 11218 10873 11048 11105 11036 10976 10800 10395 10493 10415 10526 10700 10640 10641 10564 10666 11039
12479 12229 11857 11654 11637 12162 11933 11722 11216 10882 10609 10490 10617 10875 11205 11687 12280 12390 12590 12595 12707 12892 12773 12841 12906 13119 13389 13631 13760 13687 13503 13106 12517 11966 11214 11324 11036 10848 10676 10487 10279 10249 10549 10774 10870 10922 10737 10442 10630 10407 10051 10045 9830 9841 10074 10390 10561 10593 10774 11367 11380 11291 11239 11189 11092 11001 10763 10226 10323 10083 10341 10501 10568 10527 10396 10355 10415
12264 12101 11932 11778 11706 12247 11515 11253 10951 10660 10497 10348 10376 10597 10852 11276 11452 11624 11713 11530 11656 11781 11943 12133 12470 12863 13235 13664 13975 14118 14229 14065 13882 13545 12654 12292 11167 10942 10747 10656 10563 10522 10575 10805 11009 11176 11168 10792 10583 10313 10020 9906 9797 9808 9973 10678 10888 10732 10823 11444 11468 11490 11303 11277 11168 10983 10535 10236 10358 10372 10499 10599 10679 10723 10629 10435 10414
12236 12206 12133 12031 12682 11800 11367 11047 10780 10428 10228 10124 10168 10341 10458 10693 10738 10794 10863 10776 10813 10904 11098 11384 11911 12488 13125 13714 14047 14358 14701 14854 14871 14687 14073 13198 11727 11202 10904 10787 10779 10779 10795 10969 11117 11334 11329 10842 10580 10331 10091 9945 9870 9900 10069 10632 10954 11177 11331 11640 11540 11693 11351 11270 11141 10981 10723 10491 10512 10568 10623 10715 10742 10794 10795 10655 10662
12391 12614 12847 12948 12702 11872 11447 11055 10821 10543 10206 10014 10035 10144 10175 10250 10295 10337 10392 10497 10568 10664 10848 11140 11569 12153 12773 13406 13872 14319 14826 15217 15449 15408 14923 13953 13106 12181 11041 11042 11061 11000 11030 11171 11330 11485 11479 11143 10793 10526 10304 10114 10014 9992 10155 10311 10618 10809 11303 11645 10820 11280 11337 11290 11210 11106 10916 10836 10825 10848 10803 10800 10732 10911 10805 10817 10781
12438 13307 13258 12943 12621 12047 11658 11251 10935 10667 10361 10078 10081 10209 10198 10156 10151 10192 10291 10465 10612 10746 10967 11245 11606 12048 12484 13031 13624 14193 14884 15443 15847 15843 15551 14775 13735 12610 11835 11699 11880 11367 11381 11429 11498 11529 11488 11253 10932 10716 10518 10307 10095 9627 10091 10282 10535 10672 10909 11007 11127 11486 11828 11450 11312 11228 11166 11153 11077 11047 11060 11079 11134 11125 10492 10827 10848
13480 13435 13163 12850 12500 12236 11939 11594 11225 10858 10562 10328 10296 10270 10178 10135 10148 10254 10420 10664 10921 11165 11398 11635 11918 12198 12439 12750 13201 13837 14685 15435 15980 15846 15807 15076 14050 13020 11618 11946 12275 11968 11887 11652 11529 11401 11284 11123 10957 10840 10713 10527 10355 10190 10225 10269 10420 10666 10824 11010 11133 11612 11547 11438 11360 11317 11280 11210 11134 11156 11165 11227 11262 11316 11152 10607 10587
13697 13278 13058 12849 12650 12495 12163 11841 11507 11107 10714 10470 10388 10256 10201 10184 10270 10506 10864 11158 11528 11788 11989 12168 12370 12532 12635 12779 13078 13643 14467 15313 15957 15846 15517 15339 14374 13479 12299 11416 12513 12225 12043 11721 11493 11263 11112 11029 10966 10940 10873 10746 10560 10417 10231 9473 9598 10590 10853 11153 11366 11655 11512 11485 11451 11407 11345 11287 11228 11247 11332 11241 11277 11339 11316 11149 10899
13781 13023 13033 12947 12876 12692 12379 12033 11734 11397 10927 10640 10493 10374 10310 10351 10534 10888 11405 11942 12312 12493 12628 12766 12916 13029 13045 13055 13228 13655 14371 15222 15854 15782 15432 15204 14333 13632 12457 11978 12134 12016 11636 11662 11598 11309 11100 11012 11000 11019 10999 10920 10776 10596 10447 10163 10266 10880 10982 11302 11537 11544 11537 11629 11532 11478 11421 11310 11360 11407 11355 10983 10881 11048 11160 11013 10665
13885 13224 13125 13115 13000 12831 12600 12260 11947 11630 11225 10858 10661 10557 10551 10674 11044 11427 12034 12603 12997 13179 13287 13385 13488 13567 13520 13450 13549 13912 14484 15278 15998 16272 15525 14607 14495 13852 12717 12312 12004 11810 11601 11747 11755 11432 11169 11113 11134 11073 11145 11079 10908 10771 10598 10342 11054 11243 11328 11867 11944 11539 11815 12121 11749 11528 11464 11459 11592 11610 11254 11069 11104 11279 11352 11320 11496
13407 13238 13244 13214 13098 12926 12766 12493 12183 11840 11456 11075 10899 10874 10951 11115 11635 12125 12767 13284 13672 13858 13963 14047 14133 14130 14031 13919 13974 14326 14923 15508 16041 16338 16138 15155 14840 13684 12628 12115 11784 11471 12201 12080 12075 11805 11551 11463 11461 11240 11397 11337 11065 10899 10840 10825 11051 11764 11926 12139 12182 12089 11904 11990 11794 11536 11545 11696 11754 11843 11755 11790 11781 11750 11663 11430 11070
13332 13368 13315 13278 13203 13072 12947 12734 12440 12121 11810 11432 11312 11394 11708 12045 12444 12965 13565 14094 14415 14577 14707 14755 14838 14777 14647 14520 14545 14807 15299 15816 16265 16524 16429 15990 15408 13552 12049 12003 11561 12293 13006 12736 12367 12155 12231 12070 12150 11843 11918 11819 11451 11128 11030 11110 11462 11750 12214 12718 12723 12656 12201 11986 11849 11671 11825 11986 11993 12014 12023 12004 11929 11748 11617 11115 10700
13329 13380 13359 13346 13288 13246 13171 12986 12734 12499 12307 12175 12176 12303 12551 12933 13392 13973 14530 15007 15266 15455 15613 15680 15701 15585 15413 15255 15203 15358 15748 16221 16648 16861 16784 16381 15683 14829 12888 12461 12494 13105 13643 13098 13238 12553 12777 12805 13108 12475 12485 12190 11989 11456 11440 11348 11652 12048 12287 12920 13138 12924 12534 11943 11761 11611 11705 11930 12120 12114 12073 12022 11838 11053 11063 10970 10711
13304 13337 13350 13357 13405 13413 13378 13271 13051 12901 12823 12823 12908 13136 13456 13903 14584 15134 15469 15890 16195 16435 16556 16589 16584 16481 16245 15980 15826 15877 16180 16632 17049 17261 17176 16774 15858 14245 13432 13053 13009 13781 13865 13620 13937 13292 13602 13431 13925 13140 13122 12668 12381 12035 12211 12344 11717 11856 12057 12557 13149 13207 12861 12415 12034 11635 10981 11501 11635 11860 11923 11884 11853 11724 11461 10896 10721
13406 13441 13451 13501 13504 13535 13573 13488 13395 13357 13380 13472 13666 13962 14352 15074 15613 16073 16389 16814 17066 17227 17368 17474 17467 17318 17010 16664 16418 16366 16572 16966 17344 17510 17403 17047 16268 14830 14021 13883 13781 14401 14399 14254 14726 14268 14413 14254 14106 13337 13649 13320 12730 12653 12846 12934 12141 11977 12021 12090 12523 12635 12649 12774 12316 11845 11722 11625 11565 11552 11301 11189 11442 11594 11443 11069 10733
13612 13618 13628 13643 13654 13667 13681 13682 13655 13686 13817 14003 14296 14660 15094 15771 16236 16659 17024 17330 17578 17748 17962 18124 18130 17957 17606 17207 16905 16796 16920 17209 17479 17573 17413 17033 16392 15558 14661 14567 14587 14841 15051 14907 15362 15041 15095 14840 14842 13826 13962 13944 13220 13255 13143 13179 12801 12525 12368 12267 12403 12461 12432 12577 12346 12006 12251 11798 11676 11671 11736 11633 11261 11342 11212 10921 10660
13844 13833 13818 13824 13806 13804 13825 13810 13798 13911 14021 14271 14578 15013 15562 16067 16443 16781 17162 17503 17752 18006 18173 18386 18425 18270 17973 17610 17311 17170 17214 17371 17509 17503 17301 16922 16371 15791 15385 15347 15571 15692 15798 15579 15725 15789 15723 15435 15834 14944 14316 14074 13966 13598 13604 13817 13479 12942 12809 12532 12507 12744 12714 12707 12697 12674 12512 12289 12234 12100 11995 11899 11956 11527 11280 10462 10579
14079 14085 14026 14006 13969 13964 13984 13961 14014 14123 14293 14531 14838 15247 15662 16080 16364 16533 16777 17154 17497 17887 18104 18300 18387 18311 18100 17853 17628 17491 17456 17478 17469 17345 17092 16738 16305 15988 15913 15914 15937 15966 16059 16297 16262 16130 15773 15465 14785 14279 13882 13621 13656 13665 13480 13955 14029 13355 13859 13160 13229 13270 13112 12898 12896 12947 12894 12972 13002 12904 12650 12331 12146 11810 11436 11076 10954
14287 14268 14248 14178 14159 14130 14160 14090 14123 14284 14406 14718 14978 15185 15392 15664 15800 15856 15952 16168 16470 16845 17406 17727 17980 17999 17945 17862 17762 17668 17595 17507 17370 17156 16874 16587 16325 16194 16261 16099 15777 15521 15445 15476 15352 15205 14768 14539 14216 13834 13217 12971 13034 13216 13223 13403 13308 13105 13200 13174 13454 13558 13293 13593 13400 13389 13319 13365 13340 13328 13184 12763 12221 11578 11208 11170 11192
14459 14516 14452 14403 14257 14223 14226 14038 14057 14225 14377 14597 14647 14675 14782 14994 14948 15092 15295 15570 15978 16274 16391 16958 17324 17359 17496 17582 17618 17597 17529 17394 17205 16959 16766 16601 16523 16471 16382 15899 15102 14414 14269 14327 14342 14263 14077 13847 13544 13170 12823 12642 12708 12905 13050 13007 12598 12571 12896 12889 12282 12183 12555 13656 13605 13713 13740 13703 13506 13349 13063 12685 12075 11154 10560 11224 11411
14674 14734 14664 14473 14087 13883 13795 13728 13751 13909 14033 14263 14258 14275 14158 14334 14272 14361 14437 14689 14831 15172 15452 16230 16408 16545 16904 17069 17206 17268 17237 17124 16941 16796 16685 16652 16637 16522 16209 15292 14077 13388 13171 13302 13460 13524 13461 13305 13119 12861 12621 12501 12541 12716 12851 12935 12769 12400 12783 12909 12813 12887 12923 12114 12488 13340 13528 13500 13588 13689 13072 12720 12262 11326 11242 11482 11496
14645 14665 14573 14399 14007 13756 13653 13627 13580 13642 13730 13913 13816 13819 13268 13737 13823 13972 14049 14182 14292 14318 14182 14477 14779 15288 16136 16422 16638 16764 16798 16723 16597 16567 16530 16526 16488 16211 15570 14481 13303 12658 12693 12883 13037 13109 13056 12927 12787 12599 12431 12345 12376 12491 12638 12768 12832 12738 12850 12829 12824 12822 12883 12877 12559 12173 12192 11906 11788 11429 10875 10510 10822 10794 10937 10958 11186
14371 14259 14154 14044 13815 13648 13529 13440 13111 13010 13135 13209 13041 12844 12686 13164 13322 13585 13693 13725 13771 13689 13649 13765 13989 14371 14833 15876 16127 16236 16276 16258 16226 16247 16201 16143 16013 15674 14925 13850 12976 12598 12553 12638 12672 12652 12574 12487 12390 12277 12204 12175 12180 12251 12385 12582 12755 12834 12835 12800 12687 12614 12646 12761 12728 12440 12107 11479 11244 11010 10577 10083 9486 9823 9837 9979 10357
13971 13888 13863 13800 13680 13507 13421 13337 13037 12512 12726 12714 12456 12138 12046 12683 12953 13242 13402 13449 13448 13353 13323 13354 13478 13714 14215 14726 15246 15645 15825 15865 15824 15790 15688 15605 15372 14922 14215 13437 12882 12573 12440 12355 12291 12217 12139 12091 12070 12052 12053 12047 12038 12087 12210 12419 12632 12750 12775 12710 12603 12460 12486 12643 12781 12727 12223 11901 11487 11336 11235 10236 9701 9581 9491 9428 9567
13740 13605 13539 13536 13501 13451 13413 13394 13297 13087 12841 12623 12348 12142 12338 12565 12795 13023 13203 13334 13309 13205 13167 13136 13202 13409 13759 14065 14356 14661 14914 15016 14978 14913 14841 14751 14527 14182 13695 13196 12788 12487 12215 12038 11945 11888 11859 11859 11897 11961 11999 11989 11961 11981 12105 12225 12433 12599 12683 12679 12567 12454 12467 12577 12708 12779 12696 12538 11794 11601 11764 10900 9904 9668 9956 9509 9601
13689 13434 13322 13313 13369 13421 13459 13484 13443 13348 13146 12866 12434 12089 12511 12614 12901 12980 13195 13461 13377 13230 13091 12987 12983 13178 13432 13746 14019 14205 14315 14350 14298 14259 14220 14183 14057 13835 13446 13014 12618 12245 11947 11766 11687 11673 11710 11775 11894 11997 12041 11993 11913 11938 12019 12106 12232 12447 12593 12658 12664 12590 12611 12654 12683 12704 12688 12574 12289 11976 11668 11173 10527 10317 10191 10081 10063
13891 13509 13288 13250 13265 13347 13442 13510 13562 13532 13424 13211 12723 12181 12749 12476 12947 12998 13168 13538 13486 13248 13046 12879 12824 12974 13179 13441 13737 13872 13917 13816 13669 13619 13657 13665 13582 13394 13050 12676 12303 11952 11695 11539 11483 11539 11677 11826 11972 12098 12100 11994 11872 11872 11987 12031 12175 12412 12633 12769 12813 12843 12826 12807 12769 12715 12649 12568 12378 12092 11707 11446 11206 11073 10747 10537 10283
