Data/ppt/PRISM_ppt_pr_1963-1995_normal_450mM1_04_asc.asc
ncols 557
nrows 164
xllcorner -67.31875000000
yllcorner 17.86875000000
cellsize 0.00416666667
NODATA_value -9999
[rows 102 to 135 of 164, columns 156 to 233 of 557]
12855 12768 12772 13019 13212 13362 13526 13550 13557 13456 13098 12746 12987 11908 11957 11982 12606 13095 13224 12923 12596 12349 12161 12376 12735 13015 13353 13530 13532 13394 13239 13040 13113 13149 12925 12621 12269 11864 11506 10930 10150 10238 10275 10708 11210 12077 12362 12340 12087 11590 11172 11107 11459 11647 11930 12317 12698 12922 12963 12952 12920 12939 13020 13029 13083 13093 12910 12501 11973 11477 11201 11150 11199 10373 10180 9943 9794 9679
12877 12804 12652 12778 12845 13018 13189 13436 13508 13480 13196 12834 12837 12350 11964 11779 11973 12285 12585 12645 12528 12320 12154 12324 12741 13084 13319 13367 13217 12971 12838 12753 12840 12976 12496 11969 11588 11144 10525 9722 9265 9274 9648 9783 10427 11320 12089 12140 12023 11379 10913 11279 11657 11754 12455 13107 13421 13472 13402 13149 12910 13000 13230 13518 13631 13747 13505 12741 12263 11805 11445 11316 10927 10790 10733 10514 10336 9882
12772 12763 12493 12459 12312 12675 12909 13468 13635 13749 13708 13299 13009 12780 12170 11736 11701 11779 11937 12022 12047 11903 11878 12099 12470 12856 13099 13115 12755 12287 12046 12067 12093 12218 12156 11684 10969 10184 9362 8865 8537 8554 8969 9157 9552 10548 11377 11513 11408 11011 10757 11043 10796 11652 12601 13279 13650 13656 13511 13124 12801 12608 12782 12934 13187 14129 13997 13097 12486 11981 11359 11276 10954 10644 10651 10777 10135 9983
12413 12234 12064 12083 12474 12718 12955 13695 13768 13982 13963 13659 13377 13424 13049 12202 11763 11666 11700 11676 11599 11478 11478 11720 12032 12438 12735 12856 12070 11566 11229 11191 10966 10861 11472 11065 10179 9219 8555 8204 7856 7812 8162 8350 9104 9727 10523 10639 10507 10339 10562 10850 10750 10653 11860 12774 13016 13103 12860 12378 11991 11578 11581 11536 12041 12492 12450 12670 11943 11142 10491 10500 10121 9653 9591 9540 9441 9382
12387 12132 11862 11746 12159 12684 13088 13904 14708 14843 14649 14413 13449 13173 12821 12486 11905 11530 11431 11078 10714 10597 10593 10760 11071 11392 11747 11886 11649 11320 11025 11052 11126 11190 11149 10522 9530 8571 7773 7335 7180 7062 7338 8103 8422 8797 9738 9842 9866 9905 10011 10426 10862 11314 12494 13040 13603 12972 12384 11928 11406 10978 10965 11002 11266 11575 11656 11529 11195 10597 10158 10019 9559 9072 9019 9012 8970 8964
11995 11843 11848 12005 12069 12589 12780 12966 13370 13855 14032 13426 13124 13010 12634 11698 11143 10831 10641 10470 10074 9891 9869 9944 10190 10457 10752 11035 10930 11205 10997 11001 11151 11232 11166 10487 9428 8439 7441 6813 6327 6471 6785 7581 8003 8589 9140 9631 9871 9947 10082 10354 10919 11753 12545 13102 13596 13441 12752 12023 11246 10677 10727 10829 10980 11101 11101 10991 10660 10178 9660 9345 8758 8593 8468 8427 8435 8555
11811 11657 11682 11705 11528 11875 11935 11930 12148 12459 12671 12790 12742 12806 12656 12364 12052 11646 11049 10562 10216 9930 9852 9947 10121 10449 10990 11263 11236 11042 10769 10816 10970 11086 11281 10561 9422 8406 7472 6885 6201 6561 7343 8136 8731 9396 9459 10313 10431 10669 10474 10502 11251 11726 12403 13103 13353 13123 12628 12036 11448 10672 10620 10568 10647 10752 10661 10483 10153 9780 9354 9049 8541 8226 8008 7950 8009 8194
11117 10973 11193 11195 10868 10914 11317 11600 12053 12334 12384 12390 12472 12578 12505 12455 12262 11861 11211 10542 10025 9754 9664 9764 9905 10194 10626 10910 10910 10667 10410 10416 10594 10795 10679 10787 9704 8554 7559 6949 6505 7326 7945 8919 9698 10581 10960 11092 12011 12206 11692 11391 11377 11522 11819 12235 12316 12291 12069 11721 11426 11184 11028 10491 10366 10394 10287 10147 9703 9364 9018 8631 8298 7944 7659 7551 7612 7847
10339 10307 10044 10108 10284 10182 10840 11046 11706 12007 12135 12192 12290 12296 12292 12338 12264 11978 11438 10733 10081 9709 9528 9548 9570 9756 10151 10416 10317 10150 9908 9734 10119 10640 10817 10739 9751 8543 7638 6990 6767 7560 8521 9500 10540 11673 12639 12980 12777 13612 13706 12846 12175 11616 11472 11471 11253 11129 10903 11019 10978 10799 10742 10710 10444 10218 9725 9514 9256 9010 8653 8314 8009 7632 7307 7187 7255 7467
9168 9285 9353 9264 9678 9970 9935 10667 10980 11181 11376 11589 11503 11627 11750 11840 11766 11652 11586 11248 10481 9781 9441 9336 9208 9261 9508 9655 9578 9193 9017 9044 9669 10297 10863 10495 9517 8415 7499 6762 6772 7431 8377 9532 10764 12183 13615 14637 14298 14202 14453 14313 13159 12160 11227 10694 10323 10149 9970 10190 10323 10284 10444 10613 10438 10176 9822 9666 8675 8490 8218 7933 7619 7297 7014 6914 7033 7286
8944 8913 9038 9118 9289 10169 10270 10450 10577 10725 10909 11037 10973 11079 11333 11624 12357 12373 11782 11315 10582 9797 9339 9107 8885 8793 8596 8939 8771 8612 8504 8580 9355 9772 10064 9775 9005 8082 7144 6658 6648 7124 7907 8916 10097 11597 13233 14567 14680 14566 14470 14134 13614 12303 11142 10196 9576 9264 9072 9489 9597 9930 10369 10469 10358 9982 9487 9122 8670 8364 7821 7538 7263 6947 6776 6795 6989 7274
8800 8750 8797 8925 9748 9947 10035 10090 10147 10279 10490 10589 10530 10594 11086 11390 11782 11924 11676 11156 10239 9553 9084 8656 8375 8201 8183 8225 8182 8102 8077 8287 8627 9066 9225 9018 8309 7716 6959 6568 6564 6820 7536 8347 9258 10566 12057 13514 13881 14409 14384 13973 13429 12336 11005 9967 9116 8525 8345 8586 8746 9217 9650 9866 10237 9935 9333 8867 8322 7940 7647 7378 7080 6666 6637 6778 7097 7457
8778 8686 8800 9163 9390 9516 9567 9596 9641 9793 10044 10245 10235 10242 10329 10499 10756 10841 10630 10129 9273 8770 8457 8313 8086 7878 7662 7630 7598 7533 7617 7693 7893 8157 8262 8045 7741 7192 6738 6507 6551 6818 7330 8191 8789 9792 10821 11948 12561 12917 13155 12975 12501 11804 10563 9509 8657 8028 7492 7664 8182 8743 9223 9556 9697 9505 9032 8632 8068 7494 7142 6871 6716 6655 6809 6979 7523 8227
8832 8705 8783 9036 9169 9266 9319 9346 9434 9622 9817 9970 9898 9780 9656 9581 9568 9514 9198 8870 8522 8325 8174 8027 7790 7429 7230 7152 7105 7115 7095 7144 7271 7340 7441 7359 7113 6777 6516 6475 6606 6928 7466 8196 8746 9198 10007 10685 11441 11148 11422 11507 11390 11042 10068 9146 8181 7552 7096 7241 7640 8205 8734 9138 9336 9285 8892 8232 7556 7101 6674 6450 6421 6548 6936 7656 8274 8657
8673 8611 8685 8828 8939 9039 9128 9178 9271 9426 9531 9614 9551 9383 9200 9004 8817 8590 8278 8022 7925 7855 7819 7691 7368 7096 6871 6755 6707 6670 6658 6688 6719 6774 6804 6685 6547 6386 6324 6427 6687 7083 7574 8153 8530 8925 9275 9562 10151 10324 9996 10082 10193 10098 9376 8420 7715 7077 6902 6888 7134 7558 8051 8469 8761 8877 8633 8019 7323 6605 6179 6044 6170 6464 7051 7683 8474 9306
8467 8432 8501 8583 8660 8749 8835 8882 8934 9025 9116 9172 9165 9057 8879 8644 8356 8079 7758 7568 7462 7472 7465 7376 7175 6927 6585 6426 6343 6308 6303 6308 6322 6334 6308 6204 6080 6025 6083 6282 6622 7021 7391 7894 8114 8390 8631 8830 9111 9175 8959 8945 9199 9117 8537 8002 7423 6947 6717 6679 6816 7146 7536 7905 8149 8361 8239 7757 7056 6375 5953 5819 5955 6299 7092 8067 8906 9519
8294 8160 8127 8222 8302 8418 8513 8574 8603 8668 8733 8773 8791 8732 8508 8240 7898 7455 7102 6918 6851 6882 6918 6866 6726 6556 6359 6172 6084 6053 6050 6051 6051 6030 5974 5882 5778 5775 5867 6082 6393 6739 7010 7297 7574 7764 7943 8130 8253 8348 8251 8265 8343 8346 8165 7763 7176 6779 6537 6515 6625 6784 7044 7258 7478 7537 7411 7039 6517 6044 5715 5622 5793 6189 7163 7944 8835 9801
8134 7943 7858 7889 7907 7963 8219 8305 8305 8299 8292 8260 8265 8250 8132 7911 7560 7138 6795 6568 6467 6486 6540 6542 6472 6344 6159 6050 5945 5894 5877 5868 5869 5852 5790 5695 5609 5606 5668 5858 6122 6393 6626 6857 7072 7270 7449 7553 7622 7668 7718 7773 7908 7984 7896 7547 6994 6489 6287 6284 6471 6690 6899 7009 7057 7017 6805 6502 6123 5753 5498 5454 5687 6141 7081 7764 8296 9155
7960 7708 7624 7614 7620 7603 7894 8006 8023 7975 7889 7713 7671 7639 7581 7436 7167 6803 6456 6240 6175 6226 6313 6387 6384 6310 6178 6043 5876 5763 5728 5719 5742 5746 5705 5606 5510 5456 5445 5561 5790 6051 6277 6485 6689 6871 7001 7070 7127 7158 7202 7344 7555 7691 7636 7314 6682 6208 5957 5961 6235 6583 6849 6929 6860 6665 6437 6148 5819 5468 5298 5345 5664 6182 6901 7713 8424 8738
7913 7597 7451 7414 7586 7545 7598 7660 7684 7622 7492 7321 7168 6919 6887 6803 6594 6307 6065 5954 5973 6086 6216 6321 6344 6289 6176 6033 5842 5662 5597 5621 5673 5703 5666 5567 5432 5341 5325 5409 5580 5797 6012 6241 6446 6588 6668 6685 6693 6710 6816 7013 7241 7401 7373 7090 6468 6072 5804 5793 5987 6414 6699 6813 6673 6415 6123 5837 5532 5249 5175 5303 5711 6374 7317 8136 8686 8791
7878 7580 7390 7247 7129 6984 6981 7099 7158 7124 7026 6808 6674 6472 6386 6303 6019 5898 5779 5767 5865 6036 6198 6291 6308 6246 6125 5966 5787 5611 5540 5570 5637 5683 5636 5540 5406 5297 5289 5359 5493 5657 5838 6031 6220 6354 6394 6352 6306 6345 6482 6671 6918 7106 7096 6821 6330 5955 5725 5674 5755 5926 6353 6468 6397 6087 5815 5535 5312 5118 5092 5223 6104 6841 7396 8200 8710 8781
7879 7470 7209 7038 6877 6715 6681 6702 6849 6869 6759 6557 6168 5832 5639 5534 5685 5596 5587 5673 5837 6017 6161 6229 6232 6174 6040 5879 5705 5545 5465 5489 5563 5612 5563 5453 5347 5264 5271 5350 5459 5563 5696 5845 5997 6100 6114 6055 5986 6000 6131 6384 6646 6858 6837 6670 6317 5925 5681 5598 5615 5700 5872 5994 5928 5744 5491 5301 5149 5038 5069 5292 6174 7145 7748 8513 8813 8751
7916 7423 7081 6834 6647 6491 6487 6552 6716 6763 6674 6487 6001 5513 5238 5117 5108 5180 5426 5627 5828 5973 6056 6079 6039 5995 5868 5696 5539 5404 5330 5335 5380 5431 5408 5311 5233 5193 5231 5324 5405 5466 5522 5588 5697 5828 5831 5732 5685 5737 5849 6002 6218 6520 6638 6586 6241 5888 5640 5508 5482 5522 5585 5568 5507 5387 5225 5085 4990 4946 5025 5326 6278 6828 7356 7836 8113 8458
7949 7408 7015 6639 6378 6217 6224 6358 6570 6676 6565 6455 5887 5319 4967 4813 4837 4983 5247 5534 5769 5878 5886 5856 5716 5643 5544 5413 5309 5212 5158 5153 5173 5186 5181 5141 5099 5091 5145 5241 5322 5344 5354 5357 5386 5452 5464 5388 5364 5418 5539 5699 5946 6176 6387 6429 6140 5837 5565 5399 5341 5369 5396 5340 5223 5066 4938 4858 4811 4850 4939 5262 5769 6645 7228 7607 7736 7659
7966 7369 6947 6424 6021 5796 5723 5969 5844 5910 5852 5649 5617 5085 4689 4571 4636 4829 5126 5417 5568 5592 5529 5465 5382 5311 5238 5153 5101 5044 5011 5012 5004 4989 4979 4961 4944 4957 5015 5120 5186 5175 5142 5091 5068 5079 5083 5035 5030 5065 5180 5336 5497 5752 5944 6091 6032 5881 5466 5243 5177 5207 5232 5212 5119 4897 4750 4666 4624 4798 4906 5108 5496 6208 6709 7041 7230 7163
7775 7166 6712 5963 5437 5114 5059 5247 5537 5600 5126 4982 4940 4547 4405 4326 4430 4627 4914 5147 5219 5195 5103 5013 4982 4963 4954 4931 4911 4891 4880 4877 4866 4840 4825 4808 4806 4826 4864 4920 4951 4930 4883 4802 4750 4740 4723 4701 4672 4724 4813 4924 5088 5241 5435 5574 5625 5551 5322 5030 4968 5023 5050 5050 4997 4881 4794 4719 4656 4691 4754 4907 5150 5557 6069 6452 6629 6738
7726 7209 6628 5865 5194 4740 4541 4452 4835 4913 4827 4735 4174 4065 4014 4063 4199 4363 4595 4723 4781 4721 4679 4624 4618 4658 4683 4709 4698 4716 4738 4754 4749 4724 4710 4697 4690 4687 4680 4687 4671 4625 4566 4502 4446 4410 4401 4378 4358 4356 4417 4510 4612 4783 4896 5037 5063 5054 4976 4867 4774 4784 4818 4841 4800 4725 4663 4613 4592 4589 4621 4702 4845 5026 5412 5611 5886 6061
7643 7033 6580 5823 5105 4500 4252 4094 4018 3975 3928 3898 3833 3803 3796 3884 3957 4032 4136 4315 4292 4330 4327 4212 4246 4326 4403 4489 4536 4578 4621 4639 4636 4623 4616 4606 4589 4566 4513 4474 4432 4372 4289 4228 4183 4135 4123 4094 4072 4065 4095 4167 4247 4373 4467 4559 4622 4643 4630 4617 4609 4626 4644 4660 4628 4575 4531 4506 4496 4509 4520 4569 4634 4713 4834 5027 5189 5381
7433 6900 6032 5766 4794 4368 4065 3860 3751 3695 3657 3621 3618 3616 3637 3685 3781 3892 3963 4038 4078 4073 3956 3981 4035 4140 4229 4327 4410 4465 4513 4527 4519 4522 4521 4495 4462 4440 4382 4326 4268 4192 4108 4042 3984 3945 3918 3886 3866 3850 3856 3894 3949 4066 4168 4244 4301 4334 4363 4395 4440 4492 4514 4508 4482 4444 4419 4404 4411 4412 4421 4433 4457 4498 4574 4683 4810 4939
7056 6275 5419 5145 4207 3908 3676 3557 3475 3440 3438 3436 3474 3494 3532 3571 3635 3762 3836 3892 3933 3929 3860 3874 3920 4008 4100 4187 4288 4366 4409 4412 4388 4393 4401 4387 4367 4331 4277 4215 4143 4064 3989 3912 3847 3811 3777 3746 3714 3681 3678 3711 3762 3829 3924 3997 4064 4117 4162 4210 4272 4339 4367 4359 4353 4326 4314 4312 4319 4325 4317 4306 4309 4326 4370 4441 4544 4637
6078 5848 5125 4374 4074 3796 3590 3465 3395 3344 3331 3339 3361 3390 3438 3489 3548 3658 3734 3801 3867 3871 3829 3839 3879 3928 4016 4113 4177 4246 4270 4283 4284 4296 4302 4297 4279 4237 4180 4111 4020 3951 3890 3802 3736 3695 3662 3635 3599 3561 3555 3574 3623 3684 3766 3820 3879 3941 4000 4048 4094 4144 4185 4206 4231 4215 4211 4201 4204 4203 4191 4176 4167 4155 4169 4211 4280 4359
5781 5105 4393 4151 3888 3661 3505 3398 3329 3276 3269 3276 3309 3326 3363 3410 3468 3562 3627 3713 3793 3831 3859 3828 3871 3932 4014 4074 4059 4082 4130 4175 4199 4214 4218 4204 4176 4162 4080 4009 3855 3763 3704 3632 3585 3554 3529 3505 3474 3455 3463 3484 3536 3588 3648 3701 3766 3817 3882 3929 3970 4013 4055 4085 4114 4124 4130 4124 4116 4117 4105 4088 4075 4049 4045 4057 4099 4157
5074 4374 4125 3901 3698 3529 3421 3342 3282 3244 3223 3240 3268 3293 3307 3345 3369 3405 3441 3495 3564 3636 3697 3760 3846 3916 3981 4048 4059 4036 4034 4074 4100 4113 4147 4130 4118 4102 3913 3855 3776 3704 3637 3584 3545 3509 3482 3452 3427 3419 3422 3440 3466 3510 3563 3617 3672 3722 3782 3839 3892 3937 3983 4015 4039 4061 4074 4064 4059 4051 4034 4016 3988 3960 3953 3962 3996 4031
4314 4065 3844 3660 3512 3407 3332 3290 3259 3230 3217 3214 3245 3256 3270 3301 3331 3358 3388 3440 3500 3573 3640 3719 3806 3881 3931 3991 4054 4081 3984 3971 4014 4037 4091 4106 4078 4045 3852 3768 3719 3667 3599 3553 3518 3485 3455 3428 3410 3397 3399 3405 3421 3451 3502 3543 3594 3645 3706 3766 3834 3882 3930 3965 3988 4009 4007 4005 3990 3977 3950 3924 3901 3878 3874 3876 3888 3904
