Data/ppt/PRISM_ppt_pr_1963-1995_normal_450mM1_12_asc.asc
ncols 557
nrows 164
xllcorner -67.31875000000
yllcorner 17.86875000000
cellsize 0.00416666667
NODATA_value -9999
[rows 0 to 34 of 164, columns 158 to 236 of 557]
-9999 -9999 -9999 -9999 -9999 -9999 -9999 -9999 -9999 -9999 -9999 -9999 -9999 -9999 -9999 -9999 -9999 -9999 -9999 -9999 -9999 -9999 -9999 -9999 -9999 -9999 -9999 -9999 -9999 -9999 -9999 -9999 -9999 -9999 -9999 -9999 -9999 -9999 -9999 -9999 -9999 -9999 -9999 -9999 -9999 -9999 -9999 -9999 -9999 -9999 -9999 -9999 -9999 -9999 -9999 -9999 -9999 -9999 -9999 -9999 -9999 -9999 -9999 -9999 -9999 -9999 -9999 -9999 -9999 -9999 -9999 -9999 -9999 -9999 -9999 -9999 -9999 -9999 -9999
-9999 -9999 -9999 -9999 -9999 -9999 -9999 -9999 -9999 -9999 -9999 -9999 -9999 -9999 -9999 -9999 -9999 -9999 -9999 -9999 -9999 -9999 -9999 -9999 -9999 -9999 -9999 -9999 -9999 -9999 -9999 -9999 -9999 -9999 -9999 -9999 -9999 -9999 -9999 -9999 -9999 -9999 -9999 -9999 -9999 -9999 -9999 -9999 -9999 -9999 -9999 -9999 -9999 -9999 -9999 -9999 -9999 -9999 -9999 -9999 -9999 -9999 -9999 -9999 -9999 -9999 -9999 -9999 -9999 -9999 -9999 -9999 -9999 -9999 -9999 -9999 -9999 -9999 -9999
-9999 -9999 -9999 -9999 -9999 -9999 -9999 -9999 -9999 -9999 -9999 -9999 -9999 -9999 -9999 -9999 -9999 -9999 -9999 -9999 -9999 -9999 -9999 -9999 -9999 -9999 -9999 -9999 -9999 -9999 -9999 -9999 -9999 -9999 -9999 -9999 -9999 -9999 -9999 -9999 -9999 -9999 -9999 -9999 -9999 -9999 -9999 -9999 -9999 -9999 -9999 -9999 -9999 -9999 -9999 -9999 -9999 -9999 -9999 -9999 -9999 -9999 -9999 -9999 -9999 -9999 -9999 -9999 -9999 -9999 -9999 -9999 -9999 -9999 -9999 -9999 -9999 -9999 -9999
-9999 -9999 -9999 -9999 -9999 -9999 -9999 -9999 -9999 -9999 -9999 -9999 -9999 -9999 -9999 -9999 -9999 -9999 -9999 -9999 -9999 -9999 -9999 -9999 -9999 -9999 -9999 -9999 -9999 -9999 -9999 -9999 -9999 -9999 -9999 -9999 -9999 -9999 -9999 -9999 -9999 -9999 -9999 -9999 -9999 -9999 -9999 -9999 -9999 -9999 -9999 -9999 -9999 -9999 -9999 -9999 -9999 -9999 -9999 -9999 -9999 -9999 -9999 -9999 -9999 -9999 -9999 -9999 -9999 -9999 -9999 -9999 -9999 -9999 -9999 -9999 -9999 -9999 -9999
-9999 -9999 -9999 -9999 -9999 -9999 -9999 -9999 -9999 -9999 -9999 -9999 -9999 -9999 -9999 -9999 -9999 -9999 -9999 -9999 -9999 -9999 -9999 -9999 -9999 -9999 -9999 -9999 -9999 -9999 -9999 -9999 -9999 -9999 -9999 -9999 -9999 -9999 -9999 -9999 -9999 -9999 -9999 -9999 -9999 -9999 -9999 -9999 -9999 -9999 -9999 -9999 -9999 -9999 -9999 -9999 -9999 -9999 -9999 -9999 -9999 -9999 -9999 -9999 -9999 -9999 -9999 -9999 -9999 -9999 -9999 -9999 -9999 -9999 -9999 -9999 -9999 -9999 -9999
-9999 -9999 -9999 -9999 -9999 -9999 -9999 -9999 -9999 -9999 -9999 -9999 -9999 -9999 -9999 -9999 -9999 -9999 -9999 -9999 -9999 -9999 -9999 -9999 -9999 -9999 -9999 -9999 -9999 -9999 -9999 -9999 -9999 -9999 -9999 -9999 -9999 -9999 -9999 -9999 -9999 -9999 -9999 -9999 -9999 -9999 -9999 -9999 -9999 -9999 -9999 -9999 -9999 -9999 -9999 -9999 -9999 -9999 -9999 -9999 -9999 -9999 -9999 -9999 -9999 -9999 -9999 -9999 -9999 -9999 -9999 -9999 -9999 -9999 -9999 -9999 -9999 -9999 -9999
-9999 -9999 -9999 -9999 -9999 -9999 -9999 -9999 -9999 -9999 -9999 -9999 -9999 -9999 -9999 -9999 -9999 -9999 -9999 -9999 -9999 -9999 -9999 -9999 -9999 -9999 -9999 -9999 -9999 -9999 -9999 -9999 -9999 -9999 -9999 -9999 -9999 -9999 -9999 -9999 -9999 -9999 -9999 -9999 -9999 -9999 -9999 -9999 -9999 -9999 -9999 -9999 -9999 -9999 -9999 -9999 -9999 -9999 -9999 -9999 -9999 -9999 -9999 -9999 -9999 -9999 -9999 -9999 -9999 -9999 -9999 -9999 -9999 -9999 -9999 -9999 -9999 -9999 -9999
-9999 -9999 -9999 -9999 -9999 -9999 -9999 -9999 -9999 -9999 -9999 -9999 -9999 -9999 -9999 -9999 -9999 -9999 -9999 -9999 -9999 -9999 -9999 -9999 -9999 -9999 -9999 -9999 -9999 -9999 -9999 -9999 -9999 -9999 -9999 -9999 -9999 -9999 -9999 -9999 -9999 -9999 -9999 -9999 -9999 -9999 -9999 -9999 -9999 -9999 -9999 -9999 -9999 -9999 -9999 -9999 -9999 -9999 -9999 -9999 -9999 -9999 -9999 -9999 -9999 -9999 -9999 -9999 -9999 -9999 -9999 -9999 -9999 -9999 -9999 -9999 -9999 -9999 -9999
-9999 -9999 -9999 -9999 -9999 -9999 -9999 -9999 -9999 -9999 -9999 -9999 -9999 -9999 -9999 -9999 -9999 -9999 -9999 -9999 -9999 -9999 -9999 -9999 -9999 -9999 -9999 -9999 -9999 -9999 -9999 -9999 -9999 -9999 -9999 -9999 -9999 -9999 -9999 -9999 -9999 -9999 -9999 -9999 -9999 -9999 -9999 -9999 -9999 -9999 -9999 -9999 -9999 -9999 -9999 -9999 -9999 -9999 -9999 -9999 -9999 -9999 -9999 -9999 -9999 -9999 -9999 -9999 -9999 -9999 -9999 -9999 -9999 -9999 -9999 -9999 -9999 -9999 -9999
-9999 -9999 -9999 -9999 -9999 -9999 -9999 -9999 -9999 -9999 -9999 -9999 -9999 -9999 -9999 -9999 -9999 -9999 -9999 -9999 -9999 -9999 -9999 -9999 -9999 -9999 -9999 -9999 -9999 -9999 -9999 -9999 -9999 -9999 -9999 -9999 -9999 -9999 -9999 -9999 -9999 -9999 -9999 -9999 -9999 -9999 -9999 -9999 -9999 -9999 -9999 -9999 -9999 -9999 -9999 -9999 -9999 -9999 -9999 -9999 -9999 -9999 -9999 -9999 -9999 -9999 -9999 -9999 -9999 -9999 -9999 -9999 -9999 -9999 -9999 -9999 -9999 -9999 -9999
-9999 -9999 -9999 -9999 -9999 -9999 -9999 -9999 -9999 -9999 -9999 -9999 -9999 -9999 -9999 -9999 -9999 -9999 -9999 -9999 -9999 -9999 -9999 -9999 -9999 -9999 -9999 -9999 -9999 -9999 -9999 -9999 -9999 -9999 -9999 -9999 -9999 -9999 -9999 -9999 -9999 -9999 -9999 -9999 -9999 -9999 -9999 -9999 -9999 -9999 -9999 -9999 -9999 -9999 -9999 -9999 -9999 -9999 -9999 -9999 -9999 -9999 -9999 -9999 -9999 -9999 -9999 -9999 -9999 -9999 -9999 -9999 -9999 -9999 -9999 -9999 -9999 -9999 -9999
-9999 -9999 -9999 -9999 14090 14224 14375 14509 14621 14702 14806 14910 14983 -9999 -9999 -9999 -9999 -9999 -9999 -9999 -9999 -9999 -9999 -9999 -9999 -9999 -9999 -9999 -9999 -9999 -9999 -9999 -9999 -9999 -9999 -9999 -9999 -9999 -9999 -9999 -9999 -9999 -9999 -9999 -9999 -9999 -9999 -9999 -9999 -9999 -9999 -9999 -9999 -9999 -9999 -9999 -9999 -9999 -9999 16083 -9999 -9999 16191 16195 -9999 -9999 -9999 -9999 -9999 -9999 -9999 -9999 -9999 -9999 -9999 -9999 -9999 -9999 -9999
13733 13810 13893 13983 14112 14218 14328 14435 14533 14654 14782 14918 15040 15158 15265 15377 15453 -9999 -9999 -9999 -9999 15971 16030 16122 16205 16224 16237 -9999 -9999 -9999 -9999 -9999 -9999 -9999 -9999 -9999 -9999 -9999 -9999 -9999 -9999 -9999 -9999 -9999 -9999 -9999 -9999 -9999 -9999 -9999 -9999 -9999 -9999 16019 16027 16035 16043 16052 16063 16095 16150 16185 16199 16203 16215 16223 -9999 16254 16251 16269 16288 16306 16316 16325 -9999 -9999 -9999 -9999 -9999
13734 13806 13881 14016 14132 14214 14299 14361 14483 14600 14748 14895 15040 15176 15290 15407 15521 15633 15798 15871 15966 16055 16145 16222 16245 16265 16274 16288 16290 16279 16270 16259 16242 16228 -9999 -9999 -9999 -9999 -9999 -9999 -9999 -9999 -9999 -9999 -9999 -9999 -9999 -9999 -9999 -9999 -9999 -9999 16034 16041 16024 16034 16043 16050 16061 16088 16151 16178 16196 16211 16229 16235 16264 16264 16275 16284 16297 16315 16330 16336 16345 16355 16373 16391 16407
13761 13814 13929 14034 14108 14274 14388 14509 14624 14736 14862 14997 15031 15170 15310 15515 15633 15768 15954 16058 16114 16209 16246 16275 16297 16318 16332 16337 16336 16328 16310 16292 16267 16239 16216 16184 16164 -9999 -9999 -9999 -9999 -9999 -9999 -9999 -9999 -9999 -9999 -9999 -9999 -9999 -9999 16026 16049 16053 16057 16032 16040 16051 16059 16089 16148 16178 16192 16205 16221 16241 16259 16282 16296 16310 16323 16332 16349 16353 16360 16367 16386 16403 16418
13908 13979 14099 14184 14205 14878 15029 15150 15288 15384 15487 15525 15214 15293 15459 15776 15873 15966 16104 16167 16213 16259 16337 16363 16386 16407 16393 16397 16394 16379 16357 16333 16303 16270 16234 16198 16163 16137 16110 16084 16060 16043 -9999 -9999 -9999 -9999 -9999 -9999 -9999 -9999 16002 16015 16037 16080 16066 16067 16058 16068 16080 16108 16155 16185 16198 16211 16226 16235 16252 16277 16303 16327 16342 16362 16372 16388 16390 16400 16406 16426 16441
14499 14605 14673 14717 14787 15024 15134 15246 15377 15488 15616 15730 15735 15877 15970 16052 16086 16115 16196 16257 16305 16384 16459 16523 16539 16523 16505 16474 16465 16450 16430 16406 16377 16300 16260 16217 16179 16146 16118 16104 16076 16060 16055 16045 16027 16013 16001 15992 15987 15986 15994 16002 16025 16066 16104 16103 16121 16131 16142 16157 16188 16205 16223 16237 16245 16252 16261 16282 16303 16331 16352 16371 16391 16406 16422 16427 16443 16459 16470
14617 14683 14743 14794 14890 14994 15106 15223 15360 15496 15632 15770 15894 16024 16107 16191 16214 16293 16365 16423 16464 16500 16570 16589 16603 16613 16590 16590 16583 16572 16558 16541 16475 16402 16321 16278 16196 16175 16160 16143 16127 16099 16082 16060 16037 16018 16003 15989 15981 15980 15982 15991 16011 16068 16095 16121 16128 16140 16153 16167 16184 16202 16222 16240 16257 16263 16279 16296 16318 16338 16362 16379 16398 16419 16440 16458 16480 16497 16512
14586 14636 14679 14766 14865 14992 15110 15283 15417 15552 15664 15794 15923 16038 16126 16212 16294 16370 16435 16491 16532 16565 16590 16606 16620 16628 16633 16632 16626 16619 16607 16592 16569 16498 16472 16391 16324 16263 16247 16230 16199 16129 16101 16073 16044 16017 15994 15977 15967 15962 15964 15989 16016 16053 16087 16095 16105 16116 16128 16141 16156 16175 16194 16218 16236 16255 16276 16299 16320 16347 16367 16386 16404 16433 16446 16471 16498 16525 16538
14572 14609 14691 14816 14945 15083 15253 15438 15582 15661 15747 15841 15965 16064 16151 16244 16327 16402 16472 16526 16566 16593 16614 16628 16636 16640 16642 16641 16636 16628 16618 16600 16588 16571 16550 16526 16450 16431 16402 16371 16298 16224 16149 16113 16074 16038 16009 15988 15972 15965 15981 16001 16026 16053 16060 16069 16081 16129 16142 16154 16166 16185 16204 16180 16206 16230 16257 16287 16313 16341 16400 16395 16424 16447 16468 16489 16502 16526 16551
14628 14715 14850 15034 15210 15380 15523 15657 15745 15822 15853 15949 16045 16129 16209 16294 16377 16452 16520 16577 16613 16638 16653 16659 16660 16659 16662 16655 16650 16651 16638 16629 16617 16603 16585 16554 16522 16494 16465 16431 16392 16308 16260 16208 16155 16108 16070 16040 16021 16007 16000 16017 16019 16028 16036 16047 16129 16181 16231 16246 16274 16279 16256 16233 16211 16237 16266 16293 16339 16388 16425 16453 16445 16471 16490 16502 16511 16530 16544
14739 14888 15055 15283 15494 15559 15689 15729 15804 15915 15961 16017 16115 16204 16279 16374 16445 16523 16589 16642 16677 16698 16707 16707 16701 16697 16688 16690 16686 16687 16681 16665 16656 16637 16600 16574 16548 16522 16493 16456 16411 16356 16297 16238 16179 16126 16085 16056 16032 16019 16009 16004 16005 16010 16020 16096 16147 16233 16262 16287 16297 16303 16304 16280 16299 16318 16353 16385 16406 16437 16479 16470 16469 16481 16495 16506 16511 16521 16535
14915 15084 15289 15528 15668 15428 15380 15313 15478 15768 15876 16080 16187 16274 16363 16437 16523 16597 16668 16714 16744 16763 16768 16765 16754 16737 16733 16718 16711 16708 16698 16685 16693 16671 16631 16627 16616 16570 16545 16469 16416 16357 16296 16234 16173 16122 16082 16053 16065 16045 16032 16026 16022 16027 16068 16116 16200 16218 16249 16276 16292 16278 16286 16304 16364 16396 16424 16445 16464 16463 16479 16482 16484 16491 16501 16510 16515 16538 16547
15129 15293 15481 15732 15823 15459 15535 15976 15801 14828 14953 15917 16090 16217 16325 16439 16533 16625 16689 16737 16768 16830 16835 16830 16815 16793 16763 16741 16715 16692 16693 16697 16708 16707 16705 16726 16733 16711 16617 16549 16465 16408 16345 16270 16210 16135 16097 16102 16119 16129 16110 16097 16096 16105 16118 16169 16189 16198 16223 16248 16252 16255 16266 16350 16405 16458 16478 16479 16479 16481 16487 16495 16502 16516 16521 16532 16548 16571 16598
15651 15846 16115 16667 16741 16300 16385 16432 16114 15802 15923 16116 15966 16089 16237 16375 16498 16577 16671 16722 16802 16866 16915 16926 16904 16873 16834 16793 16752 16738 16731 16738 16695 16696 16659 16656 16725 16707 16670 16600 16550 16641 16569 16489 16299 16290 16222 16173 16192 16202 16182 16170 16179 16188 16222 16254 16284 16308 16351 16368 16370 16371 16408 16443 16514 16509 16494 16500 16494 16514 16522 16535 16555 16574 16542 16551 16572 16602 16641
16326 16595 17009 17120 17160 17080 17038 16764 16101 16116 16567 16724 16748 16822 16827 16884 16958 16933 16930 16954 16969 17017 17014 17019 17030 16987 16939 16887 16838 16788 16774 16672 16570 16461 16305 16071 16223 16226 16187 16003 15884 16615 16663 16562 16375 16339 16312 16252 16238 16245 16251 16248 16252 16284 16311 16347 16384 16432 16477 16503 16579 16579 16493 16606 16601 16580 16566 16547 16553 16559 16693 16723 16642 16677 16686 16675 16621 16640 16666
16771 16746 16874 16851 16925 16727 16983 16198 16101 16579 16818 16921 17017 17001 16946 16988 17047 17114 17170 17170 17162 17119 17088 17079 17065 17040 17007 16953 16892 16839 16754 16626 16457 16343 16266 16072 15722 15607 15404 15221 15343 15728 16263 16457 16322 16329 16266 16232 16227 16250 16242 16233 16235 16228 16246 16259 16285 16321 16370 16471 16591 16589 16473 16586 16718 16703 16671 16653 16607 16706 16887 16920 16629 16729 16767 16824 16725 16821 16727
17409 16413 16408 16230 16549 16410 16053 15937 16049 16468 16693 16823 16959 17052 17009 17040 17033 17102 17181 17209 17194 17171 17122 17072 17055 17043 17017 16986 16959 16895 16808 16664 16474 16376 16254 16076 16000 15839 15276 14828 14643 15258 15680 16144 16325 16275 16270 16272 16281 16285 16286 16280 16271 16265 16266 16277 16293 16333 16358 16374 16453 16452 16370 16596 16681 16802 16777 16742 16709 16640 16596 16550 16272 16385 15979 15992 16547 17156 16981
16608 16280 16614 16654 16458 16061 15875 15861 15876 16147 16436 16630 16778 16821 16871 17003 17087 17133 17126 17127 17112 17118 17058 17028 17003 16994 17028 17011 16989 16996 16919 16766 16456 16253 16005 15044 15746 15256 14982 14402 14194 14700 15348 15807 16172 16300 16314 16330 16341 16354 16354 16353 16347 16337 16334 16344 16358 16387 16414 16418 16427 16437 16511 16698 16576 16720 16802 16791 16780 16682 16470 16365 15997 15860 15634 15671 15959 16735 17303
17138 16830 17167 17504 16878 16118 15917 15872 15909 16124 16411 16525 16569 16701 16745 16963 17037 17070 17062 17020 17063 17039 17017 16955 16959 17002 17026 17038 17055 17037 17016 16838 16291 15836 15094 14883 15038 14878 14653 13939 14167 14962 15564 16105 16318 16346 16367 16385 16400 16410 16418 16418 16413 16406 16407 16409 16415 16424 16428 16451 16479 16490 16553 16662 16586 16687 16694 16726 16659 16656 16463 16232 15721 15486 15314 15342 15488 16275 16548
17607 17175 17141 17338 16822 16487 16163 16041 16032 16292 16817 16883 16687 16717 16816 16822 16945 17017 17017 17065 17091 17116 17080 17085 17089 17093 17125 17106 17074 17066 17018 16854 16315 15837 14689 14446 14732 14628 14002 13819 14325 15043 15816 16262 16385 16414 16435 16448 16460 16472 16476 16477 16476 16474 16475 16481 16478 16474 16486 16490 16510 16550 16499 16529 16491 16484 16512 16492 16339 16470 16357 16317 16144 15555 15195 15142 15300 15669 15866
17316 17118 16836 16779 16529 16747 16694 16767 16881 16977 17136 17181 17099 17113 17112 16967 16956 17024 17044 17079 17051 17091 17102 17108 17172 17178 17172 17158 17133 17105 17066 16949 16613 16454 15856 14987 14592 14159 13721 13403 13865 14919 15921 16364 16474 16504 16518 16528 16533 16536 16540 16541 16543 16547 16553 16554 16550 16549 16544 16553 16544 16504 16491 16427 16403 16420 16435 16417 16215 16166 16102 16084 16116 15928 15339 15071 15102 15366 15546
17162 17064 16827 16573 15759 16736 16878 16921 16906 16952 17053 17151 17295 17273 17223 17092 17057 17075 17058 16999 16911 16901 16936 16997 17061 17103 17103 17088 17173 17016 16987 16986 16984 16837 16380 15434 14531 13619 13311 13236 13831 14875 15823 16423 16578 16600 16608 16613 16615 16618 16613 16614 16619 16627 16634 16633 16633 16604 16588 16565 16535 16509 16447 16414 16375 16359 16347 16358 16236 16050 15913 15939 16013 16038 15547 15046 15039 15217 15414
16619 16703 16803 16682 16540 16684 16632 16477 16397 16456 16556 16726 17099 17116 17125 17067 17109 17124 17105 17060 16944 16904 16889 16897 16910 16871 16865 16899 16979 16553 16333 16293 16964 15892 15780 15391 14522 13710 13142 13061 13696 14573 15453 16461 16676 16707 16708 16704 16705 16699 16695 16690 16694 16701 16707 16712 16693 16663 16620 16586 16700 16657 16555 16563 16482 16445 16277 16299 16330 16253 16243 16234 16295 16448 15932 15484 15151 15179 15331
15868 15966 16154 15977 16350 16480 16253 16160 16166 16355 16474 16566 16807 16836 16891 16954 16998 17051 17077 17113 17092 17089 17115 17136 17151 17141 17148 17032 16644 16202 15855 15449 16052 15105 15067 14926 14255 13420 13117 13567 14153 14899 15750 16609 16794 16807 16802 16792 16782 16777 16766 16761 16760 16763 16763 16750 16729 16681 16613 16821 17339 17331 17005 17300 17325 17248 16563 16492 16495 16403 16379 16416 16538 17007 16190 15653 15090 15074 15251
