Data/ppt/PRISM_ppt_pr_1963-1995_normal_450mM1_08_asc.asc
ncols 557
nrows 164
xllcorner -67.31875000000
yllcorner 17.86875000000
cellsize 0.00416666667
NODATA_value -9999
[rows 34 to 67 of 164, columns 77 to 153 of 557]
17857 17776 17691 17402 17398 17274 17018 16608 16529 16448 16224 16049 16004 15987 15998 16013 16067 16154 16227 16320 16339 16410 16436 16452 16470 16478 16486 16433 16353 16221 16143 16121 16168 16223 16226 16156 16015 15833 15558 15335 15104 14681 14545 14432 14618 14501 14454 14462 14407 14457 14450 14570 14628 14569 13843 13524 13156 13077 13255 13250 13206 13170 13000 12775 12271 12375 12501 12601 12494 12517 12991 13197 13704 13599 13713 14153 14741
18468 17783 17741 17724 16622 16527 16498 16386 16410 16401 16216 16114 16061 16048 16077 16105 16185 16277 16388 16462 16571 16641 16719 16807 16858 16926 16957 16886 16833 16751 16645 16575 16541 16528 16466 16342 16178 15937 15608 15430 15257 15075 14769 14577 14712 14717 14819 14876 15033 15114 15139 15184 15179 15017 14336 13880 13792 13718 13776 13696 13755 13789 13668 13623 12837 12726 13405 13393 13341 13108 13413 13593 14084 13912 13880 14249 14817
19670 18750 18693 18586 17613 17450 17177 16539 16326 16282 16216 16164 16136 16127 16155 16135 16186 16299 16444 16647 16746 16857 16927 16989 17105 17228 17299 17300 17282 17179 17017 16909 16840 16770 16663 16518 16362 16205 16027 15844 15401 15364 14981 14827 14951 15079 15355 15203 15449 15550 15558 15538 15348 15131 14849 14654 14402 14339 14616 14615 14662 14633 14229 14173 13815 13668 14282 14269 14287 14102 14229 14450 14496 14248 14078 14312 14895
20740 19824 19662 18992 18502 18210 17770 17142 16490 16256 16232 16219 16187 16229 16270 16203 16157 16197 16315 16584 16895 17039 17117 17229 17344 17425 17536 17535 17495 17506 17315 17164 17054 16948 16837 16721 16605 16518 16448 16348 16097 15820 15239 15072 15325 15371 15750 15769 15864 15954 16042 15987 15665 15427 15379 15419 15232 15187 15235 15197 15177 15103 14888 14990 14262 14225 14722 14987 14833 14702 15071 15153 14856 14541 14278 14392 14975
21209 20801 20725 19748 19519 19097 18289 17958 17243 16464 16398 16293 16291 16301 16358 16259 16175 16148 16155 16353 16779 17123 17275 17413 17519 17657 17678 17645 17511 17566 17482 17331 17200 17103 17025 16839 16913 16896 16880 16803 16611 16232 15420 15232 15485 15593 15992 16128 16285 16351 16554 16550 16178 15944 15841 15815 15799 15947 15979 15980 15855 15770 15582 15616 15005 15106 15415 15917 15579 15492 15689 15593 15258 14927 14569 14497 14912
22148 21290 21569 20808 20465 19995 19107 18811 18234 17510 17067 16565 16395 16358 16342 16248 16194 16173 16159 16198 16475 16977 17226 17410 17569 17683 17807 17842 17710 17697 17581 17465 17370 17293 17087 16879 17053 17286 17306 17237 17051 16654 15926 15553 15510 16245 16269 16270 16858 16977 17012 16907 16645 16440 16322 16242 16266 16369 16317 16252 16241 16268 16130 16002 15837 15926 16054 16252 16206 16171 16107 15942 15707 15322 14830 14616 14887
23592 22369 22074 21727 20983 20945 20072 19335 18889 18011 17662 16729 16584 16504 16393 16337 16310 16255 16231 16277 16342 16619 16938 17181 17350 17531 17724 17798 17811 17751 17661 17546 17572 17420 17269 16901 16730 17415 17624 17576 17356 16887 16294 15932 15827 16137 17014 17026 17271 17360 17361 17209 17010 16849 16733 16692 16688 16688 16582 16563 16612 16516 16282 16102 16068 16142 16273 16442 16512 16526 16465 16329 16103 15642 15114 14776 14975
24962 23657 22987 22867 22003 22166 21196 20069 19327 18615 18100 17779 17071 16765 16585 16551 16406 16370 16367 16425 16589 16805 16911 16932 17112 17368 17579 17670 17746 17714 17671 17569 17616 17535 17258 16999 16797 17088 17629 17671 17470 17020 16586 16353 16348 16467 16835 17365 17636 17669 17590 17454 17285 17171 17091 17036 17004 16973 16926 16888 16853 16609 16407 16253 16219 16307 16473 16660 16768 16812 16770 16651 16382 15914 15434 14966 15067
25239 24882 24112 24314 23178 23064 22665 21251 20309 19834 18895 18599 18225 17196 17038 16860 16624 16456 16477 16665 16800 16989 16997 16985 17145 17169 17260 17379 17570 17726 17713 17710 17788 17542 17368 17088 16993 17081 17367 17388 17407 17185 16871 16795 16750 16840 17056 17597 17832 17844 17752 17624 17539 17446 17344 17321 17242 17213 17173 17143 16991 16793 16586 16434 16423 16530 16713 16891 16977 17027 16987 16843 16555 16112 15667 15192 15264
25211 25059 24767 24595 23869 23403 22425 22021 21588 21136 19807 19064 18814 18274 18086 17065 16747 16606 16633 16795 16918 17032 17215 17212 17353 17376 17552 17484 17533 17656 17814 17909 17937 17803 17676 17463 17348 17359 17526 17594 17447 17128 16969 17201 17240 17443 17737 17952 18072 17997 17896 17808 17694 17609 17566 17501 17482 17451 17440 17352 17229 17052 16824 16673 16642 16748 16905 17077 17151 17201 17169 17093 16749 16417 15961 15477 15505
25129 25032 24873 24520 23985 23512 22970 22182 21663 21402 20460 19664 19158 18756 18484 18153 17138 16798 16783 16803 16935 17121 17569 17303 17257 17365 17538 17596 17671 17874 17977 18019 18158 18179 18200 17942 17818 17720 17751 17703 17467 17177 17096 17138 17294 17664 18109 18321 18360 18274 18141 18029 17924 17834 17752 17732 17684 17677 17663 17598 17489 17312 17086 16905 16833 16887 17038 17204 17317 17391 17504 17551 17189 17027 16461 15870 15823
25083 25029 24885 24607 24052 23498 22931 22199 21405 21039 20630 20425 19677 20011 18815 18340 17772 17197 16927 16951 16919 17203 17587 17382 17363 17502 17593 17688 17870 18098 18213 18243 18241 18323 18424 18427 18373 18137 18000 17763 17640 17501 17601 17491 18002 18318 18547 18670 18725 18624 18470 18331 18213 18109 18041 17955 17927 17919 17892 17819 17691 17512 17276 17086 16998 17028 17164 17339 17494 17584 17606 17712 17741 17582 16969 16421 16250
24973 25021 25033 24802 24470 24062 23442 22454 21863 21132 20516 20064 19651 19245 18582 17995 18088 17508 17170 17198 17119 17145 17370 17438 17606 17792 17857 17997 18131 18370 18566 18554 18481 18431 18532 18585 18599 18412 18244 17996 18092 18016 18023 18024 18346 18642 18833 18979 19020 18941 18770 18609 18492 18360 18262 18193 18148 18109 18049 17942 17797 17616 17405 17226 17158 17211 17351 17547 17675 17753 17829 17810 17826 17559 17247 16974 16667
24859 25024 25147 25109 24760 24390 23835 23120 22222 21453 20878 20805 20209 19711 19075 18754 18573 18035 17268 17208 17194 17334 17539 17827 18207 18374 18383 18397 18503 18684 18826 18879 18800 18668 18752 18735 18724 18679 18552 18411 18433 18275 18240 18332 18556 18821 19031 19161 19205 19138 18983 18831 18688 18568 18456 18382 18303 18226 18109 17982 17819 17661 17476 17361 17348 17433 17603 17786 17924 18007 18099 18181 18213 17947 17750 17521 17135
24729 24931 25151 25170 25001 24641 24032 23652 22633 22241 21386 21340 20829 19622 19168 18998 18695 18198 17768 17456 17440 17640 17959 18481 19017 19205 19096 18900 18874 18986 19127 19237 19203 19138 19331 19182 19053 18918 18798 18661 18604 18535 18456 18516 18695 18921 19111 19254 19317 19266 19122 18961 18838 18708 18620 18523 18419 18284 18157 18023 17885 17763 17677 17624 17671 17776 17919 18062 18154 18232 18329 18504 18608 18573 18381 18004 17630
24613 24783 24995 25198 25304 25319 24238 24273 23470 22885 21977 21350 20208 19934 19868 19706 19159 18387 18156 17833 17788 17972 18418 19034 19587 19807 19736 19363 19247 19284 19420 19518 19645 19598 19668 19497 19350 19234 19183 19054 18914 18746 18674 18692 18808 18976 19143 19289 19344 19317 19187 19044 18926 18827 18729 18624 18489 18349 18208 18091 18002 17956 17939 17985 18067 18166 18256 18321 18362 18386 18505 18630 18806 18903 18772 18402 18039
24525 24649 24806 24974 25150 25316 25172 24814 24345 23392 22994 21813 20793 20444 20641 20293 19791 19245 19166 18700 18325 18428 19094 19650 20068 20264 20199 19785 19591 19651 19765 19883 19965 20015 19904 19888 19797 19626 19480 19286 19086 18963 18874 18859 18924 19036 19172 19280 19352 19323 19255 19131 19007 18913 18812 18697 18559 18438 18331 18272 18221 18220 18262 18322 18410 18482 18542 18558 18562 18560 18604 18765 18888 19121 19086 18622 18211
24498 24573 24670 24786 24904 25042 25208 25219 25287 24391 23576 22912 22271 21339 21416 21137 20957 20352 20169 19358 19178 19103 19577 20072 20456 20617 20600 20275 20061 20092 20183 20309 20456 20481 20231 20110 20021 19817 19644 19455 19302 19154 19073 19031 19060 19129 19214 19332 19381 19413 19335 19232 19093 18947 18845 18736 18659 18590 18559 18543 18532 18528 18536 18578 18632 18689 18729 18747 18725 18737 18874 19006 19085 19296 19246 18545 18046
24524 24565 24615 24676 24761 24860 24987 25148 25358 25282 24574 23448 23151 22623 22263 21945 21560 20763 20661 20186 19829 19629 20018 20482 20840 20984 20980 20811 20555 20445 20479 20451 20597 20676 20448 20331 20180 19998 19822 19661 19495 19356 19254 19228 19245 19277 19346 19409 19468 19439 19386 19252 19079 18937 18819 18772 18752 18770 18790 18809 18810 18783 18764 18744 18755 18781 18834 18827 18882 18974 19191 19389 19315 19369 19145 18521 17938
24605 24621 24641 24679 24730 24802 24891 25010 25192 25453 25426 24764 24507 23396 22712 22432 22202 21850 21591 21179 20826 20396 20551 20964 21193 21324 21381 21356 21171 20957 20834 20757 20824 20882 20709 20506 20358 20234 20038 19864 19695 19538 19451 19443 19455 19490 19503 19523 19514 19460 19340 19195 19042 18860 18778 18760 18828 18875 18913 18961 18962 18956 18915 18870 18836 18855 18889 18969 19052 19144 19374 19488 19349 19202 18881 18331 17719
24720 24718 24729 24753 24796 24844 24912 25010 25166 25398 25697 25695 25094 24586 23313 22846 22667 22445 22338 22142 21365 21075 21223 21817 21665 21660 21703 21806 21633 21329 21218 21011 21083 21144 21015 20762 20628 20465 20239 20022 19853 19704 19653 19661 19715 19758 19776 19720 19624 19498 19346 19177 18981 18840 18755 18775 18840 18908 18959 18997 19048 19032 19014 18971 18911 18911 18967 19010 19160 19195 19270 19240 19114 18877 18615 18255 17745
24849 24843 24845 24868 24901 24950 25009 25094 25224 25407 25658 25726 25375 25083 24741 23555 23203 22801 22537 22367 22268 22350 21818 22214 22048 21877 22009 22099 21986 21795 21592 21369 21286 21320 21188 21016 20915 20769 20457 20240 19990 19861 19828 19920 20019 20109 20057 19976 19828 19613 19379 19161 18995 18857 18802 18799 18850 18886 18895 18967 18992 19049 19039 19001 18959 18979 19038 19127 19135 19207 19082 18890 18760 18237 18050 17880 17616
24972 24968 24975 24999 25039 25091 25153 25226 25318 25451 25634 25864 25811 25451 25283 24803 24549 23214 22878 22717 22739 22930 22997 23128 22991 22320 22290 22405 22112 22031 22051 21969 21879 21864 21574 21433 21347 21159 20798 20468 20197 19999 20032 20178 20342 20380 20321 20168 20013 19731 19447 19198 19007 18905 18883 18892 18901 18891 18885 18902 19000 19069 19109 19148 19117 19041 19100 19109 19138 18915 18152 18022 18095 17653 17686 17685 17508
25085 25094 25101 25133 25179 25241 25296 25356 25421 25508 25633 25802 25987 26004 26050 25357 24960 24627 23488 23308 23042 23037 23207 23290 23310 23130 23105 23040 22287 22133 22285 22389 22514 22488 22210 22157 22007 21733 21267 20842 20531 20260 20194 20383 20539 20604 20493 20357 20144 19850 19485 19214 19025 18954 18986 19030 19037 18971 18927 19027 19111 19356 19471 19679 19576 18851 18318 18216 18588 18113 17857 17789 17829 17644 17657 17559 17465
25202 25206 25219 25245 25294 25353 25400 25446 25495 25547 25627 25730 25827 25975 26171 25984 25403 25054 24704 24631 24025 23303 23280 23308 23278 23253 23208 23204 22968 22540 22674 22762 22885 22884 22823 22971 22799 22477 21926 21073 20643 20307 20252 20579 20762 20714 20790 20594 20217 19850 19496 19253 19083 19050 19188 19255 19216 19231 19201 19370 19603 20142 20021 19974 19543 18492 18192 18227 18549 18358 17915 17744 17702 17631 17587 17562 17521
25282 25295 25307 25335 25394 25440 25481 25482 25513 25537 25579 25624 25662 25777 25967 26152 25912 25388 25128 24871 24672 23533 23490 23487 23305 23240 23138 23133 23219 23140 23250 23228 23378 23324 23383 23442 23182 22822 22065 21252 20805 20469 20453 21078 21296 21063 21449 21346 20415 19905 19611 19414 19296 19202 19447 19544 19659 19977 19952 20077 20529 20787 20456 20186 19520 18583 18223 18217 18492 18691 17987 17761 17688 17681 17690 17707 17704
25389 25397 25411 25449 25495 25546 25544 25519 25471 25476 25473 25506 25507 25558 25822 26007 26127 25968 25841 24863 24404 23997 23933 23822 23544 23368 23254 23224 23285 23361 23500 23566 23785 23782 23819 23800 23505 23053 22216 21571 21139 20893 20989 21469 21750 21775 21894 21731 21187 20553 20246 20021 19720 19349 19791 20040 20572 20993 21312 21362 21121 20390 20818 20666 19839 18860 18363 18131 18234 18158 18026 17947 17896 17846 17872 17933 17941
25518 25524 25561 25558 25580 25543 25511 25526 25389 25288 25289 25322 25320 25548 25731 25969 26096 25954 25088 24483 23686 23874 24033 24083 23916 23829 23621 23446 23436 23473 23560 23806 24097 24250 24246 24185 23829 23319 22480 21906 21390 21154 21333 21851 21901 22499 22530 22575 21791 20862 20739 20726 20336 20165 20659 20939 21949 22180 22196 22142 21514 20978 20697 20664 19988 19095 18455 18270 18221 18229 18434 18511 18449 18191 18103 18212 18143
25514 25546 25655 25568 25482 25395 25411 25397 25224 25156 25079 25027 25163 25429 25769 25950 26060 26111 25819 24898 23924 23933 24031 24123 24180 24087 23897 23712 23551 23455 23586 23852 24150 24416 24490 24413 24108 23643 22986 22320 21811 21649 21868 23318 22573 22914 22993 23525 22274 21944 21547 21265 20910 20736 21235 21768 22385 22001 21775 21651 21195 20727 20192 19844 19651 19202 18973 18872 18801 19114 18857 18942 19114 19002 19010 19088 18573
25247 25332 25466 25373 25255 25135 25023 24856 24769 24899 24821 24701 24694 24821 25356 25638 25837 26010 25852 25271 24084 23974 24107 24237 24315 24306 24179 23974 23737 23513 23579 23901 24212 24465 24590 24535 24236 23845 23241 22785 22336 22302 22296 22617 22542 23183 23189 23257 22886 22586 21989 22469 22009 21684 21937 22457 21788 21260 21116 21157 20661 20059 19683 19786 20041 20035 20207 19861 19352 20230 19527 19659 19744 19389 19453 19983 19344
24874 24783 24819 24829 24761 24708 24665 24384 24208 24298 24372 24369 24497 24527 24344 24336 25062 25841 25821 25622 25141 24416 24266 24363 24466 24500 24429 24299 24105 23923 23977 24178 24369 24544 24645 24640 24512 24221 23627 23187 22378 22624 22637 22977 23463 23705 23728 23665 23755 23732 23805 23900 23710 23023 22657 21750 21358 21031 20727 20282 19812 19682 19607 20094 20454 20476 21168 20333 20591 20637 20518 20684 20885 20223 20140 20236 19724
24647 24394 24265 24160 24005 23980 23958 23925 23835 23903 23939 24088 24187 24320 24027 24051 24608 25018 25522 25487 25228 24639 24452 24390 24508 24591 24603 24550 24420 24311 24317 24393 24512 24638 24682 24689 24584 24394 23996 23796 23560 23583 23432 23534 23714 23701 23724 23852 24134 24461 24629 24642 24386 23454 22780 21618 21151 20747 20580 20270 19981 20050 20552 20820 21409 21200 21059 20639 20656 20571 20579 20666 20821 20785 20931 20996 20433
24879 24393 24010 23964 23980 23861 23744 23728 23788 23794 23850 23927 23974 24042 23852 23612 23931 24341 24447 24922 24974 24587 24303 24291 24412 24554 24619 24633 24588 24504 24481 24520 24611 24701 24753 24717 24664 24508 24328 24193 24068 24087 24172 24241 24196 24027 23949 24021 24341 24784 25027 24891 24980 25115 23304 22892 21975 21025 20852 20665 20521 20660 20930 21465 21369 21002 20776 20607 20548 20483 20502 20588 20754 20976 21321 21533 21140
24555 24115 23807 23921 24038 23879 23705 23663 23883 23899 23852 23816 23617 23773 23689 23503 23503 23633 23442 23855 23786 23755 23794 23941 24190 24338 24483 24563 24572 24525 24519 24570 24644 24748 24804 24797 24725 24645 24472 24400 24175 24266 24367 24434 24591 24503 24536 24593 24702 24857 24869 24547 24775 23724 22893 22469 21553 21369 21579 21446 21436 21278 21397 21427 21114 20803 20671 20553 20474 20453 20481 20559 20697 20939 21253 21630 21831
