Data/ppt/PRISM_ppt_pr_1963-1995_normal_450mM1_06_asc.asc
ncols 557
nrows 164
xllcorner -67.31875000000
yllcorner 17.86875000000
cellsize 0.00416666667
NODATA_value -9999
[rows 102 to 135 of 164, columns 0 to 76 of 557]
-9999 -9999 -9999 -9999 -9999 -9999 -9999 -9999 -9999 -9999 -9999 -9999 -9999 -9999 -9999 -9999 -9999 -9999 -9999 -9999 -9999 -9999 -9999 -9999 -9999 -9999 -9999 -9999 -9999 8884 8851 8843 8839 8896 9102 9223 9258 9319 9483 10196 10374 10448 10543 10771 11167 11440 11633 11822 11951 12069 12073 12035 11933 11834 11687 11562 11436 11331 11236 11158 11069 10911 10625 10366 10084 10199 10604 10294 9736 10205 10084 10033 9547 9945 9687 9465 9998
-9999 -9999 -9999 -9999 -9999 -9999 -9999 -9999 -9999 -9999 -9999 -9999 -9999 -9999 -9999 -9999 -9999 -9999 -9999 -9999 -9999 -9999 -9999 -9999 -9999 -9999 -9999 -9999 -9999 8785 8753 8754 8746 8782 8981 9066 9135 9196 9334 9877 10088 10179 10292 10712 11074 11367 11616 11820 11985 12094 12121 12088 11959 11803 11610 11416 11266 11146 11049 10974 10935 10837 10665 10472 10210 9816 9986 9924 9531 9389 9383 9271 9140 9088 8854 8731 9212
-9999 -9999 -9999 -9999 -9999 -9999 -9999 -9999 -9999 -9999 -9999 -9999 -9999 -9999 -9999 -9999 -9999 -9999 -9999 -9999 -9999 -9999 -9999 -9999 -9999 -9999 -9999 -9999 -9999 -9999 8691 8686 8684 8719 8868 8957 9037 9092 9206 9619 9774 9885 10021 10530 10862 11218 11551 11799 11986 12094 12116 12079 11946 11745 11471 11234 11069 10944 10843 10784 10726 10682 10545 10350 10085 9606 9342 9338 9233 9004 8864 8610 8390 8296 8587 8024 8428
-9999 -9999 -9999 -9999 -9999 -9999 -9999 -9999 -9999 -9999 -9999 -9999 -9999 -9999 -9999 -9999 -9999 -9999 -9999 -9999 -9999 -9999 -9999 -9999 -9999 -9999 -9999 -9999 -9999 -9999 8636 8625 8621 8675 8785 8867 8936 8995 9093 9365 9447 9564 9752 10303 10620 10968 11368 11689 11885 11982 11999 11962 11834 11581 11251 10980 10816 10706 10638 10572 10525 10450 10277 10088 9893 9459 9143 8893 8707 8617 8594 8455 8241 8082 7928 8297 8062
-9999 -9999 -9999 -9999 -9999 -9999 -9999 -9999 -9999 -9999 -9999 -9999 -9999 -9999 -9999 -9999 -9999 -9999 -9999 -9999 -9999 -9999 -9999 -9999 -9999 -9999 -9999 -9999 -9999 8609 8607 8589 8600 8658 8743 8797 8855 8915 9034 9182 9225 9303 9447 10035 10342 10674 11041 11432 11645 11730 11688 11640 11490 11222 10905 10654 10517 10458 10408 10372 10307 10144 9472 9352 9137 8951 8886 8654 8468 8326 8341 8331 8163 7937 7493 7326 7830
-9999 -9999 -9999 -9999 -9999 -9999 -9999 -9999 -9999 -9999 -9999 -9999 -9999 -9999 -9999 -9999 -9999 -9999 -9999 -9999 -9999 -9999 -9999 -9999 -9999 -9999 -9999 -9999 8590 8596 8597 8582 8609 8667 8726 8772 8804 8878 8985 9061 9070 9107 9228 9748 10025 10345 10680 11004 11208 11248 11081 10934 10855 10660 10437 10271 10192 10183 10165 10138 10030 9563 9354 9180 8973 8751 8550 8356 8312 8154 8046 8151 8070 7864 7357 7193 7138
-9999 -9999 -9999 -9999 -9999 -9999 -9999 -9999 -9999 -9999 -9999 -9999 -9999 -9999 -9999 -9999 -9999 -9999 -9999 -9999 -9999 -9999 -9999 -9999 -9999 -9999 -9999 8568 8574 8585 8580 8600 8637 8685 8728 8756 8784 8823 8918 8928 8911 8942 9069 9472 9712 10002 10301 10512 10651 10658 10368 10161 10098 10016 9932 9868 9871 9916 9940 9959 9843 9452 9263 9090 8891 8675 8440 8220 8086 7914 7795 7832 7804 7328 7123 7000 6908
-9999 -9999 -9999 -9999 -9999 -9999 -9999 -9999 -9999 -9999 -9999 -9999 -9999 -9999 -9999 -9999 -9999 -9999 -9999 -9999 -9999 -9999 -9999 -9999 -9999 -9999 8579 8583 8581 8576 8586 8619 8664 8703 8725 8756 8769 8812 8828 8814 8796 8845 9040 9251 9433 9699 9959 10114 10164 10040 9690 9473 9401 9478 9497 9486 9580 9705 9781 9742 9446 9288 9179 9017 8828 8618 8392 8180 8004 7835 7672 7568 7470 7227 7036 6908 6807
-9999 -9999 -9999 -9999 -9999 -9999 -9999 -9999 -9999 -9999 -9999 -9999 -9999 -9999 -9999 -9999 -9999 -9999 -9999 -9999 -9999 -9999 -9999 -9999 -9999 -9999 -9999 8616 8615 8604 8610 8644 8680 8698 8720 8744 8803 8794 8793 8728 8704 8744 8911 9041 9209 9454 9699 9840 9828 9621 9244 9080 9056 9169 9239 9258 9361 9534 9594 9372 9253 9197 9101 8961 8787 8589 8374 8159 7965 7783 7608 7438 7241 7095 6960 6827 6725
-9999 -9999 -9999 -9999 -9999 -9999 -9999 -9999 -9999 -9999 -9999 -9999 -9999 -9999 -9999 -9999 -9999 -9999 -9999 -9999 -9999 -9999 -9999 -9999 -9999 -9999 8663 8645 8622 8613 8617 8654 8673 8689 8706 8770 8784 8799 8738 8681 8642 8691 8787 8899 9063 9302 9556 9657 9615 9408 9117 8993 8991 9079 9175 9199 9274 9409 9483 9268 9176 9117 9030 8898 8740 8562 8362 8147 7934 7744 7569 7359 7080 6951 6839 6728 6641
-9999 -9999 -9999 -9999 -9999 -9999 -9999 -9999 -9999 -9999 -9999 -9999 -9999 -9999 -9999 -9999 -9999 -9999 -9999 -9999 -9999 -9999 -9999 -9999 -9999 8707 8677 8642 8622 8602 8617 8654 8671 8683 8722 8767 8791 8748 8698 8646 8661 8675 8754 8832 8991 9233 9456 9528 9453 9313 9110 9041 9023 9103 9215 9253 9304 9313 9255 9157 9113 9046 8961 8843 8698 8539 8363 8165 7951 7761 7553 7244 6964 6813 6713 6636 6582
-9999 -9999 -9999 -9999 -9999 -9999 -9999 -9999 -9999 -9999 -9999 -9999 -9999 -9999 -9999 -9999 -9999 -9999 -9999 -9999 -9999 -9999 -9999 -9999 -9999 8710 8669 8640 8611 8605 8614 8653 8670 8679 8711 8756 8760 8716 8673 8650 8671 8715 8750 8836 8992 9189 9364 9409 9391 9285 9185 9137 9152 9193 9307 9349 9373 9336 9232 9142 9080 8997 8908 8787 8658 8523 8369 8186 7968 7769 7589 7363 7036 6791 6675 6614 6570
-9999 -9999 -9999 -9999 -9999 -9999 -9999 -9999 -9999 -9999 -9999 -9999 -9999 -9999 -9999 -9999 -9999 -9999 -9999 -9999 -9999 -9999 -9999 -9999 -9999 -9999 8636 8611 8604 8597 8611 8653 8670 8677 8687 8725 8730 8712 8666 8661 8699 8724 8784 8901 9014 9179 9308 9376 9374 9354 9300 9286 9242 9249 9348 9341 9360 9275 9170 9122 9040 8964 8857 8747 8629 8511 8388 8234 8018 7797 7573 7230 7052 6850 6728 6659 6605
-9999 -9999 -9999 -9999 -9999 -9999 -9999 -9999 -9999 -9999 -9999 -9999 -9999 -9999 -9999 -9999 -9999 -9999 -9999 -9999 -9999 -9999 -9999 -9999 -9999 -9999 -9999 8601 8597 8594 8610 8654 8672 8679 8690 8698 8722 8703 8681 8665 8716 8742 8869 8966 9045 9173 9285 9354 9368 9401 9366 9331 9278 9252 9273 9261 9250 9140 9063 9003 8947 8865 8783 8636 8575 8463 8338 8213 8066 7922 7752 7436 7224 6984 6829 6736 6656
-9999 -9999 -9999 -9999 -9999 -9999 -9999 -9999 -9999 -9999 -9999 -9999 -9999 -9999 -9999 -9999 -9999 -9999 -9999 -9999 -9999 -9999 -9999 -9999 -9999 -9999 8603 8601 8595 8596 8598 8661 8681 8686 8680 8694 8699 8712 8672 8690 8729 8800 8935 8976 8991 9141 9238 9277 9324 9363 9340 9265 9217 9093 9046 9047 8971 8896 8866 8815 8764 8705 8602 8352 8417 8344 8235 8155 8048 7941 7796 7530 7368 7228 7103 6963 6775
-9999 -9999 -9999 -9999 -9999 -9999 -9999 -9999 -9999 -9999 -9999 -9999 -9999 -9999 -9999 -9999 -9999 -9999 -9999 -9999 -9999 -9999 -9999 -9999 -9999 8604 8603 8609 8594 8567 8598 8645 8679 8676 8681 8686 8721 8697 8689 8679 8734 8779 8904 8881 8946 9097 9158 9166 9138 9150 9158 9122 9035 8830 8775 8743 8560 8504 8532 8518 8497 8456 8419 8293 8068 7937 7887 7930 7897 7853 7728 7516 7401 7303 7165 7055 6914
-9999 -9999 -9999 -9999 -9999 -9999 -9999 -9999 -9999 -9999 -9999 -9999 -9999 -9999 -9999 -9999 -9999 -9999 -9999 -9999 -9999 -9999 -9999 -9999 -9999 8601 8606 8601 8567 8555 8568 8638 8652 8649 8653 8708 8696 8693 8656 8663 8716 8765 8835 8802 8849 8997 9075 9019 8974 8895 8928 8914 8817 8582 8538 8446 8292 8226 8124 8157 8178 8179 8161 8156 8026 7810 7668 7640 7627 7667 7590 7490 7431 7347 7173 7060 6959
-9999 -9999 -9999 -9999 -9999 -9999 -9999 -9999 -9999 -9999 -9999 -9999 -9999 -9999 -9999 -9999 -9999 -9999 -9999 -9999 -9999 -9999 -9999 -9999 -9999 8591 8584 8560 8514 8501 8563 8613 8622 8617 8654 8668 8679 8636 8617 8618 8642 8693 8732 8685 8665 8713 8922 8872 8761 8521 8444 8628 8594 8432 8376 8271 8077 8070 7940 7881 7804 7857 7870 7906 7881 7822 7607 7475 7411 7332 7068 7077 7106 7079 7032 6985 6914
-9999 -9999 -9999 -9999 -9999 -9999 -9999 -9999 -9999 -9999 -9999 -9999 -9999 -9999 -9999 -9999 -9999 -9999 -9999 -9999 -9999 -9999 -9999 -9999 -9999 -9999 8539 8506 8454 8466 8530 8584 8586 8612 8584 8607 8613 8590 8559 8526 8545 8567 8610 8567 8536 8546 8690 8653 8504 8217 8142 8355 8255 8140 8056 7956 7407 7463 7455 7429 7350 7325 7377 7434 7464 7487 7423 7334 7255 7171 6928 6807 6751 6713 6805 6801 6792
-9999 -9999 -9999 -9999 -9999 -9999 -9999 -9999 -9999 -9999 -9999 -9999 -9999 -9999 -9999 -9999 -9999 -9999 -9999 -9999 -9999 -9999 -9999 -9999 -9999 8470 8470 8431 8403 8422 8495 8558 8584 8545 8481 8455 8501 8528 8488 8444 8408 8399 8476 8442 8390 8332 8303 8391 8110 7911 7794 8002 7868 7443 7340 7228 7123 7089 7139 7183 7169 7098 7122 7206 7289 7327 7351 7279 7201 7071 6744 6447 6356 6243 6216 6164 6117
-9999 -9999 -9999 -9999 -9999 -9999 -9999 -9999 -9999 -9999 -9999 -9999 -9999 -9999 -9999 -9999 -9999 -9999 -9999 -9999 -9999 -9999 -9999 -9999 8441 8440 8391 8366 8363 8388 8445 8556 8526 8465 8374 8334 8366 8400 8413 8367 8292 8255 8356 8332 8247 8159 8121 8218 7935 7720 7527 7396 7249 7105 6987 6894 6854 6854 6922 6987 7011 6954 6930 7011 7135 7207 7227 7168 7022 6756 6602 6341 6161 6008 5979 5896 5847
-9999 -9999 -9999 -9999 -9999 -9999 -9999 -9999 -9999 -9999 -9999 -9999 -9999 -9999 -9999 -9999 -9999 -9999 -9999 -9999 -9999 -9999 -9999 8429 8438 8390 8354 8334 8341 8328 8336 8461 8378 8350 8316 8292 8265 8289 8314 8266 8198 8155 8236 8234 8134 8011 7944 7967 7779 7568 7352 7169 7019 6876 6791 6741 6719 6733 6761 6818 6868 6879 6783 6789 6826 6933 7002 6996 6834 6703 6566 6263 6074 5932 5854 5753 5656
-9999 -9999 -9999 -9999 -9999 -9999 -9999 -9999 -9999 -9999 -9999 -9999 -9999 -9999 -9999 -9999 -9999 -9999 -9999 -9999 -9999 -9999 -9999 -9999 8393 8359 8315 8316 8312 8260 8152 8133 8076 8194 8266 8245 8212 8201 8236 8183 8091 8018 7983 8097 8032 7890 7802 7786 7651 7438 7238 7056 6900 6746 6662 6645 6638 6616 6591 6582 6558 6502 6464 6439 6398 6341 6264 6112 6658 6622 6491 6135 5997 5876 5754 5648 5581
-9999 -9999 -9999 -9999 -9999 -9999 -9999 -9999 -9999 -9999 -9999 -9999 -9999 -9999 -9999 -9999 -9999 -9999 -9999 -9999 -9999 -9999 -9999 -9999 -9999 8304 8288 8293 8274 8187 8024 7935 7845 7798 8136 8179 8129 8076 8089 8102 8013 7907 7818 8002 7951 7795 7608 7415 7487 7357 7175 7001 6819 6656 6565 6536 6541 6541 6514 6501 6479 6438 6421 6381 6332 6256 6178 6083 6037 5896 5750 5609 5418 5270 5149 4985 4885
-9999 -9999 -9999 -9999 -9999 -9999 -9999 -9999 -9999 -9999 -9999 -9999 -9999 -9999 -9999 -9999 -9999 -9999 -9999 -9999 -9999 -9999 -9999 -9999 -9999 -9999 8281 8277 8242 8134 7939 7830 7739 7700 8090 8129 8032 7874 7720 7980 7913 7781 7737 7933 7879 7702 7475 7333 7406 7291 7146 6917 6654 6581 6535 6524 6494 6494 6485 6474 6445 6432 6418 6390 6282 6239 6146 6055 5951 5835 5693 5538 5373 5213 5058 4902 4737
-9999 -9999 -9999 -9999 -9999 -9999 -9999 -9999 -9999 -9999 -9999 -9999 -9999 -9999 -9999 -9999 -9999 -9999 -9999 -9999 -9999 -9999 -9999 -9999 -9999 -9999 -9999 -9999 -9999 -9999 7840 7767 7671 7617 8056 8085 7971 7755 7587 7924 7840 7706 7674 7854 7819 7642 7439 7325 7351 7212 7071 6736 6608 6575 6569 6537 6518 6478 6470 6455 6437 6331 6325 6371 5752 6128 6063 5961 5869 5761 5625 5458 5313 5196 5034 4855 4694
-9999 -9999 -9999 -9999 -9999 -9999 -9999 -9999 -9999 -9999 -9999 -9999 -9999 -9999 -9999 -9999 -9999 -9999 -9999 -9999 -9999 -9999 -9999 -9999 -9999 -9999 -9999 -9999 -9999 -9999 7744 7692 7615 7624 8059 8060 7885 7572 7441 7819 7769 7660 7634 7814 7777 7602 7433 7286 7165 7032 6900 6758 6670 6624 6605 6594 6518 6463 6409 6388 6454 5652 5529 5398 5691 5635 5522 5429 5305 5041 4991 4882 4728 5163 5015 4817 4670
-9999 -9999 -9999 -9999 -9999 -9999 -9999 -9999 -9999 -9999 -9999 -9999 -9999 -9999 -9999 -9999 -9999 -9999 -9999 -9999 -9999 -9999 -9999 -9999 -9999 -9999 -9999 8171 8032 7769 7677 7605 7552 7564 8029 8018 7807 7518 7295 7775 7740 7619 7613 7825 7756 7588 7456 7348 7257 7183 7046 6899 6804 6741 6730 6682 6516 6342 6111 5947 5820 5632 5478 5325 5174 5529 5420 5327 5230 5014 4905 4801 4688 4617 5015 4778 4655
-9999 -9999 -9999 -9999 -9999 -9999 -9999 -9999 -9999 -9999 -9999 -9999 -9999 -9999 -9999 -9999 -9999 -9999 -9999 -9999 -9999 -9999 -9999 -9999 -9999 -9999 8195 8098 7875 7700 7611 7555 7485 7437 8009 7959 7680 7545 7809 7824 7712 7629 7616 7828 7719 7588 7511 7441 7361 7248 7141 7025 7070 7046 7102 7114 7054 6874 6233 6001 5819 5651 5476 5311 5152 5036 4906 4787 4648 4365 4273 4216 4154 4617 4046 4014 3969
-9999 -9999 -9999 -9999 -9999 -9999 -9999 -9999 -9999 -9999 -9999 -9999 -9999 -9999 -9999 -9999 -9999 -9999 -9999 -9999 -9999 -9999 -9999 -9999 -9999 8230 8200 8026 7830 7666 7558 7567 7394 8090 8069 7869 7608 7507 7820 7817 7742 7660 7684 7841 7713 7616 7580 7623 7485 7417 7586 7095 7487 7628 7242 7388 7888 7179 6884 6122 5867 5687 5505 5341 5169 5014 4885 4785 4686 4524 4413 4330 4275 4261 4180 4135 4108
-9999 -9999 -9999 -9999 -9999 -9999 -9999 -9999 -9999 -9999 -9999 -9999 -9999 -9999 -9999 -9999 -9999 -9999 -9999 -9999 -9999 -9999 -9999 -9999 8208 8214 8144 7904 7740 7679 7466 8107 8102 8155 8024 7689 7497 7279 7802 7827 7759 7752 7884 7846 7723 7657 7726 8205 7584 7678 7919 7718 7906 8105 8161 7620 7435 7202 6390 6130 5872 5674 5506 5335 5162 5018 4889 4806 4787 4751 4610 4510 4480 4456 4412 4357 4333
-9999 -9999 -9999 -9999 -9999 -9999 -9999 -9999 -9999 -9999 -9999 -9999 -9999 -9999 -9999 -9999 -9999 -9999 -9999 -9999 -9999 -9999 -9999 8185 8192 8179 8073 7773 7566 8079 8087 8200 8182 8114 7988 7643 7543 7934 7903 7832 7777 7683 7536 7614 7640 7800 8182 8478 8416 7789 8683 8168 8179 8575 8357 7589 6799 6455 6390 5742 5131 5095 5018 4914 4807 4714 4648 4622 4828 4952 4792 4698 4680 4680 4664 4599 4518
-9999 -9999 -9999 -9999 -9999 -9999 -9999 -9999 -9999 -9999 -9999 -9999 -9999 -9999 -9999 -9999 -9999 -9999 -9999 -9999 -9999 -9999 8158 8172 8159 8048 7749 7481 8048 8160 8171 8166 8112 7915 7684 7559 8100 7866 7808 7775 7803 7713 7614 7564 7633 8382 8328 8936 8552 8450 8446 7979 7934 7705 7560 6779 6160 5797 5757 5139 5042 4996 4949 4867 4764 4677 4605 4554 4572 4831 4746 4688 4692 4719 4723 4668 4566
-9999 -9999 -9999 -9999 -9999 -9999 -9999 -9999 -9999 -9999 -9999 -9999 -9999 -9999 -9999 -9999 -9999 -9999 -9999 -9999 -9999 -9999 8153 8136 8044 7748 7667 8012 8127 8139 8139 8118 7987 7665 7469 7277 7155 6995 7371 7478 7738 7702 7753 7583 7962 8006 8066 8109 7822 7699 7562 7408 7065 6713 6610 6001 5930 5609 4929 4855 4831 4828 4817 4771 4692 4617 4549 4497 4511 4734 4644 4592 4604 4655 4668 4633 4557
