Data/ppt/PRISM_ppt_pr_1963-1995_normal_450mM1_11_asc.asc
ncols 557
nrows 164
xllcorner -67.31875000000
yllcorner 17.86875000000
cellsize 0.00416666667
NODATA_value -9999
[rows 68 to 101 of 164, columns 308 to 384 of 557]
17956 17970 17964 17900 17821 17735 17636 17549 17510 17500 17536 17594 17700 17858 18033 18205 18400 18610 18850 19114 19450 19690 19798 20098 20425 21071 22632 24475 25334 26208 27102 28403 29915 31274 32161 33113 33932 34931 35679 36712 37376 39013 39407 40186 45044 47333 44373 44388 43162 42648 42190 41334 40717 40027 39030 38049 37144 36210 35783 35732 36083 36971 38805 41516 44215 45005 43863 42502 40018 37144 34809 32843 31489 30463 29538 28781 28220
17971 18002 18013 17981 17884 17784 17684 17600 17558 17542 17564 17624 17708 17824 17964 18101 18231 18351 18493 18648 18870 19127 19436 19909 20305 20599 21602 22360 23617 25356 26602 27282 28848 30166 31940 33437 34416 35507 36214 36522 37080 38297 36815 38249 41478 45435 45456 43151 42512 42290 41524 40708 40297 39722 38737 37790 36733 35487 35062 35422 36124 37141 38553 39777 41598 41938 41349 39729 37814 35304 33148 32178 31067 30118 29311 28628 28130
18142 18094 18075 17992 17906 17833 17778 17752 17744 17751 17800 17876 17959 18082 18222 18354 18435 18484 18503 18528 18547 18623 18785 19133 19674 20410 21084 21724 22662 23286 23847 24268 26715 29408 32666 34913 35620 38047 37212 36693 37601 39098 38945 40657 43798 46148 47821 44572 42743 41706 39691 38423 38893 38430 38107 39018 37091 34819 34454 35486 37651 38940 38318 38912 39491 39353 38428 37122 35215 34158 32936 31527 30635 29717 28975 28360 27837
18305 18188 18082 18003 17936 17899 17902 17938 17989 18064 18198 18320 18463 18634 18821 18991 19079 19054 18928 18770 18585 18477 18469 18538 18777 19171 19877 20465 21330 22357 23344 24016 24775 25807 28494 29844 30685 32346 33040 35765 37925 38065 38563 40669 42138 43314 44414 44109 43908 41958 40308 39900 37648 35249 37106 39061 37465 36446 35454 36310 39274 39861 39830 38618 37628 36783 35544 34141 32993 31487 29799 29743 29288 28825 28329 27736 27227
18477 18299 18159 18063 18016 18006 18051 18140 18264 18433 18725 18930 19156 19404 19649 19902 20031 19997 19775 19454 19070 18762 18528 18447 18433 18518 18719 19168 19669 20309 21321 22618 24356 23458 25198 26612 27893 29174 30224 30566 31702 33626 34127 35168 33210 35311 34791 38265 42633 42763 41979 40876 39147 36538 35950 37350 37619 37175 35935 37397 40457 41023 40974 38788 36479 34869 33355 32070 30366 28694 27596 27108 27134 27517 27229 26587 26208
18670 18485 18317 18216 18142 18142 18215 18363 18575 18862 19275 19625 19893 20161 20411 20694 20827 20807 20656 20382 19949 19429 19012 18708 18515 18297 18209 18300 18506 18972 19721 20608 21794 22579 23722 24699 25267 25895 26588 27834 28085 29191 30867 30990 31400 32108 33466 33957 36136 40749 44993 42674 40747 38610 36701 38410 38473 37012 34318 32761 33551 36713 38531 36766 35043 33706 31948 30451 28278 27253 26468 25744 25788 26377 26122 25772 25003
18876 18714 18574 18432 18347 18313 18396 18592 18893 19231 19642 20174 20504 20801 21145 21498 21638 21589 21389 21141 20855 20272 19712 19256 18841 18474 18191 18060 18052 18173 18433 19383 20177 20821 21854 22509 23508 24199 25058 25775 26420 26870 28349 28697 29739 31138 32669 32478 32911 37337 41606 44729 41410 39778 39357 39379 39363 36114 31833 29493 28870 30273 31949 33516 32902 31185 29229 28110 26495 25643 24896 24525 24580 24998 24865 24608 23710
19061 18963 18832 18705 18577 18535 18611 18831 19181 19596 20024 20593 21030 21383 21825 22190 22356 22338 22081 21732 21429 20937 20325 19791 19332 18951 18481 18126 17943 17946 18129 18614 19185 19770 20361 20977 21515 21850 22423 22995 23571 24026 25444 25757 26611 27779 29592 30528 31922 33175 35478 38371 40518 40476 40128 40149 39227 34241 30001 27320 26225 26604 27079 28013 28859 28935 27609 26599 25940 24840 24006 23670 23661 23817 23834 23601 23053
19229 19154 19074 18970 18873 18837 18895 19119 19481 19889 20334 20753 21305 21716 22088 22445 22620 22604 22448 22160 21832 21298 20906 20620 20013 19379 18768 18305 18071 18001 18143 18473 18932 19406 19791 20103 20335 20647 21102 21613 22103 22549 23631 24173 24732 25697 27125 28930 29878 31637 32676 33675 36228 38545 38436 39279 35849 31695 28022 25531 24451 24482 24378 24841 25633 25851 26686 25469 24761 24007 23423 23071 22928 22942 23000 22860 22620
19384 19338 19309 19297 19299 19310 19340 19490 19769 20177 20777 21069 21493 21752 22057 22434 22641 22661 22548 22419 22141 21825 21538 21250 20463 19683 19072 18624 18374 18278 18342 18527 18863 19235 19543 19760 19963 20221 20624 21084 21550 22020 22630 23274 24083 24891 25779 26939 28791 30152 31231 31715 31750 33327 34467 34209 31695 28619 25841 23877 22771 22845 22825 23940 24026 25206 25386 24578 23934 23398 22928 22558 22289 22197 22246 22231 22504
19575 19529 19544 19625 19671 19721 19722 19801 19969 20206 20578 20912 21453 21872 22130 22448 22606 22636 22636 22554 22444 22230 21955 21611 20867 20094 19486 19076 18840 18699 18648 18708 18917 19219 19531 19762 19939 20226 20596 21040 21529 22042 22635 23315 24140 24931 25614 26367 27276 28440 29323 30250 30683 30875 30640 29703 28297 26135 24178 22576 21794 22262 22894 23124 22997 24005 24071 23260 23029 22631 22278 21977 21676 21511 21506 21802 22748
19814 19797 19825 19891 19969 19997 20025 20055 20133 20264 20477 20670 21055 21738 22104 22359 22455 22494 22538 22603 22612 22504 22240 21860 21331 20577 19970 19597 19384 19209 19060 19008 19115 19383 19694 19950 20151 20403 20761 21186 21624 22170 22808 23501 24318 25150 25781 26293 26797 27391 27881 28322 28733 28329 28067 27206 25860 24169 23010 22151 21445 22335 22595 22434 22124 22852 22721 21648 21783 21757 21538 21351 20990 21005 21088 22152 22451
19899 20118 20138 20178 20204 20249 20278 20301 20318 20374 20481 20628 20916 21675 22011 22273 22348 22372 22477 22610 22672 22661 22426 22090 21740 21055 20469 20115 19908 19709 19509 19411 19478 19696 20020 20264 20432 20650 20966 21356 21777 22298 22931 23639 24416 25214 25891 26486 26941 27156 27276 27092 27050 26794 26231 25454 24672 23746 22873 22423 22047 22300 22199 21808 20531 22030 21573 20862 20877 20924 20890 20936 20563 21136 21832 22171 22237
19242 20155 20500 20536 20564 20594 20628 20631 20578 20582 20577 20630 20835 21384 21556 21737 21873 22039 22280 22465 22717 22718 22569 22272 21935 21361 20799 20493 20280 20078 19896 19813 19873 20094 20386 20653 20774 20921 21158 21505 21885 22388 22990 23719 24532 25255 26040 26737 27401 27621 27507 27046 26752 26286 25705 25134 24588 23939 23412 23025 22456 22074 21879 21587 21577 21075 20595 20254 20234 20267 20293 20553 21115 21557 21931 22066 22054
19204 19654 20805 21150 21237 21263 21260 21155 21025 20927 20826 20764 20735 20917 20959 20962 21069 21259 21587 22046 22564 22666 22721 22469 22247 21829 21154 20750 20491 20302 20170 20142 20246 20445 20709 21006 21146 21233 21415 21694 22057 22547 23150 23899 24700 25584 26901 26876 27417 27896 27969 27532 27135 26441 25850 25417 24975 24412 24212 23638 22965 21807 21553 21570 21413 20846 20345 20044 19895 19908 20131 20775 21337 21821 22012 21964 21999
19484 19923 20464 21397 21650 21729 21734 21639 21468 21339 21172 21022 20905 20807 20733 20714 20737 20886 21168 21602 22109 22344 22582 22485 22300 21887 21320 20913 20589 20388 20325 20362 20519 20728 20979 21339 21471 21566 21717 21963 22291 22765 23377 24131 24918 25691 26508 26758 27317 28146 28132 27636 27102 26587 26013 25689 25179 24423 24147 23002 22290 22010 22604 22035 21512 20916 20403 20000 19943 20008 20501 21019 21584 21860 21866 21913 22009
19969 20270 20719 21734 22011 22102 22188 22143 21985 21794 21566 21384 21171 20896 20748 20650 20634 20696 20926 21248 21696 21955 22268 22267 22234 21936 21464 21011 20642 20421 20392 20492 20672 20903 21184 21495 21730 21841 21997 22238 22561 23008 23615 24369 25168 25866 26420 26882 27446 28861 28426 27497 26695 26173 25643 25407 24566 23845 23278 22565 22042 22193 22823 22198 21602 20968 20431 20184 20392 20415 20814 21270 21608 21663 21733 21853 22024
20159 20569 21120 22009 22262 22390 22498 22505 22393 22213 21981 21677 21383 21048 20793 20734 20661 20655 20773 21017 21326 21689 21912 22018 22083 21863 21519 21083 20700 20474 20460 20571 20773 21006 21244 21596 21851 22049 22245 22468 22760 23171 23756 24484 25327 26012 26568 26950 27559 28572 28062 27116 26069 25529 25120 24783 23496 22878 22223 21995 21901 22802 22652 22054 21459 20806 20307 20218 20629 20789 21110 21395 21456 21473 21581 21623 21914
20280 20815 21360 22186 22321 22425 22709 22743 22650 22553 22239 21867 21515 21111 20879 20773 20758 20687 20724 20886 21097 21364 21610 21753 21804 21722 21450 21110 20783 20571 20556 20665 20853 21076 21326 21613 21967 22217 22428 22653 22932 23315 23838 24471 25364 26091 26584 27276 27790 28108 27410 26641 25463 24867 24461 24030 22922 22282 21395 21409 21638 22235 21935 21486 21050 20600 20263 20646 21150 21134 21274 21307 21310 21299 21241 20964 21507
20351 21077 21600 22210 22122 22089 22603 22924 22867 22679 22341 21861 21449 21141 20856 20786 20816 20770 20760 20866 21048 21237 21447 21584 21650 21595 21404 21152 20879 20708 20691 20793 20950 21160 21405 21710 22018 22346 22583 22813 23091 23465 23912 24412 25265 25936 26616 28103 28042 27671 26674 25577 24878 24282 23746 23259 22393 21880 21194 21227 21258 21009 21289 20913 20476 20403 20570 21044 21269 21230 21219 21231 21207 21143 21171 21089 21282
19858 21270 21780 22097 22074 21990 22169 22982 23025 22663 22155 21673 21371 21073 20871 20789 20923 20919 20896 21011 21207 21422 21599 21732 21772 21694 21523 21269 21043 20900 20893 20957 21118 21315 21570 21815 22147 22445 22727 22959 23236 23547 23880 24228 24983 25576 26316 27386 27379 27002 26290 25635 24800 24049 23429 22909 22381 21922 21180 21197 21125 20621 20225 20310 20169 20476 20923 21173 21183 21010 21169 21170 21111 21014 21015 21023 21002
20770 20854 21597 21968 22108 22227 22275 23018 23023 22334 21850 21579 21300 21083 20892 20854 20970 21122 21154 21307 21569 21872 22111 22235 22251 22143 21849 21565 21316 21173 21144 21232 21348 21569 21809 22060 22293 22589 22848 23073 23299 23580 23820 24107 24702 25356 26227 26702 26641 26389 26012 25778 24890 24021 23357 22925 22485 22178 21644 21454 21106 20488 19945 19986 20368 20890 21108 21118 20959 20571 20958 21101 21044 20929 20909 20922 20845
20540 20435 21036 21760 22223 22581 22621 22053 22902 22463 22064 21759 21472 21185 20991 20894 21041 21344 21532 21748 22107 22580 22856 22981 23002 22877 22455 22034 21711 21510 21448 21516 21681 21881 22133 22333 22533 22744 22964 23168 23364 23576 23821 24009 24465 25066 25812 26113 26082 25860 25640 25528 24713 23864 23160 23017 22740 22485 22223 21890 21324 20551 20093 20087 20791 21057 21075 21082 21089 20927 21088 21063 21000 20889 -9999 -9999 -9999
20933 19922 20602 21599 22080 22584 22623 22110 23045 22852 22526 22185 21779 21429 21219 21124 21237 21735 21980 22222 22664 23114 23376 23510 23557 23484 23209 22737 22247 21925 21820 21911 22050 22267 22469 22646 22776 22935 23140 23305 23446 23610 23746 23858 23899 24056 24862 25233 25295 25201 25204 25135 24331 23647 22851 23541 23494 23279 23075 22567 21670 20564 20422 20588 20869 20974 21059 21079 21074 21070 21059 21038 20966 20877 -9999 -9999 -9999
19930 22072 21877 21128 21704 22682 22904 22493 23546 23269 22864 22518 22186 21847 21614 21494 21621 22082 22444 22710 23168 23520 23727 23951 24032 23977 23792 23418 22908 22461 22314 22375 22519 22750 22942 23050 23047 23163 23341 23457 23560 23652 23700 23644 23608 23589 23908 24150 24269 24425 24661 24874 24630 23893 22674 24145 24148 23982 23737 23081 22120 21454 20941 20749 20854 21021 21076 21085 21086 21065 21037 21006 20995 -9999 -9999 -9999 -9999
19886 21994 22218 21563 21415 22200 22764 22807 23680 23747 23268 22916 22638 22355 22144 22015 21999 22234 22675 23057 23392 23698 23973 24246 24417 24395 24227 23971 23648 23151 22935 22939 23164 23472 23671 23644 23443 23507 23489 23608 23670 23723 23687 23624 23486 23468 23516 23601 23692 23812 23759 23943 24068 23910 24102 24342 24251 24074 23810 22932 22138 21403 20774 20493 20857 21072 21102 21094 21090 21048 21010 21000 -9999 -9999 -9999 -9999 -9999
19785 22273 21810 21616 21239 21973 22877 23456 23297 23915 23839 23400 23093 22844 22676 22586 22555 22534 22790 23240 23558 23807 24149 24454 24703 24795 24689 24439 24163 23855 23610 23584 23846 23933 23951 23930 23864 24055 23839 23724 23749 23714 23687 23615 23508 23400 23343 23319 23337 23390 23339 23445 23529 23490 23788 23884 23746 23604 23324 22477 21820 21181 20691 20555 20976 21169 21110 21095 21103 21052 21009 -9999 -9999 -9999 -9999 -9999 -9999
19757 20853 22462 22236 21492 21901 22695 23515 23591 24217 24176 23757 23477 23257 23134 23079 23045 23005 23089 23464 23746 24045 24306 24671 24947 25062 25015 24848 24549 24383 24314 24247 24273 24169 24152 24082 24019 24156 24113 24023 23908 23728 23645 23633 23517 23367 23261 23212 23161 23171 23141 23199 23253 23227 23249 23125 22937 22722 22227 21699 21285 20884 20608 20503 20671 20919 20919 21111 21108 21083 -9999 -9999 -9999 -9999 -9999 -9999 -9999
19565 20820 22037 22139 21733 22012 22691 23648 24260 24555 24428 24039 23779 23620 23530 23496 23460 23408 23390 23629 23955 24335 24613 24879 25139 25321 25356 25279 25013 24768 24632 24572 24461 24361 24330 24254 24105 24078 24200 24326 24428 23897 23703 23637 23510 23327 23233 23166 23133 23090 23097 23100 23117 23015 22687 22425 22212 21882 21416 21018 20773 20537 20438 20442 20396 20483 20479 20928 -9999 -9999 -9999 -9999 -9999 -9999 -9999 -9999 -9999
19570 20665 21880 22271 22013 22932 23731 24385 24721 24723 24579 24243 24050 23937 23902 23889 23846 23773 23759 23859 24203 24605 24874 25113 25413 25600 25661 25607 25312 24968 24820 24724 24607 24494 24430 24360 24235 24132 24198 24389 24533 23900 23668 23631 23487 23319 23219 23171 23121 23096 23085 23073 23061 22825 22250 21953 21723 21334 20848 20598 20455 20370 20308 20380 20343 20312 20316 -9999 -9999 -9999 -9999 -9999 -9999 -9999 -9999 -9999 -9999
19833 20364 21607 22587 21298 22774 23297 24136 24410 24596 24578 24459 24297 24247 24265 24270 24235 24148 24135 24253 24542 24875 25127 25382 25632 25837 25861 25756 25491 25186 25016 24942 24821 24673 24540 24443 24337 24237 24169 24344 24508 23966 23693 23623 23494 23344 23269 23218 23173 23141 23118 23082 22937 22578 22029 21730 21477 21039 20618 20408 20321 20261 20264 20321 20291 20408 20306 -9999 -9999 -9999 -9999 -9999 -9999 -9999 -9999 -9999 -9999
20229 20448 20539 21593 22088 22847 23100 23660 24234 24447 24705 24573 24490 24493 24560 24627 24611 24556 24512 24636 24867 25108 25311 25585 25825 25938 25938 25823 25594 25351 25276 25200 25136 24972 24796 24650 24530 24395 24277 24366 24604 24370 23929 23687 23552 23429 23370 23320 23300 23275 23203 23111 22948 22501 22062 21773 21414 20948 20695 20526 20424 20371 20346 20448 20517 20844 -9999 -9999 -9999 -9999 -9999 -9999 -9999 -9999 -9999 -9999 -9999
20752 20894 21119 21438 22194 22853 23354 24697 24508 24175 24566 24658 24589 24631 24766 24888 24938 24892 24875 24949 25161 25338 25520 25752 25942 25995 25912 25758 25572 25439 25384 25342 25256 25166 25008 24853 24725 24556 24414 24465 24793 24845 24394 23990 23781 23564 23494 23588 23547 23441 23323 23197 22990 22629 22273 22027 21731 21453 21313 21124 21020 20925 20908 20923 20920 -9999 -9999 -9999 -9999 -9999 -9999 -9999 -9999 -9999 -9999 -9999 -9999
21163 21190 21652 22033 23360 22943 23806 24501 24453 24331 24708 24713 24650 24658 24856 25042 25119 25136 25141 25209 25394 25532 25679 25860 26011 25992 25867 25676 25538 25474 25387 25282 25213 25196 25076 24945 24771 24617 24470 24470 24677 24773 24633 24537 24149 23860 23725 23942 23718 23462 23362 23267 23176 22925 22622 22272 21931 21668 21518 21339 21222 21137 21044 21075 21075 -9999 -9999 -9999 -9999 -9999 -9999 -9999 -9999 -9999 -9999 -9999 -9999
