Data/ppt/PRISM_ppt_pr_1963-1995_normal_450mM1_04_asc.asc
ncols 557
nrows 164
xllcorner -67.31875000000
yllcorner 17.86875000000
cellsize 0.00416666667
NODATA_value -9999
[rows 34 to 67 of 164, columns 0 to 77 of 557]
-9999 -9999 -9999 -9999 -9999 -9999 -9999 -9999 -9999 -9999 -9999 -9999 -9999 -9999 -9999 -9999 -9999 -9999 -9999 -9999 -9999 -9999 -9999 -9999 -9999 -9999 -9999 -9999 -9999 -9999 9674 9751 9885 9986 10056 10158 10224 10296 10374 10455 10522 10651 10949 11329 11681 11696 11832 12158 12577 12763 12981 13254 13546 13917 14345 14733 15265 15749 16291 16829 17443 17877 18262 17788 17893 18277 18069 18077 18218 18088 17976 17849 17923 17937 18124 18259 18971 18943
-9999 -9999 -9999 -9999 -9999 -9999 -9999 -9999 -9999 -9999 -9999 -9999 -9999 -9999 -9999 -9999 -9999 -9999 -9999 -9999 -9999 -9999 -9999 -9999 -9999 -9999 -9999 -9999 8430 9202 9575 9771 9929 10046 10143 10229 10315 10373 10424 10460 10507 10592 10792 11099 11282 11402 11563 12242 12598 12803 12774 12941 13170 13434 13526 13858 14487 15107 15650 16187 16963 17438 17897 18544 19004 18754 18911 19111 19375 19175 19061 18489 18220 17950 17783 17405 18009 17954
-9999 -9999 -9999 -9999 -9999 -9999 -9999 -9999 -9999 -9999 -9999 -9999 -9999 -9999 -9999 -9999 -9999 -9999 -9999 -9999 -9999 -9999 -9999 -9999 -9999 -9999 8476 8882 9014 9421 9653 9856 10024 10161 10235 10303 10362 10398 10430 10446 10464 10526 10645 10897 11158 11371 11438 12199 12625 13335 12456 12677 13048 13246 13254 13527 13994 14331 15326 15525 16420 17044 17499 18207 18734 19356 19888 20043 20208 19603 19487 19605 18760 18394 17908 16839 17731 17713
-9999 -9999 -9999 -9999 -9999 -9999 -9999 -9999 -9999 -9999 -9999 -9999 -9999 -9999 -9999 -9999 -9999 -9999 -9999 -9999 -9999 -9999 -9999 -9999 8399 8498 8710 8960 9211 9500 9722 9953 10104 10199 10288 10340 10387 10423 10429 10426 10420 10420 10472 10557 10700 10972 11173 11821 12276 12577 12522 12624 13385 13553 13749 13908 14267 14795 15441 15784 16203 16484 16775 17572 18309 18885 19433 19724 19893 20339 19810 19576 18937 18550 18119 17647 17593 17028
-9999 -9999 -9999 -9999 -9999 -9999 -9999 -9999 -9999 -9999 -9999 -9999 -9999 -9999 -9999 -9999 -9999 -9999 -9999 -9999 -9999 8366 8374 8404 8475 8621 8840 9089 9340 9608 9852 10046 10150 10262 10319 10376 10420 10430 10426 10410 10383 10370 10369 10413 10486 10659 10944 11316 11692 12033 12249 12212 12797 13090 13331 13658 14185 14805 15381 15802 16090 16345 16647 16978 17506 18200 18758 18946 19053 19195 19157 19040 18793 18577 18332 17948 17814 17525
-9999 -9999 -9999 -9999 -9999 -9999 -9999 -9999 -9999 -9999 -9999 -9999 -9999 -9999 -9999 -9999 -9999 8355 8360 8367 8370 8373 8404 8475 8531 8693 8881 9201 9459 9774 9973 10105 10206 10292 10365 10408 10431 10439 10435 10416 10395 10380 10387 10416 10513 10664 10903 11167 11490 11859 12216 12462 12784 13004 13248 13586 14089 14569 14953 15190 15279 15377 15687 16167 16889 17538 17991 17869 18040 18239 18362 18350 18385 18366 18438 18470 18512 17938
-9999 -9999 -9999 -9999 -9999 -9999 -9999 -9999 -9999 -9999 -9999 -9999 -9999 8349 8362 8380 8385 8375 8376 8382 8390 8407 8451 8512 8651 8839 9104 9422 9698 9913 10056 10155 10238 10324 10393 10433 10451 10448 10450 10440 10432 10440 10463 10589 10756 10931 11101 11283 11547 11934 12394 12809 13144 13375 13598 13827 14148 14416 14593 14641 14594 14578 14758 15161 15733 16319 16698 16923 17234 17459 17680 17853 18027 18246 18473 19000 19700 18991
-9999 -9999 -9999 -9999 -9999 -9999 -9999 -9999 -9999 -9999 -9999 -9999 8384 8385 8406 8419 8420 8414 8417 8424 8434 8453 8513 8585 8781 9043 9264 9527 9757 9943 10089 10210 10295 10387 10430 10466 10469 10465 10462 10466 10477 10580 10664 11046 11285 11454 11550 11609 11783 12169 12746 13301 13772 13996 14125 14186 14262 14318 14328 14252 14133 14049 14126 14413 14830 15158 15525 15883 16295 16669 16987 17340 17703 18037 18306 18647 19145 19003
-9999 -9999 -9999 -9999 -9999 -9999 -9999 -9999 -9999 -9999 -9999 8409 8417 8458 8489 8502 8502 8499 8501 8493 8504 8553 8642 8731 8886 9105 9332 9604 9797 9946 10099 10256 10375 10437 10490 10499 10493 10491 10493 10530 10635 11045 11334 11702 12005 12219 12220 12150 12202 12551 13151 13738 14177 14380 14421 14335 14234 14145 14062 13922 13784 13694 13723 13933 14266 14548 14780 15237 15563 15968 16447 16937 17371 17790 18102 18456 18826 18875
-9999 -9999 -9999 -9999 -9999 -9999 -9999 -9999 -9999 -9999 8405 8428 8486 8548 8599 8628 8631 8643 8621 8610 8620 8663 8772 8861 8965 9151 9407 9642 9815 10027 10177 10349 10453 10515 10526 10529 10528 10548 10620 10718 11042 11597 11980 12433 12814 13117 13120 12885 12746 12872 13292 13831 14211 14354 14281 14104 14002 13847 13742 13696 13604 13553 13589 13729 14128 14434 14577 14994 15313 15646 16126 16644 17090 17520 17906 18235 18446 18543
-9999 -9999 -9999 -9999 -9999 -9999 -9999 -9999 -9999 8390 8403 8471 8553 8644 8721 8761 8813 8818 8787 8776 8756 8823 8938 9054 9153 9284 9451 9665 9839 10178 10307 10439 10517 10548 10549 10569 10630 10718 10822 10959 11391 11991 12515 13204 13579 14110 14157 13786 13378 13222 13361 13608 13952 14068 13867 13738 13686 13561 13532 13599 13638 13729 14091 14177 14103 14120 14228 14849 15369 15696 15951 16350 16778 17168 17557 17830 18034 18173
-9999 -9999 -9999 -9999 -9999 -9999 -9999 -9999 8368 8369 8411 8481 8593 8703 8825 8912 8979 8988 8959 8941 8913 8969 9050 9169 9279 9391 9578 9840 10062 10257 10370 10479 10559 10560 10599 10678 10866 11104 11190 11305 12268 12510 13235 14146 14579 15015 14932 14583 14092 13695 13546 13592 13921 13917 13702 13577 13658 13539 13529 13582 13559 13527 13586 13660 13710 13755 14013 14794 15076 15237 15482 16078 16659 16863 16929 17119 17313 17626
-9999 -9999 -9999 -9999 -9999 -9999 -9999 -9999 -9999 8376 8368 8466 8577 8735 8900 8997 9038 9047 9012 9013 9044 9089 9149 9224 9361 9562 9735 9949 10148 10329 10436 10540 10590 10649 10735 10962 11368 11741 11684 12251 12777 12981 13772 14753 15456 15685 15549 15195 14741 14321 13996 13841 13975 13909 13765 13715 13871 13732 13639 13602 13544 13495 13472 13496 13521 13619 14018 14419 14746 14887 14975 15377 15736 16481 16373 16526 16611 17016
-9999 -9999 -9999 -9999 -9999 -9999 -9999 -9999 -9999 -9999 8320 8392 8533 8675 8807 8880 8924 8992 8998 9042 9129 9168 9206 9253 9349 9660 9860 10044 10280 10455 10523 10624 10735 10937 11138 11682 11973 12366 12484 12988 13556 13779 14860 15670 16090 16199 16048 15740 15347 14990 14549 14284 14146 14030 13935 13876 13980 13918 13873 13794 13738 13676 13631 13617 13621 13589 13710 14144 14621 14771 14767 14935 15220 15860 16305 16883 16255 16608
-9999 -9999 -9999 -9999 -9999 -9999 -9999 -9999 -9999 -9999 8269 8339 8448 8578 8707 8811 8920 9034 9069 9150 9265 9286 9416 9459 9573 9903 10107 10474 10733 10733 10724 10941 11404 11704 11876 12512 12776 13184 13387 13859 14381 14850 15289 16303 16620 16636 16357 16105 15735 15410 15026 14702 14449 14282 14258 14264 14264 14223 14224 14184 14103 14027 13969 13905 13939 13874 13843 13938 14484 14882 15006 15146 15373 15692 16083 16522 16775 17216
-9999 -9999 -9999 -9999 -9999 -9999 -9999 -9999 -9999 -9999 -9999 8321 8346 8445 8577 8732 8906 9043 9138 9243 9406 9552 9938 9792 10405 10569 10729 10980 11244 11233 11558 11767 12128 12482 12720 13023 13547 14224 13922 14645 14982 15755 16446 16914 17069 16839 16213 16064 15876 15644 15308 14999 14747 14616 14619 14682 14683 14606 14619 14675 14689 14605 14517 14451 14736 14649 14667 14635 14847 15292 15345 15333 15584 15819 16121 16514 17070 17650
-9999 -9999 -9999 -9999 -9999 -9999 -9999 -9999 -9999 -9999 -9999 -9999 8268 8302 8412 8564 8759 8985 9152 9329 9569 10112 10360 10684 10914 11090 11293 11827 11934 11969 12136 12300 12617 12912 13232 13993 14528 14822 14895 15378 16021 16523 17137 17398 17316 16716 16401 16241 16013 15738 15508 15279 15116 15051 15072 15139 15219 15226 15187 15214 15302 15241 15209 15331 15384 15253 15411 15248 15789 16231 16202 16133 16200 16275 16408 16716 17428 17760
-9999 -9999 -9999 -9999 -9999 -9999 -9999 -9999 -9999 -9999 -9999 -9999 8198 8208 8264 8402 8602 8862 9135 9368 9630 10534 10765 11208 11550 11646 11714 12039 12064 12336 12687 13069 13359 13789 13902 14143 14659 14877 15454 16269 16656 17410 17809 17824 17563 16762 16623 16507 16220 16028 15847 15716 15653 15662 15700 15750 15800 15858 15927 15884 15949 15891 15870 16037 16279 16186 16113 16352 16681 16882 16947 16906 16809 16794 16858 17072 17715 17864
-9999 -9999 -9999 -9999 -9999 -9999 -9999 -9999 -9999 -9999 -9999 -9999 -9999 8112 8176 8307 8482 8727 9026 9354 9599 9919 10747 11193 11564 11919 12141 12394 12433 13220 13724 14079 14237 14355 14613 14713 15127 15158 15373 16150 16530 17409 18172 18132 17874 17494 17041 16897 16725 16613 16468 16410 16416 16465 16491 16510 16493 16514 16641 16652 16665 16653 16878 16824 16760 16733 16944 17118 17318 17437 17465 17412 17323 17270 17298 17405 17805 17921
-9999 -9999 -9999 -9999 -9999 -9999 -9999 -9999 -9999 -9999 -9999 -9999 -9999 8067 8129 8243 8407 8630 8961 9451 9974 10364 10956 11517 11667 12111 12672 12659 13258 13982 14450 15035 15321 15197 15584 15555 15480 15388 14979 15529 16212 16523 17645 18162 18065 17789 17227 17125 16985 16995 16976 16993 17055 17135 17174 17253 17281 17295 17387 17442 17475 17499 17471 17339 17240 17179 17332 17452 17643 17753 17755 17721 17674 17634 17596 17622 17756 17887
-9999 -9999 -9999 -9999 -9999 -9999 -9999 -9999 -9999 -9999 -9999 -9999 -9999 -9999 8156 8249 8356 8594 8925 9437 10031 10570 11293 11954 12238 12661 12984 12914 13721 14749 15276 15910 16166 15896 15911 15841 15844 16116 15715 15802 16421 17360 17763 18186 18190 18132 17946 17504 17163 17242 17467 17696 17846 17960 17824 17760 17816 17869 17999 18114 18103 18054 17927 17823 17746 17663 17601 17699 17815 17945 17961 17974 17935 17903 17901 17900 17902 18033
-9999 -9999 -9999 -9999 -9999 -9999 -9999 -9999 -9999 -9999 -9999 -9999 -9999 -9999 -9999 8216 8330 8578 8890 9286 9834 10364 10905 11523 12167 12513 13122 13483 14399 15173 16011 16660 16706 16304 16105 16013 16515 16419 15987 16293 17042 17325 17744 18019 18082 18178 18146 17681 17298 17102 17439 17977 18318 18823 18998 18479 18461 18377 18346 18414 18488 18418 18303 18192 18142 18019 17960 17887 17973 18052 18125 18139 18145 18110 18098 18114 18108 18129
-9999 -9999 -9999 -9999 -9999 -9999 -9999 -9999 -9999 -9999 -9999 -9999 -9999 -9999 -9999 8237 8316 8591 8916 9262 9732 10271 10873 11405 12167 12737 13082 13753 14765 15728 16667 17416 17388 17187 16826 16612 16843 17154 16547 16258 16391 16443 16676 17217 17424 17625 17602 17326 17044 16318 16238 17306 17785 18763 19378 19538 19384 19181 18646 18613 18629 18689 18553 18466 18320 18277 18164 18033 18063 18122 18179 18230 18236 18227 18217 18202 18238 18262
-9999 -9999 -9999 -9999 -9999 -9999 -9999 -9999 -9999 -9999 -9999 -9999 -9999 -9999 -9999 -9999 8388 8631 8966 9307 9791 10401 10973 11645 12344 13037 13788 14503 15310 16083 17048 17982 17962 18058 17646 17059 16982 16230 15725 15201 15041 15219 15525 16061 16382 16413 16665 16679 16458 15770 15421 16241 17043 18048 18663 19217 19329 19548 18818 18576 18634 18663 18655 18549 18316 18304 18207 18028 18046 18197 18231 18278 18288 18285 18251 18264 18235 18283
-9999 -9999 -9999 -9999 -9999 -9999 -9999 -9999 -9999 -9999 -9999 -9999 -9999 -9999 -9999 -9999 8506 8705 8957 9426 9986 10484 11224 11816 12680 13289 13815 14488 15321 15952 16532 17057 17277 16763 15754 15119 14790 14263 13987 13685 13704 14062 14389 14905 15204 15251 15549 15731 15455 15013 14821 15205 16377 16970 17759 18527 18862 18911 18439 18256 18108 17839 18228 18202 17920 18105 18117 17951 17953 18094 18166 18303 18259 18298 18290 18235 18224 18199
-9999 -9999 -9999 -9999 -9999 -9999 -9999 -9999 -9999 -9999 -9999 -9999 -9999 -9999 -9999 -9999 -9999 8864 9074 9468 10031 10461 11326 11962 12428 12956 13202 13452 13709 13893 14139 14370 14512 14208 13556 13207 13076 12763 12629 12531 12675 13056 13429 13897 14129 14269 14463 14737 14760 14409 13862 14542 15279 15992 16981 17739 18081 17675 17344 17351 17495 17473 17544 17296 17262 17374 17573 17652 17670 17729 17801 18108 18238 18242 18283 18311 18291 18311
-9999 -9999 -9999 -9999 -9999 -9999 -9999 -9999 -9999 -9999 -9999 -9999 -9999 -9999 -9999 -9999 -9999 -9999 9190 9398 9827 10271 10664 11499 11674 12162 12209 12235 12268 12283 12351 12477 12638 12449 12057 11951 11950 11779 11664 11561 11728 12106 12436 12854 13093 13206 13349 13925 13901 13530 13022 13598 14526 14861 15728 16584 16801 16830 16738 16631 16803 16869 16865 16737 16214 16560 16739 17133 17223 17132 17192 17763 17999 18126 18225 18106 18253 18274
-9999 -9999 -9999 -9999 -9999 -9999 -9999 -9999 -9999 -9999 -9999 -9999 -9999 -9999 -9999 -9999 -9999 -9999 -9999 9312 9670 9911 10250 10583 10985 11319 11273 11253 11296 11277 11305 11402 11543 11455 11161 11014 11020 10855 10676 10779 10925 11201 11613 11901 12165 12252 12531 12904 12958 13029 12995 12771 13496 13947 14585 15375 15763 15892 15764 15692 15771 15823 15706 15730 15632 16328 16444 16544 16684 16694 16643 16626 17107 17615 17924 17303 17847 17933
-9999 -9999 -9999 -9999 -9999 -9999 -9999 -9999 -9999 -9999 -9999 -9999 -9999 -9999 -9999 -9999 -9999 -9999 -9999 -9999 9652 9590 9638 9905 10233 10320 10519 10505 10486 10465 10457 10475 10594 10597 10444 10196 10186 10196 9858 9899 10283 10352 10775 11104 11226 11369 11606 11946 12060 12284 12513 11903 12497 12784 13289 14093 14567 14785 14716 14728 14744 14772 14835 15192 15487 16091 16117 16044 16090 16190 15949 15512 16523 16644 16870 16959 17298 17241
-9999 -9999 -9999 -9999 -9999 -9999 -9999 -9999 -9999 -9999 -9999 -9999 -9999 -9999 -9999 -9999 -9999 -9999 -9999 -9999 -9999 9343 9338 9444 9591 9619 9931 9927 9912 9900 9898 9917 10010 10024 9930 9623 9649 9686 9660 9718 9875 10051 10266 10361 10486 10677 10899 11301 11540 11778 12002 12133 11603 11691 11964 12649 13193 13499 13564 13762 13835 13888 13918 14240 15268 15674 15593 15429 15630 15837 15937 16072 16117 16120 16293 16450 16696 16666
-9999 -9999 -9999 -9999 -9999 -9999 -9999 -9999 -9999 -9999 -9999 -9999 -9999 -9999 -9999 -9999 -9999 -9999 -9999 -9999 -9999 -9999 -9999 -9999 -9999 -9999 9447 9466 9451 9448 9466 9473 9467 9478 9506 9464 9509 9552 9595 9654 9723 9862 10052 10185 10294 10434 10619 10936 11187 11413 11657 11842 11258 11315 11496 11684 11993 12262 12641 13084 13585 13886 14248 14699 15015 15208 15121 14877 15218 15370 15552 15778 15816 15895 16073 16100 15858 15957
-9999 -9999 -9999 -9999 -9999 -9999 -9999 -9999 -9999 -9999 -9999 -9999 -9999 -9999 -9999 -9999 -9999 -9999 -9999 -9999 -9999 -9999 -9999 -9999 -9999 -9999 -9999 -9999 9339 9349 9371 9415 9399 9373 9404 9443 9481 9521 9580 9667 9754 9827 9989 10107 10216 10331 10453 10647 10938 11182 11432 11597 11160 11170 11305 11438 11592 11719 12264 13048 13615 13995 14033 14235 14540 14893 14500 14549 14513 14582 14795 15303 15562 15729 15846 15869 15714 15590
-9999 -9999 -9999 -9999 -9999 -9999 -9999 -9999 -9999 -9999 -9999 -9999 -9999 -9999 -9999 -9999 -9999 -9999 -9999 -9999 -9999 -9999 -9999 -9999 -9999 -9999 -9999 -9999 9309 9362 9417 9465 9453 9396 9388 9433 9460 9516 9585 9721 9787 9872 9943 10086 10193 10283 10403 10566 10850 11096 11348 11614 11708 11274 11282 11400 11560 11635 12126 12486 13248 13849 13447 13979 14263 14174 14292 14551 14629 14668 14712 14879 15284 15527 15627 15821 15802 15834
-9999 -9999 -9999 -9999 -9999 -9999 -9999 -9999 -9999 -9999 -9999 -9999 -9999 -9999 -9999 -9999 -9999 -9999 -9999 -9999 -9999 -9999 -9999 -9999 -9999 -9999 -9999 -9999 9316 9376 9461 9513 9502 9396 9390 9424 9460 9486 9542 9685 9785 9848 9938 10061 10187 10284 10417 10593 10861 11123 11390 11658 11795 11389 11387 11554 11922 12003 12214 12381 12941 13183 13366 13766 14070 14221 14448 14651 14858 14947 14970 15019 15066 14843 15242 15586 15599 15652
