Data/ppt/PRISM_ppt_pr_1963-1995_normal_450mM1_05_asc.asc
ncols 557
nrows 164
xllcorner -67.31875000000
yllcorner 17.86875000000
cellsize 0.00416666667
NODATA_value -9999
[rows 68 to 101 of 164, columns 231 to 307 of 557]
22757 22726 22794 22876 22933 22974 23076 23072 23113 23098 23028 22936 22824 22772 22739 22753 22762 22815 22785 22722 22591 22569 22559 22547 22378 22260 22131 22006 21766 21530 21356 21262 20854 20395 19404 18387 18437 18042 18504 18410 18764 18769 18667 18325 18167 17826 17729 17726 18106 17603 16874 17338 17287 17055 17520 17603 17671 17732 17617 17434 17547 17174 17700 18242 17118 17293 17000 17077 17252 17202 17118 17065 17023 16810 16631 16568 16531
22996 22990 23037 23114 23203 23191 23150 23148 23182 23155 23040 22959 22896 22811 22805 22809 22897 22937 22977 22833 22681 22522 22470 22428 22362 22468 22330 22256 22002 21803 21394 21043 20600 19279 18923 18297 18003 17422 17818 18066 18457 18432 18281 17670 17224 17159 16677 16540 16906 16662 16445 16563 16401 16484 16786 16713 16696 16562 16346 16260 16273 16259 16347 16350 16348 16414 16416 16455 16601 16670 16763 16731 16704 16652 16560 16495 16602
23287 23278 23318 23431 23492 23409 23388 23343 23331 23284 23133 23052 22968 22935 22930 22945 23012 23079 23087 22993 22811 22639 22620 22511 22418 22782 22363 22044 21655 21559 20933 20082 19589 18954 18584 17442 17133 16841 16846 17094 17437 17589 17620 17357 17049 16827 16516 16332 16232 15959 15793 15610 15578 15759 15906 15991 16079 16080 15982 15898 15877 15909 15953 15993 16072 16108 16190 16390 16503 16589 16540 16575 16579 16572 16560 16732 16979
23879 23921 23752 23787 23871 23820 23754 23690 23605 23411 23226 23157 23131 23142 23107 23091 23086 23055 23085 23070 22987 23025 22997 22932 22955 22935 21935 21413 20538 20732 20209 19098 18313 17797 17456 16846 16604 16345 16391 16742 17157 17464 17813 17535 17220 16834 16545 16378 16157 15898 15701 15552 15510 15636 15719 15833 15904 15920 15842 15702 15610 15541 15515 15619 15741 15819 16052 16710 16840 16832 16604 16443 16464 16545 16769 17403 17429
24899 25134 24318 24043 24066 24063 24038 23927 23727 23559 23430 23353 23327 23398 23416 23303 23275 23076 23012 23019 23085 23259 22989 22430 22846 22790 21657 21101 20811 19989 19725 19017 18214 16556 16280 16279 16201 16108 16346 16798 17273 17619 18295 17558 17186 16897 16618 16413 16214 15896 15717 15573 15552 15644 15742 15809 15894 15907 15786 15625 15456 15337 15292 15345 15502 15778 16682 17064 17076 17173 16925 16598 16567 16677 17068 17452 17645
25151 25531 25191 24413 24412 24161 24111 23994 23847 23690 23627 23520 23524 23613 23536 23361 23099 22840 22725 22688 22584 22528 22459 22232 22226 21877 21471 20708 21448 19730 18925 18495 17838 17452 15900 15646 15554 15771 16243 16750 17188 17364 17595 17453 17239 17048 16674 16330 16119 15852 15690 15601 15591 15662 15723 15801 15851 15863 15799 15619 15443 15325 15270 15342 15428 15807 16733 17463 17655 17774 17332 17043 17131 17203 17552 17825 17990
25007 25939 25549 25612 25472 24459 24086 24254 23928 23830 23778 23705 23681 23757 23929 23481 23013 22647 22488 22382 22254 22172 22140 22008 22060 22373 22096 20808 19843 18491 17700 17391 16853 16406 15350 15562 15382 15557 16089 16484 16787 16901 17012 17167 17032 16813 16652 16268 16007 15825 15694 15642 15657 15721 15778 15798 15830 15843 15785 15711 15588 15504 15528 15571 15755 16262 16672 17418 17733 17844 17729 17319 17211 17485 17875 17410 18137
23260 24196 24557 25173 25462 25531 24171 25075 24232 23903 23893 23818 24072 24207 24742 23727 22856 22315 22107 21815 21737 21658 21587 21368 21660 22185 22539 21041 19228 17825 16804 16319 15780 15682 15337 15260 15287 15457 15818 16138 16398 16591 16612 16776 16732 16590 16569 16237 16036 15836 15730 15707 15738 15809 15872 15891 15863 15827 15812 15804 15788 15775 15786 15832 15852 16082 16374 16833 17475 17693 17820 17824 17368 17848 18232 18430 18528
22030 22690 23174 23695 24122 24465 25051 25430 24633 24082 23948 23885 24714 24792 24818 23772 22683 21646 21249 20424 20858 20497 20024 19669 20998 20823 21326 19776 18073 16587 16352 15994 15818 15628 15424 15420 15446 15578 15729 15986 16245 16387 16546 16592 16608 16614 16460 16257 16015 15886 15805 15796 15845 15926 15989 16006 15974 15914 15904 15952 15989 16031 16044 16028 15986 15923 16038 16546 17221 17524 17762 18039 18106 17493 18066 18378 18642
23044 23665 23178 23571 24222 25495 26160 26436 25021 24614 24390 24560 25143 25305 25531 23894 22571 20969 19747 18891 19082 18287 17651 17286 18453 18641 19726 18372 16790 16125 15937 15707 15733 15665 15616 15539 15659 15739 15939 16120 16314 16481 16543 16628 16640 16613 16550 16354 16136 15964 15906 15909 15971 16050 16111 16120 16089 16084 16070 16131 16194 16257 16267 16210 16085 15942 15892 16256 16519 17312 17677 18016 18121 17458 18123 18472 18785
24425 25091 24367 24428 24378 26058 26704 27057 26578 25827 24938 25522 26119 26016 24748 23147 21806 20198 18835 17833 17588 17036 16501 16186 15958 16516 17041 16301 16146 15748 15510 15358 15509 15645 15607 15662 15728 15886 16079 16312 16478 16614 16639 16686 16690 16655 16576 16460 16248 16114 16022 16036 16091 16175 16224 16232 16226 16212 16261 16280 16345 16403 16432 16322 16150 15917 15814 16097 16344 17192 17610 18023 18368 18433 17494 18338 18679
26181 26725 26057 26013 25747 27318 27286 26659 26207 26148 25024 25627 26041 25826 24517 22976 21532 20072 18731 17583 17148 16752 16262 15802 15507 15324 15319 15251 15689 15435 15142 14944 15423 15615 15696 15737 15801 15947 16193 16403 16639 16691 16653 16714 16724 16690 16590 16483 16351 16215 16157 16150 16204 16275 16327 16338 16322 16334 16311 16339 16352 16417 16441 16352 16104 15883 15716 16088 16334 17114 17552 18049 18437 18692 18660 18590 18837
26671 26975 26891 26859 26013 26312 26976 26105 25408 25111 24506 24714 25561 25569 24531 22961 21452 20060 18763 17717 17283 16963 16555 15832 15363 15011 14769 14582 14525 14483 14424 14539 15356 15573 15752 15785 15854 15991 16219 16485 16672 16779 16717 16760 16795 16717 16628 16533 16424 16335 16269 16252 16281 16336 16382 16380 16380 16362 16361 16348 16357 16372 16426 16270 16055 15688 15458 16062 16363 17041 17525 18093 18467 18607 17779 18082 18598
25522 26155 25984 25891 24681 25419 25391 25045 24243 24509 23689 24068 25286 25295 23997 22583 21203 20106 18757 17893 17558 17295 16911 16292 15549 15004 14554 14253 14152 14203 14302 14507 14885 15244 15626 15713 15885 16043 16269 16485 16716 16824 16814 16882 16809 16734 16663 16584 16494 16409 16338 16302 16310 16362 16372 16376 16364 16366 16351 16358 16344 16330 16280 16191 15917 15619 15452 15670 16129 16755 17445 18040 18524 18882 18978 18956 18657
25144 25837 24731 24284 23943 24032 24227 24755 24313 24200 23945 24399 24407 24468 23483 22179 20784 19743 18572 17933 17729 17481 17164 16666 16006 15226 14608 14216 14165 14327 14505 14697 14916 15152 15300 15404 15757 16006 16256 16526 16666 16757 16800 16840 16817 16749 16687 16618 16533 16444 16357 16304 16306 16320 16346 16331 16338 16345 16342 16334 16306 16215 16217 16038 15968 15793 15696 15696 15928 16300 17005 17284 18258 18703 18981 19141 19128
23868 24882 23573 23280 23282 23934 23278 23325 24223 23848 22771 23444 23207 23324 22865 22046 20588 19201 18430 18009 17779 17573 17227 16754 16181 15570 14833 14353 14286 14509 14705 14870 15097 15238 15348 15391 15561 15782 16148 16448 16609 16659 16733 16808 16793 16741 16683 16618 16540 16443 16358 16297 16274 16288 16286 16298 16301 16298 16300 16284 16218 16198 16146 16041 15917 15904 15909 15857 15793 16164 16936 17324 18114 18592 18923 19322 19643
22621 23624 22438 22231 22149 22344 22028 22312 22833 22707 21688 22120 22100 22339 22100 20893 19965 18676 18175 17938 17791 17543 17173 16670 16131 15617 15221 14597 14571 14756 14935 15139 15310 15500 15627 15801 15818 15905 16087 16304 16424 16532 16617 16738 16725 16704 16655 16593 16511 16426 16344 16286 16264 16249 16264 16266 16249 16252 16243 16205 16148 16054 16055 15922 15883 15933 16000 16012 15884 16112 16838 17389 17767 18482 18949 19408 19762
21533 22116 20753 21091 20624 20813 20506 20951 21200 21107 20292 20906 20967 21255 20981 20294 19359 18502 18104 17909 17731 17446 17045 16551 15939 15136 14753 14562 14671 14919 15155 15430 15584 15670 15790 15915 16004 16008 16117 16165 16243 16342 16474 16545 16602 16626 16597 16527 16478 16387 16323 16278 16237 16230 16232 16235 16217 16209 16190 16145 16067 16024 15946 15890 15849 15871 15984 15970 15998 16097 16661 17288 17617 18430 18998 19464 19433
20762 20800 19784 19758 19570 19451 19217 19482 19693 19688 19390 19585 19678 20013 19941 19511 18663 18179 17940 17807 17591 17288 16883 16361 15533 14974 14649 14507 14673 15087 15381 15693 15848 15917 15946 16019 16082 16153 16185 16181 16198 16357 16412 16451 16419 16473 16462 16434 16392 16348 16293 16249 16230 16212 16222 16212 16207 16186 16183 16135 16102 16087 15932 15860 15841 15859 15892 15921 15940 15929 16306 17098 17602 18333 19095 19857 19389
20320 19845 19370 19000 19032 18986 18830 18772 18910 18885 18474 18725 18724 18802 18600 18202 18000 17803 17680 17582 17385 17080 16713 16278 15657 14997 14638 14473 14627 15432 15744 15902 16071 16181 16206 16245 16304 16356 16373 16309 16351 16678 16682 16521 16372 16294 16303 16295 16312 16285 16258 16240 16223 16221 16222 16221 16202 16219 16213 16273 16360 16385 16104 15893 15863 15853 15862 15893 16021 15970 16244 16846 17466 18182 18911 19678 19667
19950 18970 18779 18675 18816 18866 18716 18572 18524 18459 18206 18199 18035 17895 17754 17567 17419 17245 17102 17097 16978 16745 16550 16239 15788 15010 14670 14515 14705 15576 15937 16098 16212 16345 16430 16489 16536 16575 16558 16466 16329 16416 16620 16669 16373 16268 16241 16214 16231 16232 16234 16231 16240 16243 16242 16235 16237 16211 16258 16326 16535 16659 16543 16130 16054 15870 15846 15922 16111 15974 16056 16603 17209 17967 18719 19586 20663
20508 19510 19013 18969 18926 18844 18737 18564 18498 18400 18205 17954 17705 17428 17231 17062 16892 16713 16507 16339 16169 16037 16183 15989 15606 14943 14668 14487 14515 15213 15656 16035 16237 16413 16516 16605 16666 16681 16673 16587 16435 16311 16421 16608 16351 16249 16251 16250 16190 16210 16227 16258 16259 16273 16276 16279 16282 16271 16252 16373 16551 16636 16708 16770 16756 16072 16032 15864 16034 16262 15995 16376 17014 17614 18341 19073 19786
19812 19333 19232 19305 19060 18890 18761 18629 18486 18407 18110 17834 17516 17188 16904 16692 16515 16329 16184 16053 15942 15738 15536 15289 15034 14751 14574 14473 14430 14641 15281 15614 15938 16220 16426 16575 16665 16696 16695 16651 16520 16396 16309 16393 16295 16303 16383 16281 16256 16213 16253 16292 16315 16303 16313 16324 16340 16391 16328 16306 16369 16341 16381 16802 17067 16950 16971 16105 16072 16021 16009 16344 16968 17186 17779 18453 18786
19218 19126 19309 19487 19111 18946 18823 18663 18618 18392 18124 17780 17454 17142 16857 16639 16498 16364 16253 16158 16011 15837 15566 15303 15013 14721 14552 14479 14461 14570 15194 15384 15577 15890 16211 16463 16602 16673 16683 16673 16578 16483 16373 16297 16281 16304 16319 16348 16278 16276 16280 16385 16388 16342 16357 16357 16483 16540 16436 16365 16328 16277 16237 16398 17026 17133 17370 17266 17273 16376 16191 16220 16383 16625 17107 17567 18396
19067 18975 18971 19387 19205 19090 18976 18847 18739 18500 18151 17814 17500 17225 16981 16846 16761 16698 16650 16514 16342 16122 15857 15577 15262 14978 14740 14595 14467 14487 15193 15337 15415 15689 16031 16287 16463 16508 16569 16593 16562 16486 16414 16325 16262 16226 16267 16243 16263 16265 16345 16424 16435 16466 16379 16447 16588 16613 16470 16391 16362 16332 16306 16329 16502 16730 17463 17566 17734 17601 16386 16522 16406 16508 16682 16938 17554
19049 19233 19277 19381 19192 19187 19070 18883 18751 18506 18272 17969 17684 17458 17290 17197 17173 17140 17098 16973 16799 16583 16313 15989 15654 15300 14979 14676 14426 14315 14862 15158 15332 15565 15886 16126 16212 16256 16281 16333 16337 16359 16320 16258 16196 16158 16158 16150 16194 16251 16283 16369 16442 16528 16526 16532 16589 16487 16371 16374 16374 16367 16443 16530 16650 16811 17109 17265 17855 18002 17808 17790 16737 16584 16636 16874 17383
18774 19289 19727 19750 19405 19248 19188 18970 18845 18687 18511 18222 17993 17813 17688 17605 17562 17521 17453 17350 17209 17037 16829 16550 16241 15781 15317 14854 14457 14302 14750 14947 15100 15395 15695 15858 15909 15865 15851 15847 15923 16014 16051 16038 15981 15926 15924 16063 16122 16216 16155 16203 16334 16604 16635 16623 16637 16454 16388 16409 16438 16537 16562 16780 16987 17160 17291 17475 18040 18134 18047 17936 17663 16846 16686 16915 17341
18211 18706 19488 20048 19927 19541 19222 19102 19090 18916 18710 18473 18289 18200 18097 18001 17910 17825 17732 17627 17518 17401 17274 17080 16803 16371 15820 15223 14680 14323 14620 14818 14938 15090 15369 15431 15394 15340 15329 15336 15395 15481 15553 15641 15628 15547 15675 15944 16107 16202 15982 15988 16143 16480 16529 16562 16607 16556 16587 16621 16796 17114 16813 16923 17182 17381 17501 17662 18103 18168 18016 17850 17594 16811 16762 16927 17325
18409 18429 18863 19533 20177 19942 19516 19448 19664 19247 19000 18721 18587 18479 18407 18294 18185 18069 17956 17848 17763 17693 17620 17506 17280 16919 16363 15700 15118 14669 14735 14887 15029 15080 15113 14996 14943 14758 14701 14740 14889 15032 15094 15171 15152 15160 15324 15479 15532 15624 15626 15720 15829 16103 16130 16207 16307 16387 16432 16521 16648 16828 16794 16977 17253 17462 17591 17764 18092 18062 17914 17732 17443 16735 16874 17000 17276
17180 17564 18415 18903 19459 20152 19771 19748 19753 19389 19129 18953 18755 18668 18582 18490 18381 18247 18126 18023 17959 17932 17914 17848 17697 17395 16887 16288 15728 15305 15172 15005 14975 14894 14879 14854 14850 14401 14308 14384 14613 14731 14772 14805 14814 14802 14866 14935 14888 14912 14989 15064 15185 15608 15426 15465 15554 15636 15701 15767 15866 16022 16572 16962 17242 17457 17594 17673 17839 17819 17745 17639 17327 16870 17083 17021 17272
16411 16878 17201 18419 18788 19306 19677 19830 19798 19473 19246 18972 18795 18694 18647 18588 18499 18370 18241 18150 18113 18120 18137 18137 18058 17855 17457 16917 16424 15999 15730 15335 14941 14602 14574 14651 14852 14629 14282 14246 14439 14565 14563 14628 14622 14692 14748 14844 14788 14660 14690 14727 14790 14956 14998 15107 15199 15296 15386 15517 15671 15933 16448 16861 17175 17381 17561 17671 17742 17765 17765 17650 17523 17334 17444 17191 17404
16529 16648 16796 16984 18112 18438 18987 19439 19536 19407 19151 18906 18725 18648 18622 18599 18552 18442 18338 18265 18257 18299 18339 18382 18374 18256 17966 17524 17108 16701 16310 15793 15211 14725 14367 14362 14657 14399 14234 14244 14361 14509 14524 14527 14602 14725 14782 14855 14722 14658 14606 14560 14580 14640 14729 14849 14977 15085 15250 15430 15655 15899 16253 16672 17081 17330 17521 17685 17796 17844 17842 17850 17725 17679 17800 17976 17716
16223 16212 16240 16380 16759 17342 18172 18703 18952 18986 18890 18725 18608 18539 18534 18536 18524 18465 18389 18323 18396 18464 18548 18627 18659 18579 18360 18047 17752 17363 16915 16352 15759 15248 14744 14526 14494 14326 14304 14311 14375 14492 14537 14487 14538 14701 14737 14672 14678 14620 14621 14529 14464 14474 14532 14645 14770 14956 15168 15438 15775 16038 16319 16672 17108 17385 17604 17815 17970 18059 18071 18037 18064 18032 18091 18249 18010
15993 15806 15607 15594 15950 16658 17321 18039 18243 18373 18408 18371 18329 18326 18341 18372 18405 18357 18308 18321 18389 18534 18633 18743 18807 18813 18763 18514 18219 17869 17456 16936 16375 15845 15334 14906 14663 14488 14497 14439 14412 14512 14503 14485 14498 14636 14557 14478 14429 14487 14525 14503 14398 14392 14436 14530 14700 14922 15246 15611 16204 16504 16760 17014 17340 17600 17873 18136 18331 18434 18447 18425 18405 18439 18413 18511 18267
