Data/ppt/PRISM_ppt_pr_1963-1995_normal_450mM1_08_asc.asc
ncols 557
nrows 164
xllcorner -67.31875000000
yllcorner 17.86875000000
cellsize 0.00416666667
NODATA_value -9999
[rows 34 to 67 of 164, columns 0 to 76 of 557]
-9999 -9999 -9999 -9999 -9999 -9999 -9999 -9999 -9999 -9999 -9999 -9999 -9999 -9999 -9999 -9999 -9999 -9999 -9999 -9999 -9999 -9999 -9999 -9999 -9999 -9999 -9999 -9999 -9999 -9999 21737 21881 22297 22643 23100 23671 24312 24700 25246 25490 25562 25729 25180 25040 25071 24311 23577 22932 22835 22109 22181 20940 20763 20687 20526 20250 19379 20130 19196 19059 18803 19081 18303 19262 19048 19283 19689 19826 19641 19573 19484 19705 19662 18575 18793 17895 17665
-9999 -9999 -9999 -9999 -9999 -9999 -9999 -9999 -9999 -9999 -9999 -9999 -9999 -9999 -9999 -9999 -9999 -9999 -9999 -9999 -9999 -9999 -9999 -9999 -9999 -9999 -9999 -9999 21456 21705 21917 22269 22653 23070 23720 24364 24836 25235 25537 25667 25769 25877 25769 25869 25967 25924 25156 24090 23768 23405 23489 22217 21893 21823 21730 20732 20321 20499 20225 20101 19996 19894 19214 20329 20309 20413 20701 20406 20658 20726 20613 20705 20540 19882 19770 18950 18604
-9999 -9999 -9999 -9999 -9999 -9999 -9999 -9999 -9999 -9999 -9999 -9999 -9999 -9999 -9999 -9999 -9999 -9999 -9999 -9999 -9999 -9999 -9999 -9999 -9999 -9999 21312 21509 21607 21869 22118 22577 23072 23852 24459 24804 25155 25421 25598 25657 25716 25779 25833 25893 25955 26028 25789 25081 24335 24667 24536 23558 23303 23258 23118 21860 21566 21641 21744 21179 21146 21232 20279 20871 21249 20866 21599 21354 21714 21554 21237 21092 20934 20835 20841 19927 19815
-9999 -9999 -9999 -9999 -9999 -9999 -9999 -9999 -9999 -9999 -9999 -9999 -9999 -9999 -9999 -9999 -9999 -9999 -9999 -9999 -9999 -9999 -9999 -9999 21300 21307 21437 21522 21737 22000 22379 22981 23489 24242 24739 25020 25333 25580 25611 25646 25679 25711 25740 25771 25813 25862 25918 25765 25719 25724 25155 24809 24720 24698 24537 23210 22965 23049 22998 22279 22351 22324 21379 21695 21788 22002 22132 22423 22693 22091 22426 21989 21759 21933 21790 20466 20912
-9999 -9999 -9999 -9999 -9999 -9999 -9999 -9999 -9999 -9999 -9999 -9999 -9999 -9999 -9999 -9999 -9999 -9999 -9999 -9999 -9999 21318 21314 21304 21312 21423 21466 21689 21883 22321 22849 23760 24127 24611 24936 25242 25534 25610 25630 25649 25669 25685 25700 25721 25746 25782 25823 25871 25924 25971 25766 25810 25774 25728 25671 24657 24441 24447 24029 23367 23558 23444 22495 22778 22877 23830 23110 23674 23871 22761 23752 23074 22719 22415 22223 21907 21412
-9999 -9999 -9999 -9999 -9999 -9999 -9999 -9999 -9999 -9999 -9999 -9999 -9999 -9999 -9999 -9999 -9999 21332 21330 21330 21330 21324 21308 21308 21393 21464 21636 21837 22246 22880 23480 24036 24435 24787 25143 25414 25583 25643 25656 25668 25677 25691 25705 25724 25746 25771 25802 25839 25890 25942 25959 25976 25969 25972 25973 25652 25144 24786 24445 24107 24031 23888 23631 23886 24123 24987 24291 24820 24920 24543 24680 24574 24320 23475 23235 23722 22606
-9999 -9999 -9999 -9999 -9999 -9999 -9999 -9999 -9999 -9999 -9999 -9999 -9999 21343 21344 21345 21345 21340 21339 21340 21340 21331 21310 21362 21492 21715 21875 22332 22926 23345 23812 24162 24526 24915 25279 25529 25672 25683 25687 25693 25706 25722 25743 25768 25793 25816 25834 25855 25895 25936 25958 25979 25979 25975 25952 25718 25251 24973 24738 24677 24565 24500 24500 24557 24628 24930 24764 25007 25133 25139 25187 25076 24942 24943 24410 25083 24082
-9999 -9999 -9999 -9999 -9999 -9999 -9999 -9999 -9999 -9999 -9999 -9999 21355 21356 21363 21365 21364 21362 21361 21361 21363 21354 21389 21461 21666 21915 22204 22676 23157 23600 24027 24407 24710 25135 25450 25678 25731 25726 25725 25735 25750 25774 25806 25845 25880 25905 25910 25911 25928 25947 25985 26010 26008 25969 25680 25480 25112 24946 24829 24751 24673 24618 24583 24600 24651 24702 24757 24830 24898 25043 25045 25050 24908 25037 24892 25214 25095
-9999 -9999 -9999 -9999 -9999 -9999 -9999 -9999 -9999 -9999 -9999 21365 21371 21389 21404 21411 21411 21408 21402 21396 21396 21429 21478 21545 21651 21930 22300 22796 23319 23677 24218 24719 25131 25526 25732 25796 25792 25784 25786 25794 25814 25849 25894 25951 26001 26029 26026 25999 25956 25958 25981 26053 26027 25833 25517 25211 25029 24863 24783 24690 24602 24542 24504 24510 24539 24570 24608 24659 24736 24814 24933 24952 25037 25095 25164 25233 25321
-9999 -9999 -9999 -9999 -9999 -9999 -9999 -9999 -9999 -9999 21361 21375 21405 21437 21464 21479 21480 21473 21458 21446 21445 21471 21515 21585 21672 21886 22327 22788 23285 23879 24416 25178 25580 25810 25853 25871 25871 25871 25873 25882 25906 25946 26004 26074 26139 26168 26137 26080 26008 25939 25867 25895 25897 25690 25412 25131 24904 24811 24727 24641 24557 24486 24448 24444 24464 24488 24513 24553 24612 24688 24783 24897 25001 25101 25183 25230 25240
-9999 -9999 -9999 -9999 -9999 -9999 -9999 -9999 -9999 21350 21362 21395 21439 21488 21527 21550 21556 21547 21526 21512 21506 21510 21596 21651 21778 21975 22302 22693 23280 24482 24932 25425 25772 25897 25938 25961 25974 25984 25991 26001 26020 26064 26129 26206 26274 26275 26243 26153 26060 25880 25689 25679 25428 25222 25119 24953 24783 24716 24676 24593 24506 24447 24406 24391 24404 24423 24443 24468 24508 24572 24658 24769 24883 24998 25082 25158 25188
-9999 -9999 -9999 -9999 -9999 -9999 -9999 -9999 21339 21346 21367 21403 21459 21518 21569 21603 21617 21611 21596 21581 21569 21579 21608 21723 21838 22112 22618 23448 24106 24733 25114 25594 25883 25998 26035 26071 26098 26120 26133 26136 26149 26189 26254 26324 26379 26395 26333 26257 26142 26031 25837 25574 25161 24905 24928 24784 24701 24676 24610 24538 24482 24428 24385 24363 24364 24372 24387 24397 24426 24472 24541 24631 24732 24835 24927 25004 25075
-9999 -9999 -9999 -9999 -9999 -9999 -9999 -9999 -9999 21351 21365 21400 21452 21515 21572 21615 21641 21652 21648 21643 21638 21636 21668 21733 22003 22446 22985 23593 24255 24813 25331 25763 26018 26121 26163 26206 26245 26272 26277 26272 26275 26310 26362 26423 26473 26466 26426 26328 26214 26077 25778 25471 25071 24945 24860 24784 24718 24654 24593 24532 24471 24420 24380 24351 24338 24339 24344 24354 24365 24397 24446 24509 24581 24663 24743 24818 24898
-9999 -9999 -9999 -9999 -9999 -9999 -9999 -9999 -9999 -9999 21364 21390 21434 21487 21543 21585 21632 21656 21675 21685 21692 21695 21724 21869 22115 22638 23139 23709 24516 25127 25574 25989 26178 26253 26329 26369 26401 26413 26406 26385 26376 26406 26455 26520 26554 26548 26485 26381 26142 25928 25700 25356 25155 25022 24923 24834 24762 24694 24622 24556 24498 24444 24402 24366 24340 24329 24331 24333 24343 24355 24384 24423 24468 24520 24581 24649 24730
-9999 -9999 -9999 -9999 -9999 -9999 -9999 -9999 -9999 -9999 21362 21380 21412 21456 21497 21555 21600 21656 21675 21706 21731 21757 21843 21976 22332 22917 23477 24020 24714 25435 25861 26220 26388 26474 26521 26554 26566 26554 26517 26467 26458 26452 26526 26583 26631 26598 26416 26206 25891 25741 25517 25382 25217 25074 24959 24875 24805 24743 24676 24611 24555 24509 24463 24419 24381 24354 24347 24356 24353 24363 24372 24391 24409 24436 24471 24520 24600
-9999 -9999 -9999 -9999 -9999 -9999 -9999 -9999 -9999 -9999 -9999 21379 21395 21424 21475 21522 21600 21645 21692 21712 21768 21848 21938 22229 22602 23300 23883 24399 25006 25926 26292 26521 26607 26677 26739 26771 26760 26699 26618 26557 26523 26533 26580 26658 26660 26424 26221 25972 25822 25667 25582 25404 25251 25115 25000 24911 24848 24794 24739 24690 24646 24603 24560 24510 24450 24414 24400 24401 24410 24410 24413 24413 24411 24413 24422 24449 24503
-9999 -9999 -9999 -9999 -9999 -9999 -9999 -9999 -9999 -9999 -9999 -9999 21389 21414 21450 21513 21572 21668 21711 21772 21838 21965 22178 22544 22868 23334 23844 24579 25331 26022 26339 26715 26830 26958 27030 27058 27008 26875 26744 26668 26651 26655 26694 26709 26595 26332 25982 25944 25848 25778 25588 25428 25291 25175 25071 24980 24914 24866 24828 24796 24760 24724 24678 24604 24541 24489 24471 24478 24489 24499 24495 24482 24465 24447 24433 24430 24459
-9999 -9999 -9999 -9999 -9999 -9999 -9999 -9999 -9999 -9999 -9999 -9999 21396 21415 21452 21488 21582 21676 21803 21874 21933 22109 22240 22539 22796 23315 23772 24318 24984 25438 25811 26649 27159 27308 27423 27428 27334 27150 26950 26857 26826 26813 26807 26767 26608 26317 26024 25923 25925 25804 25630 25489 25370 25268 25178 25094 25027 24983 24951 24928 24899 24858 24784 24719 24642 24595 24570 24573 24590 24602 24597 24580 24551 24520 24487 24465 24461
-9999 -9999 -9999 -9999 -9999 -9999 -9999 -9999 -9999 -9999 -9999 -9999 -9999 21437 21463 21511 21584 21738 21878 22078 22204 22310 22666 23028 23289 23616 24022 24173 24572 25002 25581 26370 27224 27670 27760 27757 27647 27432 27238 27096 27037 26961 26900 26817 26721 26441 26153 25984 25930 25857 25746 25632 25534 25447 25369 25258 25196 25146 25115 25092 25057 24980 24909 24825 24766 24711 24679 24670 24684 24698 24698 24679 24650 24612 24572 24536 24516
-9999 -9999 -9999 -9999 -9999 -9999 -9999 -9999 -9999 -9999 -9999 -9999 -9999 21464 21499 21559 21691 21835 22116 22597 22985 22803 23649 24029 24190 24468 24769 24424 24860 25385 25819 26183 26616 27623 27837 27980 27844 27649 27451 27327 27209 27089 26968 26863 26761 26622 26376 26178 26110 26033 25959 25876 25798 25723 25617 25514 25408 25356 25319 25249 25197 25124 25028 24962 24892 24830 24782 24764 24768 24783 24783 24772 24743 24711 24673 24638 24612
-9999 -9999 -9999 -9999 -9999 -9999 -9999 -9999 -9999 -9999 -9999 -9999 -9999 -9999 21556 21644 21804 22069 22394 23035 23714 24163 24715 24893 24676 24810 25006 24521 25393 25882 26193 26661 27331 27472 27617 27888 27901 27707 27528 27398 27270 27101 26964 26869 26793 26739 26605 26491 26276 26235 26150 26077 26018 25964 25819 25762 25684 25618 25480 25417 25336 25264 25199 25117 25038 24960 24898 24862 24855 24861 24865 24852 24833 24806 24780 24755 24733
-9999 -9999 -9999 -9999 -9999 -9999 -9999 -9999 -9999 -9999 -9999 -9999 -9999 -9999 -9999 21788 22013 22293 22650 23137 23779 24300 24805 25140 25301 25543 25700 25903 27003 27308 27561 27751 27992 27948 27922 27965 27792 27583 27426 27262 27140 26982 26876 26817 26800 26792 26782 26622 26433 26292 26259 26225 26193 26078 26026 25940 25856 25742 25643 25522 25495 25449 25379 25299 25209 25116 25031 24973 24947 24946 24945 24935 24916 24896 24883 24870 24860
-9999 -9999 -9999 -9999 -9999 -9999 -9999 -9999 -9999 -9999 -9999 -9999 -9999 -9999 -9999 21884 21995 22359 22746 23172 23766 24365 24825 25226 25564 25793 25888 26219 26913 27271 27711 27816 27936 27943 27819 27663 27455 27264 27073 26949 26838 26764 26732 26750 26799 26827 26817 26684 26447 26286 26259 26263 26269 26304 26200 26150 25939 25825 25708 25676 25641 25609 25552 25471 25372 25271 25168 25087 25044 25029 25028 25017 24998 24982 24974 24975 24973
-9999 -9999 -9999 -9999 -9999 -9999 -9999 -9999 -9999 -9999 -9999 -9999 -9999 -9999 -9999 -9999 22104 22438 22806 23248 23871 24542 24973 25367 25726 25845 26036 26206 26536 26760 27300 27455 27455 27435 27296 27151 26968 26768 26686 26585 26545 26526 26547 26643 26762 26826 26807 26743 26508 26364 26286 26305 26351 26362 26409 26301 26042 25906 25846 25785 25761 25735 25686 25602 25502 25379 25270 25177 25118 25106 25104 25100 25082 25064 25062 25064 25081
-9999 -9999 -9999 -9999 -9999 -9999 -9999 -9999 -9999 -9999 -9999 -9999 -9999 -9999 -9999 -9999 22281 22587 22898 23458 24291 24738 25095 25528 25791 25973 25997 26252 26378 26520 26854 26902 26906 26852 26761 26620 26485 26393 26350 26360 26364 26364 26415 26509 26640 26727 26749 26692 26594 26420 26363 26377 26391 26463 26432 26381 26197 26079 25923 25868 25830 25808 25760 25746 25593 25414 25296 25199 25171 25143 25166 25176 25171 25157 25150 25164 25179
-9999 -9999 -9999 -9999 -9999 -9999 -9999 -9999 -9999 -9999 -9999 -9999 -9999 -9999 -9999 -9999 -9999 22820 23093 23662 24499 24932 25182 25498 25773 25847 25995 26095 26203 26280 26387 26415 26404 26399 26332 26331 26233 26154 26155 26163 26193 26240 26294 26382 26484 26555 26601 26600 26519 26421 26397 26444 26547 26586 26610 26565 26430 26283 26145 25990 25904 25895 25903 25840 25704 25472 25310 25230 25165 25187 25218 25257 25255 25253 25253 25254 25271
-9999 -9999 -9999 -9999 -9999 -9999 -9999 -9999 -9999 -9999 -9999 -9999 -9999 -9999 -9999 -9999 -9999 -9999 23337 23651 24554 25137 25332 25484 25665 25811 25866 25957 26050 26111 26137 26150 26131 26092 26111 26068 26044 26013 26002 26006 26040 26095 26161 26233 26306 26396 26449 26460 26397 26349 26353 26420 26565 26729 26761 26732 26632 26544 26320 26282 26123 26051 25978 25903 25714 25509 25384 25275 25237 25231 25305 25324 25342 25323 25335 25353 25383
-9999 -9999 -9999 -9999 -9999 -9999 -9999 -9999 -9999 -9999 -9999 -9999 -9999 -9999 -9999 -9999 -9999 -9999 -9999 23588 24804 25266 25276 25388 25566 25737 25762 25826 25859 25895 25927 25942 25935 25917 25894 25898 25895 25901 25902 25909 25938 25986 26043 26102 26185 26282 26352 26372 26331 26286 26272 26307 26446 26609 26747 26810 26765 26620 26563 26386 26272 26060 25943 25811 25621 25459 25361 25303 25289 25336 25382 25398 25333 25345 25366 25415 25481
-9999 -9999 -9999 -9999 -9999 -9999 -9999 -9999 -9999 -9999 -9999 -9999 -9999 -9999 -9999 -9999 -9999 -9999 -9999 -9999 25161 25148 25166 25213 25497 25612 25678 25698 25713 25739 25768 25787 25810 25806 25802 25805 25832 25841 25845 25855 25876 25917 25957 26003 26061 26140 26222 26247 26223 26186 26181 26176 26356 26409 26564 26675 26660 26637 26489 26469 26224 26066 25904 25749 25582 25357 25290 25284 25324 25390 25441 25392 25371 25330 25362 25409 25446
-9999 -9999 -9999 -9999 -9999 -9999 -9999 -9999 -9999 -9999 -9999 -9999 -9999 -9999 -9999 -9999 -9999 -9999 -9999 -9999 -9999 25107 25026 25179 25391 25555 25593 25647 25665 25681 25694 25727 25755 25768 25772 25785 25804 25820 25826 25835 25850 25875 25910 25936 25982 26046 26087 26091 26037 26000 25954 26050 26269 26389 26439 26524 26478 26405 26346 26267 26212 26051 25979 25869 25642 25426 25326 25346 25387 25432 25463 25469 25357 25326 25359 25329 25272
-9999 -9999 -9999 -9999 -9999 -9999 -9999 -9999 -9999 -9999 -9999 -9999 -9999 -9999 -9999 -9999 -9999 -9999 -9999 -9999 -9999 -9999 -9999 -9999 -9999 -9999 25598 25618 25659 25675 25688 25708 25749 25763 25771 25779 25798 25814 25825 25831 25839 25858 25877 25905 25939 25987 26020 26013 25925 25854 25801 25886 26270 26387 26482 26500 26386 26285 26192 26080 26006 25967 25920 25855 25726 25588 25485 25490 25446 25448 25432 25411 25319 25236 25249 25206 25051
-9999 -9999 -9999 -9999 -9999 -9999 -9999 -9999 -9999 -9999 -9999 -9999 -9999 -9999 -9999 -9999 -9999 -9999 -9999 -9999 -9999 -9999 -9999 -9999 -9999 -9999 -9999 -9999 25673 25686 25696 25728 25756 25774 25780 25790 25802 25820 25832 25837 25843 25846 25865 25890 25918 25959 26000 25987 25919 25819 25755 25839 26140 26398 26447 26448 26265 26175 26065 25946 25912 25899 25942 25951 25953 25859 25692 25586 25505 25427 25407 25388 25311 25194 25118 25000 24841
-9999 -9999 -9999 -9999 -9999 -9999 -9999 -9999 -9999 -9999 -9999 -9999 -9999 -9999 -9999 -9999 -9999 -9999 -9999 -9999 -9999 -9999 -9999 -9999 -9999 -9999 -9999 -9999 25667 25704 25726 25746 25779 25785 25794 25802 25810 25827 25833 25843 25847 25849 25860 25887 25916 25948 25993 26011 25945 25865 25793 25758 25963 26291 26464 26321 26201 26096 26049 25989 25968 26045 26138 26201 26228 26121 25834 25665 25579 25503 25411 25348 25332 25318 25125 25070 24930
-9999 -9999 -9999 -9999 -9999 -9999 -9999 -9999 -9999 -9999 -9999 -9999 -9999 -9999 -9999 -9999 -9999 -9999 -9999 -9999 -9999 -9999 -9999 -9999 -9999 -9999 -9999 -9999 25689 25709 25754 25775 25787 25790 25805 25813 25820 25828 25838 25846 25853 25855 25863 25885 25919 25957 26011 26053 26039 25972 25904 25877 25995 26266 26431 26299 26123 26138 26148 26140 26156 26204 26303 26408 26469 26394 26136 25929 25828 25713 25464 25201 25200 25162 25117 25013 24766
