Data/ppt/PRISM_ppt_pr_1963-1995_normal_450mM1_11_asc.asc
ncols 557
nrows 164
xllcorner -67.31875000000
yllcorner 17.86875000000
cellsize 0.00416666667
NODATA_value -9999
[rows 102 to 135 of 164, columns 0 to 76 of 557]
-9999 -9999 -9999 -9999 -9999 -9999 -9999 -9999 -9999 -9999 -9999 -9999 -9999 -9999 -9999 -9999 -9999 -9999 -9999 -9999 -9999 -9999 -9999 -9999 -9999 -9999 -9999 -9999 -9999 12816 12813 12810 12815 12768 12645 12485 12383 12320 12355 12460 12553 12624 12691 12886 13144 13379 13572 13725 13822 13881 13913 13922 13916 13901 13848 13879 13848 13867 13810 13810 13883 14008 14108 14228 14345 14513 14741 15066 15392 15654 15824 15991 16132 16351 16574 16799 17051
-9999 -9999 -9999 -9999 -9999 -9999 -9999 -9999 -9999 -9999 -9999 -9999 -9999 -9999 -9999 -9999 -9999 -9999 -9999 -9999 -9999 -9999 -9999 -9999 -9999 -9999 -9999 -9999 -9999 12841 12858 12862 12869 12816 12653 12497 12370 12286 12286 12320 12379 12445 12560 12817 13094 13329 13554 13732 13843 13903 13923 13930 13903 13860 13816 13750 13766 13752 13739 13745 13816 13905 14014 14089 14204 14371 14563 14834 15123 15353 15563 15755 15976 16212 16470 16667 16779
-9999 -9999 -9999 -9999 -9999 -9999 -9999 -9999 -9999 -9999 -9999 -9999 -9999 -9999 -9999 -9999 -9999 -9999 -9999 -9999 -9999 -9999 -9999 -9999 -9999 -9999 -9999 -9999 -9999 -9999 12912 12920 12919 12868 12699 12535 12387 12282 12214 12153 12165 12231 12359 12685 12965 13242 13498 13706 13841 13905 13927 13917 13889 13835 13759 13689 13643 13667 13661 13739 13759 13827 13885 13925 14034 14168 14312 14501 14722 14950 15204 15502 15807 16114 16361 16531 16636
-9999 -9999 -9999 -9999 -9999 -9999 -9999 -9999 -9999 -9999 -9999 -9999 -9999 -9999 -9999 -9999 -9999 -9999 -9999 -9999 -9999 -9999 -9999 -9999 -9999 -9999 -9999 -9999 -9999 -9999 12971 12974 12974 12918 12755 12592 12437 12285 12130 11958 11926 11971 12104 12462 12769 13088 13388 13625 13785 13868 13891 13885 13848 13783 13690 13613 13565 13539 13618 13678 13712 13692 13685 13700 13748 13857 14044 14215 14417 14655 14935 15246 15589 15907 16141 16292 16351
-9999 -9999 -9999 -9999 -9999 -9999 -9999 -9999 -9999 -9999 -9999 -9999 -9999 -9999 -9999 -9999 -9999 -9999 -9999 -9999 -9999 -9999 -9999 -9999 -9999 -9999 -9999 -9999 -9999 13019 13016 13026 13020 12971 12818 12648 12473 12261 11987 11752 11674 11693 11793 12180 12500 12860 13200 13476 13655 13755 13782 13769 13744 13676 13590 13520 13479 13497 13514 13607 13571 13501 13470 13457 13551 13661 13861 14030 14210 14450 14741 15049 15355 15626 15798 15906 15964
-9999 -9999 -9999 -9999 -9999 -9999 -9999 -9999 -9999 -9999 -9999 -9999 -9999 -9999 -9999 -9999 -9999 -9999 -9999 -9999 -9999 -9999 -9999 -9999 -9999 -9999 -9999 -9999 13039 13048 13056 13066 13065 13009 12872 12693 12477 12184 11725 11499 11415 11393 11471 11857 12177 12569 12945 13252 13459 13565 13591 13580 13568 13526 13467 13419 13410 13400 13427 13453 13424 13382 13353 13417 13498 13598 13722 13831 14013 14264 14565 14862 15121 15331 15488 15594 15659
-9999 -9999 -9999 -9999 -9999 -9999 -9999 -9999 -9999 -9999 -9999 -9999 -9999 -9999 -9999 -9999 -9999 -9999 -9999 -9999 -9999 -9999 -9999 -9999 -9999 -9999 -9999 13039 13058 13067 13089 13094 13085 13041 12907 12717 12459 12112 11525 11260 11129 11077 11167 11502 11826 12241 12651 12997 13231 13352 13381 13379 13385 13375 13348 13326 13320 13335 13339 13392 13397 13390 13422 13452 13525 13561 13606 13694 13861 14089 14384 14683 14906 15072 15221 15329 15426
-9999 -9999 -9999 -9999 -9999 -9999 -9999 -9999 -9999 -9999 -9999 -9999 -9999 -9999 -9999 -9999 -9999 -9999 -9999 -9999 -9999 -9999 -9999 -9999 -9999 -9999 13037 13036 13055 13089 13100 13107 13102 13049 12920 12696 12378 11965 11317 11010 10853 10804 10927 11165 11466 11908 12371 12781 13051 13192 13235 13245 13267 13275 13275 13271 13286 13311 13354 13396 13411 13427 13462 13501 13537 13553 13573 13630 13760 13955 14205 14465 14653 14800 14937 15035 15130
-9999 -9999 -9999 -9999 -9999 -9999 -9999 -9999 -9999 -9999 -9999 -9999 -9999 -9999 -9999 -9999 -9999 -9999 -9999 -9999 -9999 -9999 -9999 -9999 -9999 -9999 -9999 13008 13037 13070 13094 13097 13088 13031 12877 12613 12186 11494 11055 10758 10584 10525 10647 10839 11151 11628 12142 12639 12960 13132 13203 13231 13252 13281 13290 13307 13336 13366 13397 13421 13418 13449 13498 13555 13595 13606 13598 13630 13707 13856 14053 14255 14394 14545 14668 14728 14801
-9999 -9999 -9999 -9999 -9999 -9999 -9999 -9999 -9999 -9999 -9999 -9999 -9999 -9999 -9999 -9999 -9999 -9999 -9999 -9999 -9999 -9999 -9999 -9999 -9999 -9999 12915 12963 13012 13051 13069 13060 13040 12967 12803 12441 11790 11243 10814 10520 10356 10328 10400 10583 10920 11432 12024 12597 12955 13174 13268 13343 13403 13442 13449 13450 13456 13470 13457 13448 13446 13481 13537 13600 13651 13665 13658 13653 13688 13770 13908 14023 14079 14204 14300 14353 14416
-9999 -9999 -9999 -9999 -9999 -9999 -9999 -9999 -9999 -9999 -9999 -9999 -9999 -9999 -9999 -9999 -9999 -9999 -9999 -9999 -9999 -9999 -9999 -9999 -9999 12809 12873 12933 12983 13018 13026 12988 12951 12864 12639 12073 11557 11071 10635 10343 10230 10200 10273 10417 10785 11330 12052 12666 13063 13300 13448 13593 13732 13808 13771 13714 13657 13594 13556 13506 13501 13519 13560 13620 13680 13711 13709 13692 13681 13710 13752 13799 13774 13805 13869 13925 13999
-9999 -9999 -9999 -9999 -9999 -9999 -9999 -9999 -9999 -9999 -9999 -9999 -9999 -9999 -9999 -9999 -9999 -9999 -9999 -9999 -9999 -9999 -9999 -9999 -9999 12801 12839 12898 12943 12972 12964 12898 12835 12735 12492 11909 11397 10945 10552 10293 10190 10184 10238 10422 10960 11510 12144 13002 13485 13701 13841 14003 14176 14333 14222 14111 13973 13880 13789 13738 13704 13697 13716 13772 13838 13883 13910 13903 13890 13885 13910 13844 13783 13738 13731 13763 13815
-9999 -9999 -9999 -9999 -9999 -9999 -9999 -9999 -9999 -9999 -9999 -9999 -9999 -9999 -9999 -9999 -9999 -9999 -9999 -9999 -9999 -9999 -9999 -9999 -9999 -9999 12840 12856 12898 12926 12901 12795 12721 12610 12413 12025 11337 10871 10514 10301 10207 10214 10289 10511 11310 12259 13087 13618 13911 14052 14183 14325 14559 14888 14632 14493 14301 14178 14081 13993 13942 13910 13938 13977 14039 14105 14158 14196 14223 14240 14231 14147 14052 13981 13927 13904 13894
-9999 -9999 -9999 -9999 -9999 -9999 -9999 -9999 -9999 -9999 -9999 -9999 -9999 -9999 -9999 -9999 -9999 -9999 -9999 -9999 -9999 -9999 -9999 -9999 -9999 -9999 -9999 12829 12858 12877 12838 12716 12621 12521 12329 11979 11305 10874 10559 10360 10291 10297 10462 11181 11740 12527 13254 13778 14019 14181 14288 14411 14611 14930 14799 14686 14487 14289 14166 14073 14009 13989 13999 14057 14114 14183 14273 14343 14403 14444 14453 14395 14353 14297 14219 14140 14069
-9999 -9999 -9999 -9999 -9999 -9999 -9999 -9999 -9999 -9999 -9999 -9999 -9999 -9999 -9999 -9999 -9999 -9999 -9999 -9999 -9999 -9999 -9999 -9999 -9999 -9999 12746 12779 12816 12836 12789 12650 12553 12450 12259 11888 11303 10935 10657 10489 10426 10495 10919 11394 11926 12486 13180 13577 13792 13994 14165 14235 14365 14655 14555 14426 14333 14218 14069 14001 13953 13923 13951 13982 14043 14118 14213 14341 14421 14491 14543 14541 14540 14532 14479 14403 14324
-9999 -9999 -9999 -9999 -9999 -9999 -9999 -9999 -9999 -9999 -9999 -9999 -9999 -9999 -9999 -9999 -9999 -9999 -9999 -9999 -9999 -9999 -9999 -9999 -9999 12686 12714 12747 12781 12793 12709 12604 12504 12400 12186 11679 11318 11041 10815 10664 10604 10694 11193 11446 11672 12423 12831 13109 13324 13502 13812 13894 13973 14184 14196 14079 14085 13993 13926 13850 13817 13818 13837 13888 13947 14015 14140 14278 14373 14494 14566 14616 14659 14697 14682 14649 14574
-9999 -9999 -9999 -9999 -9999 -9999 -9999 -9999 -9999 -9999 -9999 -9999 -9999 -9999 -9999 -9999 -9999 -9999 -9999 -9999 -9999 -9999 -9999 -9999 -9999 12667 12693 12723 12742 12721 12634 12528 12477 12406 12208 11690 11419 11208 11022 10890 10786 10842 11218 11548 11697 12211 12516 12741 12967 13139 13452 13542 13623 13779 13815 13762 13746 13751 13717 13684 13657 13663 13708 13759 13823 13891 13953 14053 14139 14293 14384 14457 14571 14621 14665 14651 14608
-9999 -9999 -9999 -9999 -9999 -9999 -9999 -9999 -9999 -9999 -9999 -9999 -9999 -9999 -9999 -9999 -9999 -9999 -9999 -9999 -9999 -9999 -9999 -9999 -9999 12659 12677 12697 12711 12681 12576 12522 12481 12417 12249 11773 11575 11425 11272 11132 10986 10949 11103 11261 11448 11795 12293 12569 12780 12956 13171 13265 13350 13458 13527 13522 13534 13542 13551 13525 13498 13523 13556 13602 13649 13694 13741 13781 13832 13907 13865 13918 14102 14240 14352 14410 14421
-9999 -9999 -9999 -9999 -9999 -9999 -9999 -9999 -9999 -9999 -9999 -9999 -9999 -9999 -9999 -9999 -9999 -9999 -9999 -9999 -9999 -9999 -9999 -9999 -9999 -9999 12666 12668 12667 12652 12572 12527 12497 12453 12298 11941 11736 11601 11462 11374 11247 11158 11144 11284 11470 11780 12202 12476 12702 12899 13079 13195 13302 13410 13468 13512 13522 13530 13518 13485 13455 13423 13437 13457 13482 13505 13518 13540 13561 13557 13446 13409 13480 13598 13850 13953 14007
-9999 -9999 -9999 -9999 -9999 -9999 -9999 -9999 -9999 -9999 -9999 -9999 -9999 -9999 -9999 -9999 -9999 -9999 -9999 -9999 -9999 -9999 -9999 -9999 -9999 12619 12628 12629 12632 12623 12563 12545 12520 12456 12370 12155 11928 11759 11670 11602 11559 11469 11309 11419 11619 11884 12186 12417 12643 12851 13054 13197 13328 13431 13499 13526 13536 13530 13512 13489 13440 13396 13378 13374 13377 13374 13368 13338 13324 13249 13086 12948 12930 12965 13047 13121 13144
-9999 -9999 -9999 -9999 -9999 -9999 -9999 -9999 -9999 -9999 -9999 -9999 -9999 -9999 -9999 -9999 -9999 -9999 -9999 -9999 -9999 -9999 -9999 -9999 12590 12601 12600 12597 12601 12588 12610 12561 12524 12463 12367 12270 12107 11964 11856 11814 11758 11673 11455 11589 11783 12012 12233 12385 12587 12820 13045 13208 13341 13440 13495 13519 13520 13512 13492 13473 13440 13395 13350 13335 13303 13301 13236 13188 13064 12944 12790 12634 12564 12553 12575 12606 12566
-9999 -9999 -9999 -9999 -9999 -9999 -9999 -9999 -9999 -9999 -9999 -9999 -9999 -9999 -9999 -9999 -9999 -9999 -9999 -9999 -9999 -9999 -9999 12558 12586 12589 12580 12575 12576 12603 12666 12643 12556 12439 12371 12307 12228 12111 12043 11969 11931 11851 11683 11746 11922 12128 12297 12389 12552 12792 13017 13199 13333 13418 13470 13490 13490 13487 13475 13456 13440 13393 13350 13288 13256 13200 13148 13016 12946 12770 12651 12472 12364 12303 12278 12246 12172
-9999 -9999 -9999 -9999 -9999 -9999 -9999 -9999 -9999 -9999 -9999 -9999 -9999 -9999 -9999 -9999 -9999 -9999 -9999 -9999 -9999 -9999 -9999 -9999 12593 12586 12565 12562 12547 12572 12707 12704 12614 12507 12381 12330 12265 12201 12147 12106 12063 12037 11940 11931 12035 12225 12367 12449 12557 12774 12985 13166 13300 13385 13441 13458 13461 13460 13455 13440 13402 13379 13317 13250 13165 13106 12985 12918 12787 12688 12526 12338 12177 12077 11995 11919 11798
-9999 -9999 -9999 -9999 -9999 -9999 -9999 -9999 -9999 -9999 -9999 -9999 -9999 -9999 -9999 -9999 -9999 -9999 -9999 -9999 -9999 -9999 -9999 -9999 -9999 12565 12550 12544 12515 12554 12662 12684 12646 12527 12418 12329 12260 12279 12246 12199 12164 12123 12090 12050 12151 12302 12464 12533 12620 12769 12960 13125 13276 13363 13414 13439 13440 13439 13428 13397 13369 13333 13282 13210 13127 13025 12907 12769 12661 12478 12303 12079 11861 11681 11538 11390 11194
-9999 -9999 -9999 -9999 -9999 -9999 -9999 -9999 -9999 -9999 -9999 -9999 -9999 -9999 -9999 -9999 -9999 -9999 -9999 -9999 -9999 -9999 -9999 -9999 -9999 -9999 12543 12530 12563 12582 12676 12650 12615 12532 12418 12340 12325 12412 12410 12301 12226 12185 12160 12168 12239 12370 12512 12619 12643 12769 12940 13138 13266 13355 13398 13414 13419 13405 13391 13359 13333 13304 13247 13168 13003 12978 12851 12718 12570 12402 12192 11974 11741 11539 11349 11100 10650
-9999 -9999 -9999 -9999 -9999 -9999 -9999 -9999 -9999 -9999 -9999 -9999 -9999 -9999 -9999 -9999 -9999 -9999 -9999 -9999 -9999 -9999 -9999 -9999 -9999 -9999 -9999 -9999 -9999 -9999 12693 12649 12614 12543 12430 12352 12340 12505 12495 12369 12278 12237 12238 12267 12331 12432 12572 12675 12731 12833 12992 13151 13290 13341 13376 13395 13395 13387 13341 13320 13291 13156 13081 12977 12661 12781 12721 12588 12519 12340 12143 11918 11701 11494 11281 11013 10685
-9999 -9999 -9999 -9999 -9999 -9999 -9999 -9999 -9999 -9999 -9999 -9999 -9999 -9999 -9999 -9999 -9999 -9999 -9999 -9999 -9999 -9999 -9999 -9999 -9999 -9999 -9999 -9999 -9999 -9999 12671 12659 12616 12561 12461 12378 12404 12550 12551 12414 12322 12295 12302 12348 12399 12501 12643 12808 12907 13026 13135 13246 13302 13345 13375 13393 13382 13334 13263 13172 13086 12548 12395 12289 12354 12433 12311 12253 12325 12197 12011 11811 11611 11479 11250 10950 10702
-9999 -9999 -9999 -9999 -9999 -9999 -9999 -9999 -9999 -9999 -9999 -9999 -9999 -9999 -9999 -9999 -9999 -9999 -9999 -9999 -9999 -9999 -9999 -9999 -9999 -9999 -9999 12629 12678 12704 12682 12640 12622 12554 12484 12463 12566 12653 12555 12435 12378 12338 12358 12409 12480 12591 12783 12945 13087 13198 13264 13326 13367 13390 13506 13494 13431 13309 13099 12882 12712 12479 12303 12152 12115 12203 12144 11987 11644 11546 11451 11360 11320 11363 11219 10942 10767
-9999 -9999 -9999 -9999 -9999 -9999 -9999 -9999 -9999 -9999 -9999 -9999 -9999 -9999 -9999 -9999 -9999 -9999 -9999 -9999 -9999 -9999 -9999 -9999 -9999 -9999 12628 12672 12753 12717 12679 12650 12604 12561 12487 12536 12663 12676 12549 12460 12419 12403 12410 12476 12566 12767 13012 13188 13301 13350 13410 13447 13474 13599 13881 13858 13899 13740 13432 13113 12865 12672 12479 12283 12088 11983 11836 11710 11543 11450 11364 11282 11209 11193 11101 10961 10829
-9999 -9999 -9999 -9999 -9999 -9999 -9999 -9999 -9999 -9999 -9999 -9999 -9999 -9999 -9999 -9999 -9999 -9999 -9999 -9999 -9999 -9999 -9999 -9999 -9999 12583 12609 12757 12792 12750 12692 12669 12641 12595 12587 12694 12777 12709 12574 12511 12495 12478 12502 12563 12740 12992 13228 13384 13482 13501 13666 13519 13736 13819 13965 13912 14332 14238 13862 13540 13214 12997 12706 12482 12238 12017 11906 11767 11644 11537 11419 11328 11250 11171 11089 11004 10884
-9999 -9999 -9999 -9999 -9999 -9999 -9999 -9999 -9999 -9999 -9999 -9999 -9999 -9999 -9999 -9999 -9999 -9999 -9999 -9999 -9999 -9999 -9999 -9999 12606 12585 12634 12789 12816 12749 12707 12689 12683 12637 12650 12764 12809 12713 12607 12567 12558 12566 12627 12735 12967 13209 13371 13644 13666 13642 14361 13263 14043 14149 14252 14247 14141 14202 13781 13741 13491 13234 12684 12323 12080 11945 11954 11842 11805 11647 11493 11384 11303 11223 11134 11027 10918
-9999 -9999 -9999 -9999 -9999 -9999 -9999 -9999 -9999 -9999 -9999 -9999 -9999 -9999 -9999 -9999 -9999 -9999 -9999 -9999 -9999 -9999 -9999 12602 12591 12578 12681 12750 12770 12721 12704 12709 12686 12700 12700 12793 12769 12699 12628 12619 12617 12667 12805 12910 13101 13399 13620 14268 14143 14242 14512 14230 14448 14401 14377 14254 13802 13738 13483 13273 13022 12813 12524 12178 11945 11726 11401 11406 11823 11683 11494 11377 11306 11223 11134 11034 10915
-9999 -9999 -9999 -9999 -9999 -9999 -9999 -9999 -9999 -9999 -9999 -9999 -9999 -9999 -9999 -9999 -9999 -9999 -9999 -9999 -9999 -9999 12599 12597 12572 12646 12712 12745 12698 12692 12707 12692 12707 12767 12797 12789 12748 12672 12661 12669 12674 12702 12843 12958 13184 13857 14077 14313 14243 14341 14948 14486 14381 14225 14049 13598 13345 12995 12800 12593 12400 12258 12038 11549 11440 11385 11267 11261 11357 11315 11263 11225 11180 11125 11059 10979 10885
-9999 -9999 -9999 -9999 -9999 -9999 -9999 -9999 -9999 -9999 -9999 -9999 -9999 -9999 -9999 -9999 -9999 -9999 -9999 -9999 -9999 -9999 12602 12572 12632 12705 12732 12684 12664 12679 12668 12648 12703 12780 12781 12753 12684 12671 12681 12712 12674 12688 12759 13037 13686 13894 13985 14243 14320 14348 14404 14184 14055 13912 13711 12988 12704 12473 12378 12210 12067 11943 11474 11338 11300 11278 11263 11247 11239 11214 11190 11161 11130 11088 11038 10978 10896
