Data/ppt/PRISM_ppt_pr_1963-1995_normal_450mM1_10_asc.asc
ncols 557
nrows 164
xllcorner -67.31875000000
yllcorner 17.86875000000
cellsize 0.00416666667
NODATA_value -9999
[rows 102 to 135 of 164, columns 308 to 384 of 557]
24789 24274 24116 25275 25400 24854 25836 26621 26721 26692 26868 26892 26749 26789 26965 27238 27374 27415 27445 27523 27645 27774 27866 27995 28117 28130 27965 27794 27667 27571 27345 27123 27131 27101 27018 26838 26661 26459 26263 26114 26004 25943 25991 25864 25511 25472 25464 25260 24798 24611 24697 24770 24808 24776 24840 25125 25359 25490 25626 25772 25945 25955 25871 25613 -9999 -9999 -9999 -9999 -9999 -9999 -9999 -9999 -9999 -9999 -9999 -9999 -9999
24943 24538 24937 25481 26181 25541 25350 26351 26803 26779 26818 26919 26849 26860 27112 27356 27486 27538 27585 27638 27726 27812 27865 27923 28003 28012 27890 27700 27566 27448 27197 27048 26984 27018 26882 26733 26568 26350 26195 26085 26022 26022 26079 25896 25897 25877 25721 25520 25037 24815 24849 24884 24977 25023 25088 25277 25388 25490 25662 25841 25958 25960 25707 25458 -9999 -9999 -9999 -9999 -9999 -9999 -9999 -9999 -9999 -9999 -9999 -9999 -9999
25326 24901 25069 25060 24451 25733 24508 25293 26667 26764 26785 26882 26938 27051 27259 27453 27553 27623 27660 27690 27736 27817 27860 27854 27862 27874 27777 27589 27424 27302 27178 26984 26940 26818 26736 26590 26657 26447 26113 26059 26032 26259 26332 25968 26001 25796 25407 25188 25172 25028 25037 25033 25079 25087 25230 25335 25425 25571 25770 25905 25993 25930 25866 25743 25926 -9999 -9999 -9999 -9999 -9999 -9999 -9999 -9999 -9999 -9999 -9999 -9999
25853 25335 25197 25190 25449 25149 24441 24994 26399 26786 26789 26984 27082 27207 27370 27502 27594 27646 27676 27664 27677 27751 27798 27804 27736 27696 27640 27495 27279 27185 27052 26938 26766 26674 26552 26740 27222 27114 26344 26213 26243 26534 26699 26357 26228 25916 25491 25137 25103 25198 25113 25099 25078 25125 25242 25396 25502 25664 25849 25959 25950 25884 25846 25881 -9999 -9999 -9999 -9999 -9999 -9999 -9999 -9999 -9999 -9999 -9999 -9999 -9999
26161 25734 25381 25430 26714 25550 24632 24889 25634 26716 26915 27080 27216 27308 27412 27517 27585 27664 27672 27651 27623 27644 27691 27657 27560 27495 27441 27316 27149 27021 26901 26747 26602 26482 26716 27315 27541 27456 27147 26987 26862 26870 26713 26513 26203 25797 25416 25065 25234 25198 25191 25147 25204 25195 25362 25449 25561 25725 25883 25944 25957 25877 25842 -9999 -9999 -9999 -9999 -9999 -9999 -9999 -9999 -9999 -9999 -9999 -9999 -9999 -9999
26402 26092 25778 25799 26932 26111 25490 25389 25314 26604 26986 27250 27315 27373 27433 27519 27599 27655 27675 27662 27638 27607 27551 27500 27378 27281 27220 27096 26989 26847 26707 26555 26556 26655 27448 27545 27425 27339 27175 27116 26994 26864 26760 26501 26067 25558 25063 25148 25265 25354 25257 25270 25274 25355 25393 25478 25577 25717 25822 25878 25852 25909 -9999 -9999 -9999 -9999 -9999 -9999 -9999 -9999 -9999 -9999 -9999 -9999 -9999 -9999 -9999
26371 26141 25871 25937 27158 27082 25874 25661 25558 26181 26873 27297 27409 27426 27475 27555 27617 27656 27667 27662 27613 27539 27442 27333 27217 27125 27019 26892 26698 26654 26499 26539 26723 27117 27503 27422 27365 27242 27310 27211 27197 27057 26912 26711 26499 26277 24984 25437 25571 25440 25365 25313 25384 25377 25395 25419 25506 25577 25621 25620 25713 25779 -9999 -9999 -9999 -9999 -9999 -9999 -9999 -9999 -9999 -9999 -9999 -9999 -9999 -9999 -9999
26002 25853 25711 25965 27256 27275 26082 25472 24573 25804 26664 27355 27475 27493 27512 27543 27613 27627 27631 27602 27517 27416 27290 27204 27115 27009 26855 26610 26423 26434 26417 26634 26966 27288 27447 27430 27335 27390 27437 27555 27446 27341 27143 26921 26859 26728 25892 25803 25667 25576 25481 25490 25485 25488 25459 25486 25516 25560 25569 25520 25587 25760 -9999 -9999 -9999 -9999 -9999 -9999 -9999 -9999 -9999 -9999 -9999 -9999 -9999 -9999 -9999
25650 25541 25746 27188 27510 27293 26149 25374 24488 25687 26244 27400 27580 27538 27485 27492 27512 27602 27588 27537 27420 27298 27201 27124 27059 26941 26740 26468 26268 26198 26219 26662 27048 27355 27427 27414 27487 27576 27693 27616 27597 27532 27301 27305 27699 27569 26387 25911 25818 25735 25682 25664 25659 25607 25579 25564 25586 25590 25547 25525 25492 -9999 -9999 -9999 -9999 -9999 -9999 -9999 -9999 -9999 -9999 -9999 -9999 -9999 -9999 -9999 -9999
25323 25366 25535 26823 27226 27165 26010 25321 24614 25785 26309 27501 27620 27524 27458 27378 27449 27527 27554 27475 27359 27244 27140 27078 27011 26877 26651 26354 26055 26059 26243 26837 27162 27326 27383 27450 27589 27738 27715 27653 27659 27595 27573 27706 27933 27886 27616 26259 25958 25914 25853 25834 25782 25726 25693 25669 25634 25597 25539 25428 -9999 -9999 -9999 -9999 -9999 -9999 -9999 -9999 -9999 -9999 -9999 -9999 -9999 -9999 -9999 -9999 -9999
24935 25039 25340 26476 26781 26881 26040 25789 24973 24913 26014 27353 27516 27459 27425 27369 27376 27452 27428 27356 27249 27150 27009 26944 26873 26753 26533 26258 26232 26036 25126 26756 27174 27289 27388 27574 27658 27797 27761 27728 27668 27802 27739 27921 27868 27803 27563 26398 26151 26062 26017 25958 25875 25825 25781 25725 25682 25630 25486 25457 -9999 -9999 -9999 -9999 -9999 -9999 -9999 -9999 -9999 -9999 -9999 -9999 -9999 -9999 -9999 -9999 -9999
24278 24594 24803 25272 25499 26132 26032 26311 26158 25950 26347 27186 27371 27384 27392 27407 27400 27373 27294 27193 27097 26962 26835 26724 26629 26514 26343 26248 26286 26479 26586 27001 27174 27295 27447 27644 27803 27816 27780 27760 27840 27823 27932 27886 27816 27756 27432 26577 26277 26213 26099 26015 25939 25879 25823 25757 25716 25618 25540 25485 -9999 -9999 -9999 -9999 -9999 -9999 -9999 -9999 -9999 -9999 -9999 -9999 -9999 -9999 -9999 -9999 -9999
23704 24100 24466 25072 26200 26489 26519 26598 26480 26495 26728 27105 27187 27192 27238 27262 27232 27160 27044 26943 26829 26723 26592 26512 26435 26356 26051 26028 26456 26600 26813 26957 27148 27300 27545 27731 27831 27842 27823 27873 27894 27957 27929 27867 27790 27510 27097 26599 26457 26287 26152 26027 25935 25887 25822 25767 25691 25598 25547 25572 -9999 -9999 -9999 -9999 -9999 -9999 -9999 -9999 -9999 -9999 -9999 -9999 -9999 -9999 -9999 -9999 -9999
22677 23497 23859 24214 24885 26082 26382 26421 26456 26530 26650 26646 26749 26793 26896 27014 27003 26911 26827 26728 26631 26540 26471 26463 26472 26425 26007 25913 26720 26870 26879 26957 27106 27359 27631 27830 27854 27846 27856 27918 27970 27956 27903 27846 27622 27394 26953 26710 26514 26308 26139 25967 25874 25816 25768 25725 25656 25589 25578 25640 -9999 -9999 -9999 -9999 -9999 -9999 -9999 -9999 -9999 -9999 -9999 -9999 -9999 -9999 -9999 -9999 -9999
21949 22607 22945 23199 24167 25564 25868 25992 26266 26458 26516 26468 26476 26415 26552 26803 26850 26744 26627 26540 26468 26397 26368 26337 26368 26372 26408 26318 26753 26874 26936 26918 27083 27438 27676 27827 27824 27837 27850 27941 27969 27938 27880 27781 27561 27265 27016 26778 26551 26348 26130 25988 25870 25825 25804 25800 25760 25695 25699 25662 -9999 -9999 -9999 -9999 -9999 -9999 -9999 -9999 -9999 -9999 -9999 -9999 -9999 -9999 -9999 -9999 -9999
20862 21651 22412 22957 23826 24589 24971 25383 25932 26247 26319 26361 26429 26390 26524 26814 26843 26712 26555 26408 26331 26327 26278 26286 26087 25710 25611 25885 26404 26774 26843 26961 27183 27442 27745 27743 27787 27802 27885 27949 27963 27921 27879 27723 27520 27247 27011 26786 26596 26401 26292 26175 26116 26075 26064 26077 26051 25953 25891 -9999 -9999 -9999 -9999 -9999 -9999 -9999 -9999 -9999 -9999 -9999 -9999 -9999 -9999 -9999 -9999 -9999 -9999
18781 19961 21404 22724 23679 24757 24930 25293 25714 25901 26034 26169 26244 26272 26414 26734 26850 26562 26590 26474 26428 26542 26619 26599 26412 26232 26240 26321 26460 26539 26761 26901 27124 27533 27619 27675 27715 27817 27925 27982 27946 27901 27774 27669 27421 27216 26962 26705 26523 26383 26297 26233 26172 26132 26123 26138 26010 26077 -9999 -9999 -9999 -9999 -9999 -9999 -9999 -9999 -9999 -9999 -9999 -9999 -9999 -9999 -9999 -9999 -9999 -9999 -9999
17421 18485 20130 21390 21913 22445 23536 24812 24979 25192 25491 25590 25854 25885 26040 26447 26464 26038 26356 26371 26724 26998 27122 27163 26918 26490 26438 26514 26540 26527 26564 26848 27137 27397 27548 27598 27684 27804 27959 27993 27960 27812 27720 27560 27384 27177 26891 26653 26454 26351 26266 26194 26140 26103 26097 26001 25822 -9999 -9999 -9999 -9999 -9999 -9999 -9999 -9999 -9999 -9999 -9999 -9999 -9999 -9999 -9999 -9999 -9999 -9999 -9999 -9999
16394 17156 18731 20074 19906 19785 20707 21401 22423 23750 24414 24333 25310 25453 25525 25647 25062 24905 25363 25453 26499 26882 27199 27318 27173 26853 26422 26373 26358 26418 26686 26971 27213 27450 27517 27685 27793 27888 27978 27915 27844 27767 27643 27508 27352 27083 26855 26603 26455 26353 26254 26196 -9999 26089 26093 26102 -9999 -9999 -9999 -9999 -9999 -9999 -9999 -9999 -9999 -9999 -9999 -9999 -9999 -9999 -9999 -9999 -9999 -9999 -9999 -9999 -9999
15255 16019 17299 18180 17599 17127 17764 18471 19764 21634 22685 23044 24331 24504 24341 24390 23833 23807 24355 24495 25600 26195 26937 27292 27067 26934 26518 26447 26502 26767 27119 27368 27514 27727 27824 27989 27920 27942 27869 27720 27658 27615 27593 27480 27249 27067 26817 26588 26439 26322 26236 -9999 -9999 -9999 -9999 -9999 -9999 -9999 -9999 -9999 -9999 -9999 -9999 -9999 -9999 -9999 -9999 -9999 -9999 -9999 -9999 -9999 -9999 -9999 -9999 -9999 -9999
14721 14840 15621 16025 15344 14832 15471 16456 17953 20257 21127 21884 22755 23547 23307 23151 22925 22989 23093 23220 24141 25214 26424 27193 26275 26429 26691 27435 27114 27244 27620 27777 27760 28169 28196 28110 27476 27382 27481 27519 27611 27643 27603 27379 27215 27047 26847 26586 26386 26272 26180 -9999 -9999 -9999 -9999 -9999 -9999 -9999 -9999 -9999 -9999 -9999 -9999 -9999 -9999 -9999 -9999 -9999 -9999 -9999 -9999 -9999 -9999 -9999 -9999 -9999 -9999
13917 13773 13909 13957 13626 13603 14078 15204 16810 18901 19867 20537 21664 22130 22339 22058 21578 22276 22328 22412 23289 24100 24883 25599 25644 25972 26369 26885 27536 27610 27780 27553 26847 26880 26991 27398 27310 27355 27533 27737 27847 27833 27660 27443 27140 26969 26799 26471 26246 26128 26033 -9999 -9999 -9999 -9999 -9999 -9999 -9999 -9999 -9999 -9999 -9999 -9999 -9999 -9999 -9999 -9999 -9999 -9999 -9999 -9999 -9999 -9999 -9999 -9999 -9999 -9999
13433 13281 13281 13303 13282 13380 13669 14125 15685 17494 18522 18982 20102 20725 21184 21079 21088 21344 20968 21231 21921 22752 23308 24099 24673 25142 25645 25940 26155 26754 27160 26279 25972 26068 26069 26803 27150 27376 27601 27894 27985 27875 27722 27362 27018 26737 26492 26169 25950 25823 25755 25638 -9999 -9999 -9999 -9999 -9999 -9999 -9999 -9999 -9999 -9999 -9999 -9999 -9999 -9999 -9999 -9999 -9999 -9999 -9999 -9999 -9999 -9999 -9999 -9999 -9999
13239 13103 13049 13046 13125 13281 13527 13911 14688 16279 16876 16884 17719 18714 19750 20175 20222 20948 20608 20970 21567 22102 22401 22800 23304 23699 24056 24986 24035 24323 25128 24272 24265 24745 25127 25805 26651 27090 27471 27774 27890 27787 27537 27269 26824 26455 26274 25998 25796 25723 25682 25624 -9999 -9999 -9999 -9999 -9999 -9999 -9999 -9999 -9999 -9999 -9999 -9999 -9999 -9999 -9999 -9999 -9999 -9999 -9999 -9999 -9999 -9999 -9999 -9999 -9999
13187 13022 13026 13053 13093 13294 13563 13887 14310 14841 15021 14899 16010 16826 17995 18811 19230 20077 20703 21277 21805 21961 21863 22032 22335 22578 21483 21990 22315 22914 22747 22686 22776 23032 23230 24022 25564 26294 26873 27326 27451 27391 27159 26867 26399 26200 26066 25951 25836 25785 25758 -9999 -9999 -9999 -9999 -9999 -9999 -9999 -9999 -9999 -9999 -9999 -9999 -9999 -9999 -9999 -9999 -9999 -9999 -9999 -9999 -9999 -9999 -9999 -9999 -9999 -9999
13192 13081 13422 13502 13384 13664 14010 14361 14644 14888 14938 14993 15700 16380 17230 18111 18926 19824 20853 21580 22195 22274 22049 22110 22171 21151 21308 21644 21863 21921 22005 22114 22224 22332 22497 22895 23298 23493 24731 26409 26527 26602 26509 26295 26009 25870 25901 25825 25786 25766 25752 25762 -9999 -9999 -9999 -9999 -9999 -9999 -9999 -9999 -9999 -9999 -9999 -9999 -9999 -9999 -9999 -9999 -9999 -9999 -9999 -9999 -9999 -9999 -9999 -9999 -9999
13450 13366 13915 13844 13961 14353 14670 14849 15055 15236 15321 15464 15833 16248 16664 17802 18673 19561 20918 21783 22419 22552 22229 20919 21112 21092 21353 21527 21763 21721 21805 21852 21874 21948 22006 22312 22544 22830 23759 23883 25319 25659 25669 25623 25603 25692 25683 25690 25696 25662 25708 -9999 -9999 -9999 -9999 -9999 -9999 -9999 -9999 -9999 -9999 -9999 -9999 -9999 -9999 -9999 -9999 -9999 -9999 -9999 -9999 -9999 -9999 -9999 -9999 -9999 -9999
14096 14110 14233 14367 14989 15342 15498 15277 15514 15597 15530 15764 16072 16435 16823 17591 18467 19774 20860 21764 22308 22364 21870 20828 20993 21322 21416 21562 21591 21631 21627 21656 21710 21702 21801 21954 22104 22316 22970 23401 24526 25117 25300 25328 25424 25485 25524 25569 25573 25610 -9999 -9999 -9999 -9999 -9999 -9999 -9999 -9999 -9999 -9999 -9999 -9999 -9999 -9999 -9999 -9999 -9999 -9999 -9999 -9999 -9999 -9999 -9999 -9999 -9999 -9999 -9999
14896 15107 14833 15119 15939 16044 16098 16032 16058 15918 15508 15959 16281 16593 16975 17546 18213 19110 20677 21791 22413 22611 22279 21467 21422 21642 21658 21536 21550 21533 21534 21564 21604 21667 21717 21814 21860 21895 22090 22882 23366 24578 24985 25148 25257 25350 25428 25477 25519 -9999 -9999 -9999 -9999 -9999 -9999 -9999 -9999 -9999 -9999 -9999 -9999 -9999 -9999 -9999 -9999 -9999 -9999 -9999 -9999 -9999 -9999 -9999 -9999 -9999 -9999 -9999 -9999
15372 15763 15606 16208 16420 16451 16468 16447 16402 16297 16083 16378 16648 16823 17113 17538 18098 18892 19975 21280 22380 22842 22828 22543 22284 22078 21756 21634 21556 21551 21543 21544 21568 21614 21670 21699 21709 21691 21843 22707 23116 24331 24795 25023 25163 -9999 -9999 25471 -9999 -9999 -9999 -9999 -9999 -9999 -9999 -9999 -9999 -9999 -9999 -9999 -9999 -9999 -9999 -9999 -9999 -9999 -9999 -9999 -9999 -9999 -9999 -9999 -9999 -9999 -9999 -9999 -9999
15594 16064 16318 16546 16606 16618 16599 16600 16580 16583 16568 16810 16989 17051 17182 17453 17894 18638 19519 20472 21331 22742 22921 22898 22665 22245 21878 21722 21654 21592 21592 21562 21551 21578 21600 21607 21597 21578 21751 22667 23039 24194 24622 24881 -9999 -9999 -9999 -9999 -9999 -9999 -9999 -9999 -9999 -9999 -9999 -9999 -9999 -9999 -9999 -9999 -9999 -9999 -9999 -9999 -9999 -9999 -9999 -9999 -9999 -9999 -9999 -9999 -9999 -9999 -9999 -9999 -9999
15718 16228 16579 16684 16701 16684 16689 16696 16725 16721 16770 16916 17033 17033 17096 17221 17529 18188 18975 19847 20732 21490 21960 22260 22417 22286 22111 21978 21831 21676 21604 21573 21530 21523 21532 21533 21541 21543 21805 22933 -9999 -9999 24535 -9999 -9999 -9999 -9999 -9999 -9999 -9999 -9999 -9999 -9999 -9999 -9999 -9999 -9999 -9999 -9999 -9999 -9999 -9999 -9999 -9999 -9999 -9999 -9999 -9999 -9999 -9999 -9999 -9999 -9999 -9999 -9999 -9999 -9999
15633 16021 16553 16722 16723 16710 16700 16715 16724 16719 16640 16706 16728 16687 16564 16582 16759 17544 18320 19210 20123 20838 21351 21826 22233 22303 22336 22266 22050 21740 21682 21576 21501 21478 21474 21491 21509 21748 22198 -9999 -9999 -9999 -9999 -9999 -9999 -9999 -9999 -9999 -9999 -9999 -9999 -9999 -9999 -9999 -9999 -9999 -9999 -9999 -9999 -9999 -9999 -9999 -9999 -9999 -9999 -9999 -9999 -9999 -9999 -9999 -9999 -9999 -9999 -9999 -9999 -9999 -9999
15202 16223 16594 16691 16704 16698 16687 16676 16682 16648 16611 16585 16610 16485 16224 16670 16950 17405 18088 18865 19656 20283 20757 21211 21620 21901 22158 22210 22002 21754 21636 21572 21491 21461 21458 21465 21613 21876 -9999 -9999 -9999 -9999 -9999 -9999 -9999 -9999 -9999 -9999 -9999 -9999 -9999 -9999 -9999 -9999 -9999 -9999 -9999 -9999 -9999 -9999 -9999 -9999 -9999 -9999 -9999 -9999 -9999 -9999 -9999 -9999 -9999 -9999 -9999 -9999 -9999 -9999 -9999
