Data/ppt/PRISM_ppt_pr_1963-1995_normal_450mM1_12_asc.asc
ncols 557
nrows 164
xllcorner -67.31875000000
yllcorner 17.86875000000
cellsize 0.00416666667
NODATA_value -9999
[rows 105 to 139 of 164, columns 79 to 157 of 557]
6967 7021 7058 7066 7072 7029 6980 6893 6468 5951 5717 5480 5519 5136 5141 5356 5360 5468 5860 5837 5226 5105 5167 5061 5035 5046 5047 5051 5185 5163 5208 5259 5383 5397 5370 5330 5536 5769 6039 6796 7068 7217 7336 7305 7192 7114 6727 6581 6486 6711 6927 7198 7393 7562 7861 8091 8194 8259 8281 8292 8306 8314 8170 7955 7755 7535 7618 7612 7573 7606 7634 7626 7668 7692 7620 7525 7345 7199 7069
7012 7070 7097 7119 7129 7125 7088 7016 6818 6545 5641 5318 5088 4962 4958 5006 5002 5028 5104 4942 4991 4997 5031 5012 5002 5005 4992 4912 5644 5524 5373 5261 5344 5314 5415 5514 5328 5610 5178 6011 6999 6779 7149 7119 6944 6726 6569 6444 6395 6619 6921 7340 7485 7594 7801 8001 8154 8184 8134 8069 8036 8092 7955 7796 7698 7461 7509 7470 7393 7366 7373 7377 7439 7492 7488 7428 7252 7092 6988
7040 7077 7121 7150 7175 7130 7120 7045 6856 6508 5778 5246 4940 4798 4792 4825 4844 4861 4881 4871 4901 4948 4973 4985 4946 4931 4908 5753 5459 5642 5750 5675 5687 5196 5473 5649 5735 5814 5499 5576 5932 5677 5969 6463 6444 6339 6594 6277 6021 6623 6860 7044 7184 7387 7442 7753 7984 7957 7892 7849 7804 7859 7732 7651 7665 7542 7461 7329 7168 7061 7018 7039 7109 7161 7203 7201 7015 6875 6847
7055 7067 7108 7168 7196 7151 7164 7058 6867 6468 5978 5161 4763 4650 4645 4680 4719 4739 4756 4767 4811 4855 4870 4892 4889 4896 4944 5165 5501 5636 5602 5530 5112 5369 5490 5647 5708 5788 5876 5445 5599 5714 5791 5569 5961 5793 5597 5516 5825 6333 6765 6884 7100 7321 6580 6512 7325 7666 7750 7664 7582 7749 7546 7485 7558 7496 7356 7131 6933 6770 6693 6705 6783 6842 6873 6872 6462 6353 6636
7039 7056 7077 7119 7191 7245 7268 7109 6931 6645 5972 5903 5197 4505 4534 4572 4611 4636 4647 4661 4691 4750 4791 4842 4893 4953 5020 5162 5363 5497 5410 5062 5192 5297 5362 5573 5550 5591 5887 5952 6171 5348 5453 5548 5399 5595 5447 5375 5592 5922 5856 6126 6470 6674 6037 5986 6779 6042 6053 6604 6272 6228 6435 6559 6502 7321 7159 6972 6761 6572 6473 6531 6627 6683 6687 6626 5753 5759 5893
6936 6929 6915 6930 6997 7108 7179 7102 6993 6857 5869 5800 5237 4430 4464 4502 4532 4557 4581 4600 4639 4700 4771 4839 4937 5048 5112 5136 5039 5401 5386 5194 5269 5285 5334 5442 5458 5550 5690 5792 5886 5952 5458 5431 5388 5198 5300 5404 5456 5755 5973 6162 6431 5767 5841 6686 6632 6601 6033 6484 6411 6404 6463 6456 7219 7091 6961 6820 6600 6434 6356 6406 6480 6562 6609 6337 5916 5773 5791
6699 6689 6668 6684 6731 6822 6923 6968 6891 6750 6434 5772 4875 4473 4431 4460 4494 4522 4546 4578 4616 4681 4770 4858 4967 5106 5150 5142 5193 5385 5392 5373 5457 5391 5416 5438 5485 5769 5672 5675 5681 5634 5417 5299 5300 5185 5301 5358 5372 5644 5951 5678 5943 5978 6796 6860 6459 6919 6891 6557 7347 7150 7067 6957 7044 6962 6826 6671 6478 6352 6258 6240 6235 6212 6334 6271 6152 5705 5728
6484 6503 6502 6507 6520 6601 6716 6783 6691 6613 6331 5795 5031 4488 4434 4447 4485 4517 4549 4583 4625 4686 4821 4953 5054 5168 5162 5005 5146 5256 5349 5548 5667 5589 5599 5547 5546 5927 5762 5743 5724 5606 5549 5279 5522 5576 5543 5522 5568 5550 5618 5663 5722 6630 6738 6950 7309 6967 6991 7479 7244 6962 6841 6865 6922 6902 6752 6563 6392 6303 6166 6011 5972 5991 6130 6147 6038 5716 5705
6435 6448 6456 6439 6477 6547 6659 6737 6682 6559 6294 5908 5389 4651 4496 4470 4492 4535 4575 4628 4680 4766 4907 5009 5078 5216 5256 5151 5272 5413 5488 5653 5765 5740 5760 5723 6011 5949 5874 5875 5808 5703 5922 5794 5649 5783 5857 6405 6317 5546 5581 5630 5750 5736 5973 6028 6028 6172 6703 7117 6859 6622 6557 6595 6760 6799 6652 6399 6180 6002 5913 5839 5829 5858 5953 5949 5853 5630 5621
6471 6494 6490 6502 6517 6569 6651 6704 6654 6511 6287 6002 5673 5392 4677 4552 4542 4572 4611 4674 4768 4953 5004 5002 4821 5027 5272 5292 5413 5574 5679 5810 5987 6084 5952 5861 6049 6000 5973 5938 5731 6057 5993 5984 5888 5780 5870 6228 6186 6301 5829 5838 5947 5952 5958 5906 5804 5786 6003 5852 6582 6261 6282 6358 6481 6523 6343 6059 5902 5880 5804 5730 5722 5743 5750 5760 5754 5638 5608
6520 6547 6569 6572 6599 6634 6669 6673 6602 6480 6297 6077 5848 5650 5037 4699 4649 4685 4726 4809 4937 5120 4867 5174 5345 5412 5402 5388 5502 5699 5875 5956 6198 6745 6266 6177 6087 6076 6070 6079 6109 6007 6072 6082 6008 5908 5830 5959 5996 6161 6352 6551 6288 6137 6069 6015 5916 6528 6528 6821 6535 6465 6223 6181 6119 6057 6028 6037 5970 5924 5830 5726 5698 5690 5687 5684 5703 5659 5600
6554 6578 6577 6600 6633 6620 6662 6630 6525 6412 6277 6097 5910 5505 5074 4834 4817 4911 5010 5041 5031 5222 5653 5610 5860 5798 5760 5624 5664 5867 6096 6175 6467 6538 6488 6458 6506 6625 6650 6522 6486 6508 6314 6244 6157 5987 5903 5878 5855 5886 5977 6112 6230 6303 6377 6426 6874 6751 6609 6495 6329 6029 5816 5745 5739 5725 5732 5761 5775 5826 5827 5762 5720 5684 5651 5643 5592 5535 5487
6572 6573 6567 6558 6529 6377 6530 6460 6292 6129 6030 5833 5628 5417 5200 5035 5011 5047 5104 5140 5147 5252 5462 5537 5701 5769 5867 5731 5711 5909 6244 6168 6192 6268 6674 6433 6517 6601 6634 6587 6509 6352 6184 6085 5929 5779 5921 5832 5755 5741 5756 5835 5987 6142 6209 6182 6142 6072 6256 6058 5910 5736 5581 5439 5334 5235 5266 5380 5523 5703 5815 5807 5772 5724 5648 5585 5486 5399 5376
6477 6515 6478 6473 6423 6231 6381 6334 6160 6009 5918 5758 5584 5397 5237 5135 5125 5129 5126 5109 5186 5295 5509 5460 5436 5458 5623 5716 5781 5840 5898 5846 5830 5924 6260 6441 6595 6573 6467 6420 6339 6191 5966 6165 5829 5655 5691 5673 5652 5637 5667 5741 5820 5916 6013 6071 6071 5997 6009 5919 5847 5712 5555 5304 5096 5019 5076 5260 5499 5702 5830 5858 5840 5788 5679 5548 5411 5294 5245
6399 6334 6259 6237 6276 6247 6311 6307 6155 6038 5948 5827 5642 5449 5308 5225 5205 5166 5071 4834 5099 5254 5475 5414 5309 5262 5301 5361 5417 5446 5455 5474 5516 5658 5879 6209 6478 6358 6230 6211 6067 5964 5896 5617 5417 5340 5440 5479 5510 5508 5602 5696 5717 5789 5910 6031 6136 6073 6012 5936 5951 5870 5692 5406 5127 5060 5187 5477 5724 5819 5919 5940 5924 5851 5720 5535 5365 5216 5128
6172 5722 5655 5587 6036 6022 6049 6071 6036 5991 5938 5855 5749 5558 5394 5298 5200 5176 5084 4978 5004 5106 5407 5318 5201 5105 5050 5015 4981 4992 4850 5110 5300 5481 5672 5994 6206 6184 6233 6290 6073 5799 5555 5156 5013 5069 5256 5380 5588 5676 5719 5703 5665 5776 5935 6111 6347 6256 6177 6144 6134 6039 5816 5469 5228 5246 5586 5981 6079 6148 6175 6129 6008 5908 5770 5562 5341 5119 4997
5189 5421 5337 5309 5186 5163 5191 5703 5661 5645 5616 5584 5574 5575 5464 5331 4879 5119 5072 5008 4942 4792 5081 5012 5003 4935 4831 4722 4444 4435 4511 4792 5108 5332 5457 5724 6030 5988 6162 6142 5933 5691 5391 4951 4738 4791 5024 5346 6033 6076 6120 5929 5814 5853 5944 6048 6098 6031 6017 6040 6029 5925 5669 5390 5334 5553 6053 6574 6901 6987 6854 6690 6118 5989 5808 5602 5352 5086 4920
4828 4682 4574 4503 4987 4939 4977 4776 5093 5089 5085 5067 5074 5211 5246 5224 5127 5074 5015 4990 5012 5054 5033 4927 4849 4774 4667 4490 4178 4075 4056 4270 4753 4984 5003 5135 5062 5500 5718 5796 5693 5432 5147 4840 4584 4590 4809 5356 5860 6091 6177 5936 5685 5595 5618 5655 5646 5638 5690 5731 5694 5517 5285 5187 5363 5847 6492 7052 7275 7293 7076 6771 6461 6239 5863 5613 5356 5053 4862
4584 4462 4351 4293 4232 4227 4215 4620 4196 4717 4707 4663 4686 4724 4804 4849 4877 4867 4846 4847 4876 4891 4878 4820 4739 4655 4531 4327 3960 3776 3604 3578 3901 4293 4385 4356 4446 4651 5187 5507 5597 5516 5299 4884 4696 4562 4663 4994 5426 5705 5775 5598 5360 5144 5067 5121 5140 5237 5366 5404 5282 5007 4841 4907 5283 5966 6652 7150 7389 7358 7091 6748 6449 6227 5988 5649 5365 5030 4793
4393 4292 4188 4122 4075 4043 4023 4016 3990 4003 4025 4305 4285 4314 4367 4392 4431 4522 4520 4535 4593 4660 4703 4685 4651 4555 4408 4218 3901 3633 3467 3397 3447 3683 3742 3788 3931 4189 4568 5267 5637 5839 5711 5299 4890 4520 4375 4552 4802 5067 5172 5091 4849 4643 4566 4627 4771 4966 5140 5122 4896 4600 4409 4587 5054 5838 6510 7014 7261 7253 6972 6662 6366 6124 5931 5681 5362 5043 4767
3878 3791 3929 3846 3795 3753 3747 3729 3705 3687 3677 3646 3646 3752 3800 3849 3920 3954 3984 4033 4079 4209 4368 4415 4523 4401 4258 3942 3785 3615 3495 3487 3531 3570 3506 3485 3605 3909 4353 5276 5780 5927 5820 5458 4896 4403 4027 4000 4216 4445 4562 4471 4270 4129 4034 4212 4508 4787 4981 4964 4738 4400 4203 4351 4842 5528 6224 6772 7077 7156 6832 6586 6291 6046 5853 5650 5365 5068 4767
3852 3755 3669 3611 3580 3564 3618 3632 3608 3581 3553 3541 3527 3539 3554 3595 3657 3705 3745 3801 3891 4018 4315 4335 4297 4103 3791 3744 3729 3732 3693 3770 3759 3641 3386 3264 3528 3838 4591 5147 5585 5695 5603 5257 4710 4169 3664 3485 3575 3742 3887 3895 3792 3686 3722 3952 4324 4640 4835 4820 4599 4252 4027 4114 4589 5078 5755 6260 6681 6867 6798 6649 6305 6033 5811 5596 5336 5073 4755
4015 3913 3703 3613 3585 3563 3611 3622 3621 3588 3559 3524 3502 3490 3497 3524 3563 3592 3628 3710 3802 3915 4059 4088 3785 3676 3620 3727 3779 3978 4037 4093 4027 3813 3603 3405 3538 3926 4500 4983 5272 5348 5232 4903 4272 3782 3367 3158 3150 3264 3350 3384 3364 3371 3487 3795 4145 4431 4611 4607 4393 4087 3855 3956 4325 4840 5358 5828 6209 6494 6614 6599 6435 6085 5822 5558 5289 5006 4687
4071 3921 3723 3652 3610 3615 3631 3646 3618 3577 3537 3485 3448 3428 3429 3439 3459 3482 3506 3529 3570 3508 3598 3598 3530 3488 3556 3686 3947 4321 4776 4787 4695 4003 3743 3530 3630 4022 4468 4808 4957 4951 4744 4288 3933 3489 3125 2915 2864 2895 2954 2978 3009 3123 3319 3624 3964 4163 4278 4205 4028 3770 3607 3696 4114 4668 5004 5437 5807 6122 6389 6525 6511 6297 6006 5620 5306 4968 4665
4062 3816 3744 3704 3681 3679 3678 3659 3647 3611 3568 3465 3401 3380 3372 3379 3398 3409 3404 3325 3347 3391 3475 3484 3460 3474 3577 3792 4135 4724 4787 4954 4746 4289 3891 3606 3716 4091 4467 4693 4727 4508 4232 3922 3565 3201 2911 2737 2681 2683 2708 2738 2813 2930 3154 3432 3752 3925 3923 3810 3559 3370 3289 3481 3843 4381 4710 5073 5550 5893 6243 6486 6556 6438 6122 5700 5289 4916 4583
3900 3826 3803 3777 3747 3733 3728 3712 3707 3672 3630 3504 3431 3392 3387 3391 3427 3444 3452 3437 3442 3447 3460 3437 3428 3482 3635 3965 4343 4972 4967 5138 4905 4335 4067 3719 3785 3964 4407 4564 4383 4175 3871 3551 3237 2935 2742 2676 2659 2669 2685 2717 2775 2866 3000 3127 3434 3493 3377 3269 3133 3013 3040 3258 3688 4183 4572 4934 5269 5652 6152 6445 6575 6475 6162 5701 5250 4831 4515
3910 3876 3850 3817 3764 3753 3776 3784 3770 3713 3671 3598 3529 3481 3488 3483 3492 3492 3493 3495 3497 3502 3487 3456 3465 3551 3768 4138 4679 4750 5084 5309 5144 4508 4262 3811 3795 4029 4153 4285 4155 3884 3540 3204 2922 2744 2693 2655 2646 2643 2654 2673 2716 2779 2873 2934 3020 3021 2960 2880 2798 2763 2826 3046 3457 3985 4499 4816 5181 5563 5793 6383 6485 6385 6071 5622 5150 4714 4437
3974 3939 3915 3883 3817 3790 3809 3827 3855 3840 3829 3793 3702 3632 3598 3567 3549 3538 3530 3528 3535 3541 3539 3525 3574 3712 3933 4225 4842 4909 5112 5312 5195 4592 4213 3873 3789 3935 4031 4047 3873 3607 3263 2941 2759 2680 2648 2625 2613 2613 2615 2636 2660 2693 2735 2749 2771 2747 2732 2684 2661 2667 2739 2850 3205 3727 4274 4667 5011 5352 5980 5918 5980 6133 5813 5403 4928 4526 4333
4029 4000 3982 3954 3891 3860 3854 3893 3949 3952 3943 3916 3856 3784 3717 3662 3616 3581 3561 3531 3525 3542 3569 3626 3735 3951 4176 4730 4762 4929 5033 5055 4809 4494 4193 3884 3782 3831 3936 3861 3656 3313 2903 2779 2679 2629 2612 2602 2592 2588 2591 2593 2613 2630 2661 2674 2670 2616 2628 2576 2549 2566 2615 2674 2937 3332 3881 4341 4698 5064 5670 5918 5880 5624 5355 4992 4546 4273 4024
4040 4027 4019 3998 3942 3911 3907 3939 3998 4032 4016 4012 4006 3938 3856 3767 3671 3592 3531 3450 3468 3526 3624 3790 3997 4237 4444 4765 4913 5015 5021 4960 4759 4483 4193 3941 3826 3801 3779 3625 3395 2931 2780 2684 2629 2601 2600 2595 2586 2578 2569 2574 2575 2593 2610 2619 2614 2594 2611 2584 2532 2514 2545 2607 2701 2995 3408 3882 4344 4368 5159 4981 5022 5086 4820 4522 4276 3927 3638
4048 4028 4022 3993 3956 3929 3932 3971 4048 4126 4107 4112 4157 4102 4020 3865 3697 3554 3463 3421 3462 3561 3735 3970 4288 4535 5023 5173 5263 5263 5133 5023 4854 4640 4400 4176 3982 3851 3671 3467 2958 2822 2709 2638 2603 2593 2595 2600 2588 2579 2574 2568 2568 2571 2582 2586 2579 2566 2571 2597 2568 2503 2504 2545 2634 2726 2944 3154 3372 4102 4239 4663 4687 4503 4370 4172 3882 3537 3269
4036 4016 3995 3981 3952 3946 3956 3997 4078 4209 4292 4382 4371 4296 4159 3967 3763 3582 3457 3434 3499 3632 3893 4237 5031 5143 5401 5579 5654 5603 5401 5276 5137 4977 4798 4641 4402 4108 3381 3138 2951 2795 2691 2631 2608 2602 2611 2613 2605 2595 2582 2576 2570 2574 2580 2580 2562 2485 2488 2568 2572 2498 2490 2522 2615 2690 2784 2933 3128 3290 3896 3984 4021 4100 3911 3729 3477 3209 2974
4004 3987 3979 3969 3967 3971 4004 4052 4144 4347 4435 4465 4415 4308 4155 3962 3764 3588 3483 3473 3562 3759 4146 5035 5263 6100 6389 6494 6532 5922 5745 5590 5466 5332 5157 4979 4738 3771 3508 3243 3005 2833 2718 2651 2628 2627 2631 2633 2626 2611 2599 2585 2581 2586 2593 2600 2598 2580 2573 -9999 -9999 -9999 -9999 -9999 -9999 2669 2708 2796 2904 3026 3117 3174 3207 3173 3127 3297 3114 2769 2667
3981 3973 3966 3957 3977 4022 4117 4236 4410 4517 4538 4508 4395 4228 4048 3860 3666 3533 3453 3474 3640 3983 4917 5250 5885 6285 6471 6544 6491 6671 6161 6350 5730 5521 5047 4928 4044 3812 3584 3327 3103 2902 2762 2681 2648 2637 2635 2633 2624 2613 2603 -9999 -9999 2591 2596 2603 2611 2607 -9999 -9999 -9999 -9999 -9999 -9999 -9999 -9999 2661 2697 2741 2806 2855 2890 2907 2908 2879 2781 2713 2642 2581
3977 3964 3953 3951 3995 4087 4255 4564 4515 4570 4569 4506 4314 4083 3893 3720 3453 3319 3275 3413 3831 4501 5285 5967 6580 6837 6543 6554 5980 5861 5419 5427 5032 4848 4450 4008 3859 3704 3531 3328 3122 2929 2777 2687 2646 2631 2622 2614 2608 2604 -9999 -9999 -9999 -9999 2597 2597 2607 -9999 -9999 -9999 -9999 -9999 -9999 -9999 -9999 -9999 -9999 -9999 2665 2686 2693 2712 2716 2711 2699 2664 2607 2569 2530
