Data/ppt/PRISM_ppt_pr_1963-1995_normal_450mM1_03_asc.asc
ncols 557
nrows 164
xllcorner -67.31875000000
yllcorner 17.86875000000
cellsize 0.00416666667
NODATA_value -9999
[rows 0 to 35 of 164, columns 81 to 161 of 557]
-9999 -9999 -9999 -9999 -9999 -9999 -9999 -9999 -9999 -9999 -9999 -9999 -9999 -9999 -9999 -9999 -9999 -9999 -9999 -9999 -9999 -9999 -9999 -9999 -9999 -9999 -9999 -9999 -9999 -9999 -9999 -9999 -9999 -9999 -9999 -9999 -9999 -9999 -9999 -9999 -9999 -9999 -9999 -9999 -9999 -9999 -9999 -9999 -9999 -9999 -9999 -9999 -9999 -9999 -9999 -9999 -9999 -9999 -9999 -9999 -9999 -9999 -9999 -9999 -9999 -9999 -9999 -9999 -9999 -9999 -9999 -9999 -9999 -9999 -9999 -9999 -9999 -9999 -9999 -9999 -9999
-9999 -9999 -9999 -9999 -9999 -9999 -9999 -9999 -9999 -9999 -9999 -9999 -9999 -9999 -9999 -9999 -9999 -9999 -9999 -9999 -9999 -9999 -9999 -9999 -9999 -9999 -9999 -9999 -9999 -9999 -9999 -9999 -9999 -9999 -9999 -9999 -9999 -9999 -9999 -9999 -9999 -9999 -9999 -9999 -9999 -9999 -9999 -9999 -9999 -9999 -9999 -9999 -9999 -9999 -9999 -9999 -9999 -9999 -9999 -9999 -9999 -9999 -9999 -9999 -9999 -9999 -9999 -9999 -9999 -9999 -9999 -9999 -9999 -9999 -9999 -9999 -9999 -9999 -9999 -9999 -9999
-9999 -9999 -9999 -9999 -9999 -9999 -9999 -9999 -9999 -9999 -9999 -9999 -9999 -9999 -9999 -9999 -9999 -9999 -9999 -9999 -9999 -9999 -9999 -9999 -9999 -9999 -9999 -9999 -9999 -9999 -9999 -9999 -9999 -9999 -9999 -9999 -9999 -9999 -9999 -9999 -9999 -9999 -9999 -9999 -9999 -9999 -9999 -9999 -9999 -9999 -9999 -9999 -9999 -9999 -9999 -9999 -9999 -9999 -9999 -9999 -9999 -9999 -9999 -9999 -9999 -9999 -9999 -9999 -9999 -9999 -9999 -9999 -9999 -9999 -9999 -9999 -9999 -9999 -9999 -9999 -9999
-9999 -9999 -9999 -9999 -9999 -9999 -9999 -9999 -9999 -9999 -9999 -9999 -9999 -9999 -9999 -9999 -9999 -9999 -9999 -9999 -9999 -9999 -9999 -9999 -9999 -9999 -9999 -9999 -9999 -9999 -9999 -9999 -9999 -9999 -9999 -9999 -9999 -9999 -9999 -9999 -9999 -9999 -9999 -9999 -9999 -9999 -9999 -9999 -9999 -9999 -9999 -9999 -9999 -9999 -9999 -9999 -9999 -9999 -9999 -9999 -9999 -9999 -9999 -9999 -9999 -9999 -9999 -9999 -9999 -9999 -9999 -9999 -9999 -9999 -9999 -9999 -9999 -9999 -9999 -9999 -9999
-9999 -9999 -9999 -9999 -9999 -9999 -9999 -9999 -9999 -9999 -9999 -9999 -9999 -9999 -9999 -9999 -9999 -9999 -9999 -9999 -9999 -9999 -9999 -9999 -9999 -9999 -9999 -9999 -9999 -9999 -9999 -9999 -9999 -9999 -9999 -9999 -9999 -9999 -9999 -9999 -9999 -9999 -9999 -9999 -9999 -9999 -9999 -9999 -9999 -9999 -9999 -9999 -9999 -9999 -9999 -9999 -9999 -9999 -9999 -9999 -9999 -9999 -9999 -9999 -9999 -9999 -9999 -9999 -9999 -9999 -9999 -9999 -9999 -9999 -9999 -9999 -9999 -9999 -9999 -9999 -9999
-9999 -9999 -9999 -9999 -9999 -9999 -9999 -9999 -9999 -9999 -9999 -9999 -9999 -9999 -9999 -9999 -9999 -9999 -9999 -9999 -9999 -9999 -9999 -9999 -9999 -9999 -9999 -9999 -9999 -9999 -9999 -9999 -9999 -9999 -9999 -9999 -9999 -9999 -9999 -9999 -9999 -9999 -9999 -9999 -9999 -9999 -9999 -9999 -9999 -9999 -9999 -9999 -9999 -9999 -9999 -9999 -9999 -9999 -9999 -9999 -9999 -9999 -9999 -9999 -9999 -9999 -9999 -9999 -9999 -9999 -9999 -9999 -9999 -9999 -9999 -9999 -9999 -9999 -9999 -9999 -9999
-9999 -9999 -9999 -9999 -9999 -9999 -9999 -9999 -9999 -9999 -9999 -9999 -9999 -9999 -9999 -9999 -9999 -9999 -9999 -9999 -9999 -9999 -9999 -9999 -9999 -9999 -9999 -9999 -9999 -9999 -9999 -9999 -9999 -9999 -9999 -9999 -9999 -9999 -9999 -9999 -9999 -9999 -9999 -9999 -9999 -9999 -9999 -9999 -9999 -9999 -9999 -9999 -9999 -9999 -9999 -9999 -9999 -9999 -9999 -9999 -9999 -9999 -9999 -9999 -9999 -9999 -9999 -9999 -9999 -9999 -9999 -9999 -9999 -9999 -9999 -9999 -9999 -9999 -9999 -9999 -9999
-9999 -9999 -9999 -9999 -9999 -9999 -9999 -9999 -9999 -9999 -9999 -9999 -9999 -9999 -9999 -9999 -9999 -9999 -9999 -9999 -9999 -9999 -9999 -9999 -9999 -9999 -9999 -9999 -9999 -9999 -9999 -9999 -9999 -9999 -9999 -9999 -9999 -9999 -9999 -9999 -9999 -9999 -9999 -9999 -9999 -9999 -9999 -9999 -9999 -9999 -9999 -9999 -9999 -9999 -9999 -9999 -9999 -9999 -9999 -9999 -9999 -9999 -9999 -9999 -9999 -9999 -9999 -9999 -9999 -9999 -9999 -9999 -9999 -9999 -9999 -9999 -9999 -9999 -9999 -9999 -9999
-9999 -9999 -9999 -9999 -9999 -9999 -9999 -9999 -9999 -9999 -9999 -9999 -9999 -9999 -9999 -9999 -9999 -9999 -9999 -9999 -9999 -9999 -9999 -9999 -9999 -9999 -9999 -9999 -9999 -9999 -9999 -9999 -9999 -9999 -9999 -9999 -9999 -9999 -9999 -9999 -9999 -9999 -9999 -9999 -9999 -9999 -9999 -9999 -9999 -9999 -9999 -9999 -9999 -9999 -9999 -9999 -9999 -9999 -9999 -9999 -9999 -9999 -9999 -9999 -9999 -9999 -9999 -9999 -9999 -9999 -9999 -9999 -9999 -9999 -9999 -9999 -9999 -9999 -9999 -9999 -9999
-9999 -9999 -9999 -9999 -9999 -9999 -9999 -9999 -9999 -9999 -9999 -9999 -9999 -9999 -9999 -9999 -9999 -9999 -9999 -9999 -9999 -9999 -9999 -9999 -9999 -9999 -9999 -9999 -9999 -9999 -9999 -9999 -9999 -9999 -9999 -9999 -9999 -9999 -9999 -9999 -9999 -9999 -9999 -9999 -9999 -9999 -9999 -9999 -9999 -9999 -9999 -9999 -9999 -9999 -9999 -9999 -9999 -9999 -9999 -9999 -9999 -9999 -9999 -9999 -9999 -9999 -9999 -9999 -9999 -9999 -9999 -9999 -9999 -9999 -9999 -9999 -9999 -9999 -9999 -9999 -9999
-9999 -9999 -9999 -9999 -9999 -9999 -9999 -9999 -9999 -9999 -9999 -9999 -9999 -9999 -9999 -9999 -9999 -9999 -9999 -9999 -9999 -9999 -9999 -9999 -9999 -9999 -9999 -9999 -9999 -9999 -9999 -9999 -9999 -9999 -9999 -9999 -9999 -9999 -9999 -9999 -9999 -9999 -9999 -9999 -9999 -9999 -9999 -9999 -9999 -9999 -9999 -9999 -9999 -9999 -9999 -9999 -9999 -9999 -9999 -9999 -9999 -9999 -9999 -9999 -9999 -9999 -9999 -9999 -9999 -9999 -9999 -9999 -9999 -9999 -9999 -9999 -9999 -9999 -9999 -9999 -9999
6912 6908 6933 6926 6987 -9999 -9999 6897 6976 7013 7048 -9999 -9999 -9999 -9999 -9999 -9999 -9999 -9999 -9999 -9999 -9999 -9999 -9999 -9999 -9999 7115 7145 7152 7150 7186 7259 7289 -9999 -9999 -9999 -9999 -9999 7204 7208 7204 7208 7197 7191 7188 7186 7190 7195 7206 -9999 -9999 -9999 -9999 -9999 -9999 -9999 -9999 -9999 -9999 -9999 -9999 -9999 -9999 -9999 -9999 -9999 -9999 -9999 -9999 -9999 -9999 -9999 -9999 -9999 -9999 -9999 -9999 -9999 -9999 -9999 -9999
6728 6788 6807 6833 6962 6983 6408 6410 7040 7050 7044 7132 7083 7087 7079 7064 -9999 -9999 -9999 -9999 6704 6730 6849 6933 7012 7042 7101 7135 7150 7168 7194 7281 7284 7260 7246 7238 7229 7210 7205 7199 7205 7201 7205 7195 7186 7184 7182 7190 7192 7200 7198 -9999 -9999 -9999 -9999 -9999 -9999 -9999 -9999 -9999 -9999 -9999 -9999 -9999 -9999 -9999 -9999 -9999 -9999 -9999 -9999 -9999 -9999 7405 7391 7406 7407 7423 7441 7462 7485
6219 6613 6651 6638 6737 6728 6555 6527 6677 6692 6633 7178 7135 7130 7155 7131 7085 7034 7037 7036 6930 6906 6768 6803 6949 6996 7043 7110 7151 7182 7225 7289 7291 7262 7249 7239 7226 7209 7196 7196 7192 7203 7202 7206 7198 7187 7183 7180 7187 7188 7196 7194 7194 -9999 -9999 -9999 -9999 -9999 -9999 -9999 -9999 -9999 -9999 -9999 -9999 -9999 -9999 7368 -9999 -9999 -9999 7343 7364 7384 7396 7389 7403 7419 7438 7458 7503
6256 6596 6670 6624 6753 6655 6693 6625 6653 6631 6888 6912 6850 6778 7207 7204 7164 7177 7172 7139 7129 7132 7091 7083 7069 6986 7013 7113 7141 7228 7259 7300 7296 7274 7256 7245 7227 7212 7204 7206 7206 7204 7216 7217 7214 7208 7199 7194 7183 7187 7187 7192 7192 7194 7197 -9999 -9999 -9999 -9999 -9999 -9999 -9999 -9999 -9999 -9999 -9999 7363 7368 7372 -9999 7334 7339 7371 7381 7381 7384 7399 7414 7433 7478 7512
6422 6242 6642 6225 6923 6518 6582 6695 6857 6858 6767 6503 6519 7211 6988 6881 6820 7176 7180 7169 7195 7220 7209 7229 7185 7177 7176 7254 7209 7258 7263 7343 7301 7281 7266 7247 7233 7218 7221 7226 7231 7235 7235 7242 7244 7243 7236 7221 7207 7194 7189 7188 7193 7194 7199 7205 7216 7229 7247 7265 7284 7302 7319 7334 7346 7355 7361 7368 7374 7365 7342 7350 7368 7378 7367 7377 7392 7409 7448 7482 7513
6827 6658 6730 6615 6760 6569 6671 6868 7164 7288 7302 7210 7021 6921 6831 6667 6509 6958 6971 6942 6983 7012 7031 7170 7042 7125 7070 7154 7099 7142 7187 7374 7303 7312 7303 7258 7244 7241 7243 7246 7251 7253 7256 7255 7254 7253 7251 7248 7233 7218 7205 7200 7195 7200 7203 7209 7219 7233 7249 7268 7287 7305 7323 7339 7351 7358 7364 7369 7374 7369 7343 7349 7378 7359 7355 7367 7380 7409 7442 7478 7502
7304 7335 6944 6890 6923 6987 7130 7438 7555 7707 7794 7763 7657 7378 7240 7108 7004 7027 6962 6956 7106 7173 7198 7260 7208 7242 7213 7224 7099 7199 7227 7235 7229 7339 7350 7269 7282 7283 7261 7270 7274 7280 7281 7271 7261 7253 7254 7250 7246 7236 7222 7211 7215 7205 7207 7213 7230 7243 7259 7276 7294 7314 7331 7346 7357 7363 7366 7358 7374 7367 7341 7337 7347 7338 7336 7346 7370 7397 7428 7457 7479
7467 7346 7154 7255 7310 7288 7407 7634 7828 7978 8048 8026 7944 7794 7652 7572 7486 7395 7308 7275 7310 7327 7351 7374 7379 7380 7403 7461 7452 7478 7471 7421 7302 7278 7234 7191 7309 7318 7287 7276 7294 7325 7307 7304 7287 7278 7263 7257 7242 7236 7223 7228 7221 7219 7213 7225 7232 7302 7315 7327 7340 7353 7363 7365 7365 7363 7348 7345 7340 7343 7314 7297 7304 7297 7311 7335 7356 7378 7406 7432 7467
7750 7694 7493 7398 7427 7503 7668 7904 8090 8213 8263 8242 8174 8077 7981 7909 7829 7753 7672 7624 7605 7603 7622 7645 7657 7663 7671 7695 7694 7693 7677 7630 7516 7389 7229 7133 7191 7221 7218 7311 7346 7372 7370 7344 7326 7294 7280 7262 7255 7247 7244 7244 7252 7246 7248 7274 7310 7414 7448 7468 7462 7453 7433 7405 7376 7349 7329 7299 7297 7287 7268 7263 7267 7279 7297 7317 7346 7371 7395 7437 7498
8038 7976 7839 7766 7814 7906 8041 8220 8366 8435 8447 8429 8391 8331 8265 8202 8138 8074 7995 7922 7874 7854 7854 7863 7870 7885 7896 7899 7894 7882 7858 7801 7692 7552 7375 7237 7191 7171 7234 7445 7454 7455 7427 7428 7386 7341 7304 7279 7267 7265 7258 7263 7268 7288 7322 7388 7419 7488 7515 7528 7526 7498 7466 7418 7373 7337 7308 7287 7271 7254 7247 7246 7258 7269 7290 7320 7355 7402 7448 7523 7633
8366 8316 8239 8170 8175 8253 8365 8491 8596 8605 8582 8556 8527 8497 8454 8417 8368 8312 8236 8152 8084 8047 8032 8027 8037 8049 8067 8078 8076 8063 8037 7976 7861 7723 7550 7381 7314 7289 7309 7393 7400 7453 7460 7445 7435 7377 7342 7308 7280 7276 7273 7280 7297 7319 7373 7476 7521 7542 7551 7563 7541 7513 7471 7420 7373 7329 7299 7279 7263 7252 7241 7246 7252 7279 7303 7351 7410 7481 7560 7673 7827
8671 8620 8551 8485 8473 8538 8626 8705 8761 8732 8672 8634 8608 8583 8562 8536 8513 8476 8426 8357 8283 8226 8192 8178 8170 8183 8200 8221 8226 8211 8177 8122 8021 7925 7762 7554 7593 7607 7574 7533 7473 7575 7518 7460 7423 7402 7365 7328 7304 7297 7291 7289 7283 7298 7336 7456 7623 7646 7656 7653 7641 7603 7545 7472 7398 7339 7297 7276 7263 7254 7251 7256 7279 7311 7376 7441 7519 7610 7715 7861 8048
8930 8882 8798 8715 8646 8701 8790 8873 8912 8864 8786 8739 8702 8672 8652 8641 8632 8624 8591 8541 8473 8416 8377 8344 8327 8319 8324 8340 8346 8333 8302 8251 8191 8135 8024 7857 7829 7801 7682 7612 7548 7582 7485 7424 7387 7362 7355 7336 7322 7315 7313 7307 7301 7294 7293 7383 8001 7899 7934 7947 8059 7994 7843 7647 7500 7392 7321 7294 7276 7269 7268 7289 7335 7409 7494 7600 7697 7799 7924 8077 8270
9221 9149 9070 8920 8729 8721 8836 8970 9026 8998 8949 8903 8864 8823 8798 8784 8785 8778 8758 8716 8666 8623 8589 8551 8517 8495 8480 8477 8478 8458 8434 8387 8320 8273 8172 8058 8053 7956 7596 7500 7467 7470 7455 7389 7371 7358 7351 7343 7333 7332 7322 7321 7321 7324 7337 7376 7425 7491 7959 8093 8582 8399 8112 7803 7591 7447 7363 7314 7301 7290 7305 7360 7452 7577 7703 7871 7994 8153 8307 8482 8668
9521 9436 9330 9176 8986 8887 8934 9048 9125 9137 9111 9089 9045 9007 8996 8980 8977 8965 8933 8902 8862 8829 8796 8744 8700 8672 8647 8644 8629 8612 8583 8533 8489 8469 8452 8355 8271 8171 8024 7728 7470 7458 7449 7454 7425 7402 7364 7356 7352 7347 7353 7346 7355 7391 7443 7577 7463 7482 8281 8333 9047 8773 8392 7970 7721 7560 7442 7396 7352 7367 7393 7494 7645 7854 8056 8582 8402 8661 8843 9214 9455
9763 9692 9540 9390 9278 9185 9135 9196 9264 9292 9289 9254 9213 9195 9183 9188 9181 9169 9128 9085 9046 9009 8973 8922 8869 8832 8811 8799 8790 8773 8747 8701 8641 8602 8548 8465 8352 8259 8147 7859 8058 8058 7722 7631 7599 7517 7442 7391 7392 7381 7401 7410 7435 7464 7485 7552 7538 7558 7488 8328 8740 9371 9001 8712 7948 7791 7673 7598 7537 7541 7612 7781 7958 8208 8417 8759 8383 8969 9062 8905 9189
10007 9970 9815 9673 9595 9497 9400 9384 9429 9476 9467 9437 9405 9374 9374 9368 9367 9344 9303 9256 9212 9169 9129 9079 9036 9000 8974 8960 8960 8946 8930 8890 8840 8756 8649 8529 8416 8355 8366 8327 8368 8273 8267 7826 7767 7665 7583 7551 7545 7503 7468 7567 7586 7563 7577 7603 7651 7731 7853 8184 8729 8950 9390 9339 8470 8215 8259 8116 7984 7871 7997 8416 8695 9086 9283 9201 9246 9300 9107 9017 9102
10335 10242 10074 9936 9815 9708 9631 9581 9575 9593 9596 9579 9563 9542 9540 9544 9535 9509 9460 9409 9356 9314 9277 9225 9187 9146 9135 9132 9136 9138 9126 9097 9048 8969 8840 8687 8559 8509 8528 8563 8534 8216 8087 7951 8159 8097 8057 8032 8054 7984 7501 8035 8024 7765 7786 7825 7844 7936 8125 7605 8266 8789 8983 9551 9184 8800 8604 8382 8312 8312 8402 8928 9336 9616 9747 9749 9539 9441 9097 9317 9344
10586 10394 10179 10027 9890 9734 9688 9656 9651 9657 9652 9654 9651 9659 9664 9673 9673 9650 9607 9544 9497 9464 9422 9379 9315 9272 9263 9275 9307 9322 9326 9302 9251 9158 9047 8902 8766 8676 8647 8634 8553 8260 8094 7974 7920 7801 8052 8116 8200 8103 8232 8249 8242 8191 8225 8197 8260 8325 8251 8516 8500 8741 9602 9213 9184 9180 9075 8795 8615 8649 8690 9321 9591 9909 10059 9742 9737 9898 9628 9916 9773
10654 10525 10338 10184 10040 9865 9788 9751 9713 9696 9680 9683 9709 9724 9750 9765 9765 9760 9722 9682 9647 9610 9588 9532 9470 9409 9396 9415 9456 9496 9509 9495 9447 9368 9268 9141 8971 8866 8752 8675 8536 8298 8193 8135 8061 8022 8080 8036 8168 8188 8233 8208 8187 8190 8323 8384 8435 8567 8644 8887 8677 8810 8991 8578 9180 9461 9322 9116 9014 9083 9308 9527 9690 10102 9787 9705 10016 10354 10276 10093 10176
10787 10663 10504 10363 10176 10010 9899 9835 9781 9734 9715 9728 9757 9796 9825 9839 9849 9843 9829 9799 9780 9747 9711 9677 9625 9566 9550 9559 9612 9662 9701 9699 9686 9605 9481 9324 9170 9086 8887 8790 8712 8611 8535 8469 8394 8296 8337 8164 8160 8258 8269 8290 8314 8311 8361 8591 8623 8705 8800 8894 9121 8947 8942 9109 9380 10010 9594 9337 9241 9247 9345 9555 9892 10389 10479 9594 9894 10107 10018 9743 10364
11014 10868 10697 10521 10304 10124 10025 9927 9844 9793 9780 9807 9850 9888 9924 9939 9945 9948 9937 9943 9936 9904 9878 9847 9797 9744 9717 9726 9769 9822 9853 9868 9840 9771 9643 9488 9344 9183 8983 8909 8762 8742 8655 8658 8633 8640 8629 8567 8526 8490 8436 8637 8614 8641 8730 8756 8748 8758 8805 8686 8750 8722 8545 8646 9214 9157 8952 9229 9309 9320 9453 9735 10129 10481 9809 9417 9453 9925 9882 9361 9631
11344 11152 10902 10668 10471 10302 10144 10010 9916 9875 9882 9921 9971 10020 10056 10074 10080 10085 10093 10105 10121 10107 10085 10049 9989 9928 9894 9901 9931 9977 10006 9996 9960 9875 9768 9630 9449 9053 9055 9001 8463 8618 8460 8651 8731 8914 8920 8937 8917 8879 8535 8348 8115 8120 8418 8494 8552 8855 7985 8160 8250 8363 8399 8465 8653 8966 8910 8986 9263 9312 9430 9677 10185 10254 10750 9815 9532 9534 9429 9488 9808
11548 11347 11035 10740 10577 10426 10257 10097 9998 9964 9986 10028 10076 10130 10182 10217 10236 10238 10248 10266 10291 10293 10289 10254 10198 10142 10108 10094 10114 10139 10146 10109 10038 9948 9780 9649 9501 9080 8975 8904 8983 8970 8997 8922 8865 8878 8816 9021 9072 9081 8842 7847 7867 7861 8322 8431 8386 7953 8379 8172 8173 8288 8446 8395 8502 8555 8801 8968 9488 9436 9455 9581 9855 10037 10342 10404 9831 10233 10241 10178 9567
11104 11002 10886 10736 10645 10519 10359 10197 10099 10068 10077 10100 10135 10188 10255 10328 10370 10391 10398 10417 10440 10465 10473 10453 10416 10376 10321 10299 10284 10286 10260 10200 10117 9965 9643 9529 9549 9456 9042 8896 8960 9002 9123 9324 9410 9448 9423 9450 9439 9487 8628 8419 8293 8356 8479 8514 8564 8587 8761 8831 8266 8366 8661 8351 8694 8346 8813 8797 9543 9478 9402 9483 9739 10062 10185 10487 10268 10425 10506 10487 10249
