Data/ppt/PRISM_ppt_pr_1963-1995_normal_450mM1_07_asc.asc
ncols 557
nrows 164
xllcorner -67.31875000000
yllcorner 17.86875000000
cellsize 0.00416666667
NODATA_value -9999
[rows 0 to 33 of 164, columns 77 to 153 of 557]
-9999 -9999 -9999 -9999 -9999 -9999 -9999 -9999 -9999 -9999 -9999 -9999 -9999 -9999 -9999 -9999 -9999 -9999 -9999 -9999 -9999 -9999 -9999 -9999 -9999 -9999 -9999 -9999 -9999 -9999 -9999 -9999 -9999 -9999 -9999 -9999 -9999 -9999 -9999 -9999 -9999 -9999 -9999 -9999 -9999 -9999 -9999 -9999 -9999 -9999 -9999 -9999 -9999 -9999 -9999 -9999 -9999 -9999 -9999 -9999 -9999 -9999 -9999 -9999 -9999 -9999 -9999 -9999 -9999 -9999 -9999 -9999 -9999 -9999 -9999 -9999 -9999
-9999 -9999 -9999 -9999 -9999 -9999 -9999 -9999 -9999 -9999 -9999 -9999 -9999 -9999 -9999 -9999 -9999 -9999 -9999 -9999 -9999 -9999 -9999 -9999 -9999 -9999 -9999 -9999 -9999 -9999 -9999 -9999 -9999 -9999 -9999 -9999 -9999 -9999 -9999 -9999 -9999 -9999 -9999 -9999 -9999 -9999 -9999 -9999 -9999 -9999 -9999 -9999 -9999 -9999 -9999 -9999 -9999 -9999 -9999 -9999 -9999 -9999 -9999 -9999 -9999 -9999 -9999 -9999 -9999 -9999 -9999 -9999 -9999 -9999 -9999 -9999 -9999
-9999 -9999 -9999 -9999 -9999 -9999 -9999 -9999 -9999 -9999 -9999 -9999 -9999 -9999 -9999 -9999 -9999 -9999 -9999 -9999 -9999 -9999 -9999 -9999 -9999 -9999 -9999 -9999 -9999 -9999 -9999 -9999 -9999 -9999 -9999 -9999 -9999 -9999 -9999 -9999 -9999 -9999 -9999 -9999 -9999 -9999 -9999 -9999 -9999 -9999 -9999 -9999 -9999 -9999 -9999 -9999 -9999 -9999 -9999 -9999 -9999 -9999 -9999 -9999 -9999 -9999 -9999 -9999 -9999 -9999 -9999 -9999 -9999 -9999 -9999 -9999 -9999
-9999 -9999 -9999 -9999 -9999 -9999 -9999 -9999 -9999 -9999 -9999 -9999 -9999 -9999 -9999 -9999 -9999 -9999 -9999 -9999 -9999 -9999 -9999 -9999 -9999 -9999 -9999 -9999 -9999 -9999 -9999 -9999 -9999 -9999 -9999 -9999 -9999 -9999 -9999 -9999 -9999 -9999 -9999 -9999 -9999 -9999 -9999 -9999 -9999 -9999 -9999 -9999 -9999 -9999 -9999 -9999 -9999 -9999 -9999 -9999 -9999 -9999 -9999 -9999 -9999 -9999 -9999 -9999 -9999 -9999 -9999 -9999 -9999 -9999 -9999 -9999 -9999
-9999 -9999 -9999 -9999 -9999 -9999 -9999 -9999 -9999 -9999 -9999 -9999 -9999 -9999 -9999 -9999 -9999 -9999 -9999 -9999 -9999 -9999 -9999 -9999 -9999 -9999 -9999 -9999 -9999 -9999 -9999 -9999 -9999 -9999 -9999 -9999 -9999 -9999 -9999 -9999 -9999 -9999 -9999 -9999 -9999 -9999 -9999 -9999 -9999 -9999 -9999 -9999 -9999 -9999 -9999 -9999 -9999 -9999 -9999 -9999 -9999 -9999 -9999 -9999 -9999 -9999 -9999 -9999 -9999 -9999 -9999 -9999 -9999 -9999 -9999 -9999 -9999
-9999 -9999 -9999 -9999 -9999 -9999 -9999 -9999 -9999 -9999 -9999 -9999 -9999 -9999 -9999 -9999 -9999 -9999 -9999 -9999 -9999 -9999 -9999 -9999 -9999 -9999 -9999 -9999 -9999 -9999 -9999 -9999 -9999 -9999 -9999 -9999 -9999 -9999 -9999 -9999 -9999 -9999 -9999 -9999 -9999 -9999 -9999 -9999 -9999 -9999 -9999 -9999 -9999 -9999 -9999 -9999 -9999 -9999 -9999 -9999 -9999 -9999 -9999 -9999 -9999 -9999 -9999 -9999 -9999 -9999 -9999 -9999 -9999 -9999 -9999 -9999 -9999
-9999 -9999 -9999 -9999 -9999 -9999 -9999 -9999 -9999 -9999 -9999 -9999 -9999 -9999 -9999 -9999 -9999 -9999 -9999 -9999 -9999 -9999 -9999 -9999 -9999 -9999 -9999 -9999 -9999 -9999 -9999 -9999 -9999 -9999 -9999 -9999 -9999 -9999 -9999 -9999 -9999 -9999 -9999 -9999 -9999 -9999 -9999 -9999 -9999 -9999 -9999 -9999 -9999 -9999 -9999 -9999 -9999 -9999 -9999 -9999 -9999 -9999 -9999 -9999 -9999 -9999 -9999 -9999 -9999 -9999 -9999 -9999 -9999 -9999 -9999 -9999 -9999
-9999 -9999 -9999 -9999 -9999 -9999 -9999 -9999 -9999 -9999 -9999 -9999 -9999 -9999 -9999 -9999 -9999 -9999 -9999 -9999 -9999 -9999 -9999 -9999 -9999 -9999 -9999 -9999 -9999 -9999 -9999 -9999 -9999 -9999 -9999 -9999 -9999 -9999 -9999 -9999 -9999 -9999 -9999 -9999 -9999 -9999 -9999 -9999 -9999 -9999 -9999 -9999 -9999 -9999 -9999 -9999 -9999 -9999 -9999 -9999 -9999 -9999 -9999 -9999 -9999 -9999 -9999 -9999 -9999 -9999 -9999 -9999 -9999 -9999 -9999 -9999 -9999
-9999 -9999 -9999 -9999 -9999 -9999 -9999 -9999 -9999 -9999 -9999 -9999 -9999 -9999 -9999 -9999 -9999 -9999 -9999 -9999 -9999 -9999 -9999 -9999 -9999 -9999 -9999 -9999 -9999 -9999 -9999 -9999 -9999 -9999 -9999 -9999 -9999 -9999 -9999 -9999 -9999 -9999 -9999 -9999 -9999 -9999 -9999 -9999 -9999 -9999 -9999 -9999 -9999 -9999 -9999 -9999 -9999 -9999 -9999 -9999 -9999 -9999 -9999 -9999 -9999 -9999 -9999 -9999 -9999 -9999 -9999 -9999 -9999 -9999 -9999 -9999 -9999
7249 7038 -9999 -9999 -9999 -9999 -9999 -9999 -9999 -9999 -9999 -9999 -9999 -9999 -9999 -9999 -9999 -9999 -9999 -9999 -9999 -9999 -9999 -9999 -9999 -9999 -9999 -9999 -9999 -9999 -9999 -9999 -9999 -9999 -9999 -9999 -9999 -9999 -9999 -9999 -9999 -9999 -9999 -9999 -9999 -9999 -9999 -9999 -9999 -9999 -9999 -9999 -9999 -9999 -9999 -9999 -9999 -9999 -9999 -9999 -9999 -9999 -9999 -9999 -9999 -9999 -9999 -9999 -9999 -9999 -9999 -9999 -9999 -9999 -9999 -9999 -9999
6622 7504 7241 7280 -9999 -9999 -9999 -9999 -9999 -9999 -9999 -9999 -9999 -9999 -9999 -9999 -9999 -9999 -9999 -9999 -9999 -9999 -9999 -9999 -9999 -9999 -9999 -9999 -9999 -9999 -9999 -9999 -9999 -9999 -9999 -9999 -9999 -9999 -9999 -9999 -9999 -9999 -9999 -9999 -9999 -9999 -9999 -9999 -9999 -9999 -9999 -9999 -9999 -9999 -9999 -9999 -9999 -9999 -9999 -9999 -9999 -9999 -9999 -9999 -9999 -9999 -9999 -9999 -9999 -9999 -9999 -9999 -9999 -9999 -9999 -9999 -9999
6622 6513 6960 7471 6774 6586 6588 7024 7010 -9999 -9999 5988 6896 7068 7176 -9999 -9999 -9999 -9999 -9999 -9999 -9999 -9999 -9999 -9999 -9999 -9999 -9999 -9999 -9999 7301 7292 7269 7248 7231 7220 7207 -9999 -9999 -9999 -9999 -9999 7020 7011 7028 7064 7060 7050 7043 7038 7045 7053 7069 -9999 -9999 -9999 -9999 -9999 -9999 -9999 -9999 -9999 -9999 -9999 -9999 -9999 -9999 -9999 -9999 -9999 -9999 -9999 -9999 -9999 -9999 -9999 -9999
7380 7275 6942 6590 6713 6114 6513 6214 6809 6011 5487 5947 6187 6548 6595 7567 7240 7344 7394 7383 -9999 -9999 -9999 -9999 6320 6280 6758 6878 6971 7091 7226 7272 7258 7239 7223 7213 7191 7160 7137 7121 7105 7090 7043 7013 7021 7030 7039 7033 7029 7023 7019 7031 7038 7048 7047 -9999 -9999 -9999 -9999 -9999 -9999 -9999 -9999 -9999 -9999 -9999 -9999 -9999 -9999 -9999 -9999 -9999 -9999 -9999 -9999 -9999 -9999
7697 7607 7057 6842 5941 6085 5870 6141 6246 5652 5633 5795 5889 5949 6536 6732 6920 7007 7622 7411 7221 7162 7112 7084 6961 6938 6690 6251 6842 6926 7045 7188 7247 7220 7206 7211 7190 7157 7134 7116 7100 7084 7071 7041 7028 7031 7023 7022 7008 7008 7002 6997 7008 7014 7031 7033 7038 -9999 -9999 -9999 -9999 -9999 -9999 -9999 -9999 -9999 -9999 -9999 -9999 -9999 -9999 8123 -9999 -9999 -9999 8192 8212
8573 8202 7310 7112 6500 6298 6249 5709 5652 5342 5537 5440 5620 5975 6341 7066 6839 6846 6946 7024 6934 7168 7164 7193 7323 7280 6896 7235 7156 6715 6860 7171 7212 7214 7218 7219 7185 7159 7134 7114 7097 7082 7069 7083 7073 7060 7056 7041 7042 7026 7020 7009 6979 6988 6995 7011 7024 7038 7053 -9999 -9999 -9999 -9999 -9999 -9999 -9999 -9999 -9999 -9999 -9999 8116 8139 8184 -9999 8212 8210 8247
8263 7944 7662 7167 7372 7159 6595 6535 5972 6047 6106 6097 5986 6354 6468 6267 6081 6081 6989 6499 6373 7251 7088 7071 7009 6942 6915 7563 6788 7418 6827 7300 7178 7138 7216 7229 7213 7158 7145 7123 7126 7109 7122 7136 7152 7143 7131 7131 7114 7114 7095 7054 7016 6984 6972 6979 6998 7017 7045 7077 7128 7188 7261 7342 7430 7523 7616 7708 7828 8025 8123 8180 8225 8257 8243 8261 8282
8521 8182 8017 8068 7832 7523 7412 7033 6526 6476 6524 6413 6983 7116 7072 6943 6700 6325 6136 6378 6456 6718 6662 6694 6852 6830 6849 7023 6836 6894 6846 7394 6766 6220 6722 7088 7172 7250 7225 7169 7183 7176 7166 7193 7182 7168 7155 7139 7107 7096 7086 7090 7048 7015 6988 6978 6971 6995 7022 7061 7113 7177 7253 7340 7435 7535 7638 7738 7860 8066 8167 8226 8272 8295 8287 8301 8329
9430 8447 8218 8226 8122 8068 8010 7211 6743 7145 7223 7170 7280 7445 7797 7284 7071 6672 6727 6425 6739 6872 6766 6970 6775 6721 6779 6816 6828 6797 6851 6773 7484 6719 6801 6996 6758 7538 7419 7127 7193 7204 7157 7172 7177 7181 7163 7113 7046 7028 7027 7031 7038 7022 6994 6975 6990 6969 6988 7022 7099 7168 7250 7343 7446 7558 7671 7780 7909 8111 8213 8309 8318 8339 8329 8386 8431
9337 9411 8556 8760 8425 8107 7753 7369 6855 7389 7610 7883 7971 8095 8094 8121 8001 7539 7530 7258 6923 7054 6995 7004 7066 7347 7390 6991 7561 7509 7561 7163 7077 7150 7119 7107 6916 6924 6801 6640 7415 7560 7132 7102 7133 7206 7151 7131 7079 7057 7014 7005 6970 6970 6946 6977 6962 6968 6961 6987 7053 7240 7326 7422 7532 7654 7776 7896 8010 8207 8322 8418 8421 8399 8434 8517 8537
9699 9394 8954 8662 8571 8360 8081 7786 7598 7422 7589 8134 8407 8662 8696 8573 8436 8286 8165 7570 7907 7299 7243 7216 7230 7254 7341 7377 7504 7553 7614 7894 7932 7867 7698 7618 7342 7066 6714 6314 6741 6783 6847 7024 7100 7264 7146 7130 7103 7037 7012 6970 6966 6956 6961 6969 7007 7003 7032 7132 7005 7928 7985 8121 8204 8268 8331 8399 8423 8449 8466 8512 8483 8499 8524 8578 8570
10420 10084 9793 9435 9259 8920 8827 8352 8447 8154 8272 8821 9376 9432 9364 8949 8782 8678 8591 8500 8467 8266 8033 7793 7730 7709 7770 7841 7900 7939 7998 8088 8099 8076 8035 8059 7859 7570 7100 6794 6616 6567 6588 7445 7373 7370 7323 7349 7234 7094 7028 6979 6960 6968 6957 6979 7002 7073 7134 7527 7710 7957 8128 8312 8405 8453 8479 8512 8518 8520 8518 8515 8512 8523 8558 8573 8564
10858 10546 10502 10296 10063 9851 9604 9013 8949 8507 9070 9587 9735 9963 9849 9650 9124 9067 9007 8987 9218 9012 8783 8483 8303 8300 8308 8352 8390 8457 8535 8591 8633 8636 8600 8524 8234 7929 7524 7170 6881 6808 6912 7138 7247 7358 7398 7407 7346 7211 7114 7017 6964 6959 6959 6981 7030 7212 7349 7733 7956 8139 8283 8413 8481 8517 8533 8535 8532 8529 8523 8517 8511 8520 8575 8586 8590
11600 11455 11239 11023 10848 10587 9997 9951 9795 9413 9534 9928 10487 10351 10115 9943 9776 9837 9666 9596 9570 9466 9323 9137 8924 8780 8738 8914 8926 8975 9053 9200 9252 9256 9228 9092 8520 8288 7928 7462 7746 7752 7668 7621 7353 7528 7480 7436 7371 7277 7188 7093 7017 6983 6975 6969 6958 6964 7037 7735 7978 8173 8319 8512 8579 8619 8621 8601 8574 8546 8529 8514 8522 8547 8592 8623 8641
12082 12175 11999 11494 11560 11350 10667 10584 10148 9900 10456 10617 10730 10758 10429 10267 10109 10050 9952 9925 9914 9901 9824 9664 9466 9303 9246 9260 9161 9176 9227 9546 9628 9626 9546 9153 8926 8777 8510 8133 7962 8075 7923 7796 7692 7642 7428 7297 7157 7109 7119 7083 7050 7035 7001 6996 6982 6970 7063 7809 7881 8040 8232 8744 8853 8870 8829 8745 8653 8587 8535 8549 8550 8563 8592 8611 8647
12863 12729 12728 12305 12112 12062 11438 11244 10748 10428 10744 11007 10997 11154 10947 10868 10730 10495 10403 10346 10348 10367 10310 10189 10017 9919 9890 9809 9795 9795 9865 9956 9997 9967 9942 9822 9717 9080 8720 8465 8532 8356 8028 7637 7199 7572 7262 7220 7090 7101 7170 7102 7092 7072 7056 7011 7014 7021 7052 7020 7841 7973 8184 8251 9011 9152 9049 8872 8729 8625 8578 8570 8597 8587 8601 8642 8722
13793 13602 13387 13306 12919 12625 12289 11749 11411 11082 11007 11250 11297 11425 11448 11329 11194 11036 10983 10941 10950 10911 10796 10698 10636 10563 10498 10397 10319 10305 10499 10585 10566 10360 10320 10210 10068 9651 9572 9270 9046 8822 8295 7858 8060 7880 7530 7480 7171 7161 7150 7135 7211 7227 7177 7104 7099 7131 7245 7765 7274 7727 8274 8461 8946 9363 9315 9051 8841 8714 8635 8634 8615 8627 8651 8731 8858
14478 14494 14300 14297 13839 13473 13163 12399 12132 11782 11457 11656 11768 11810 11780 11638 11536 11446 11443 11473 11508 11490 11349 11244 11142 11051 11004 10882 10773 10687 10741 10874 10914 10933 10850 10625 10515 10337 9825 9596 9317 9126 8984 8791 8726 8631 8223 8133 7989 7837 7581 7511 7501 7447 7377 7392 7435 7355 7345 7372 7393 7567 7968 8824 8936 9459 9673 9322 9022 8857 8761 8721 8720 8713 8782 8892 9039
15446 15213 15095 14806 14491 14217 13742 13187 12973 12358 12338 12218 12334 12403 12279 12139 12022 11920 11854 11856 11869 11865 11758 11620 11516 11435 11398 11285 11187 11113 11044 11083 11143 11237 11165 11201 11152 11075 10611 9855 9542 9435 9466 9203 9121 8959 8574 8502 8645 8480 7842 7839 7823 7742 7494 8057 8053 7541 7651 7411 7581 7729 7945 8276 8839 9192 9862 10048 9380 9152 9030 8961 8949 8973 9154 9365 9632
15892 15651 15530 15397 15180 14961 14340 13836 13470 13049 13112 12743 12709 12740 12634 12502 12489 12397 12354 12345 12293 12229 12096 11959 11886 11805 11746 11661 11613 11451 11429 11416 11563 11559 11558 11561 11491 11487 11039 10644 10037 9870 9971 9979 9788 9349 9087 8836 8863 8686 8600 8530 8549 8430 8435 8767 8745 8274 8023 8368 8416 8584 8496 8177 8770 9326 9764 10347 9995 9712 9535 9356 9325 9390 9597 9857 10192
16221 16156 16146 15995 15568 15070 14235 13796 13461 13067 13030 12945 12933 12942 12848 12758 12767 12723 12722 12695 12699 12623 12511 12314 12212 12156 12181 12190 12121 11707 11977 12038 12193 12089 12219 12220 11957 11627 11310 10971 10556 10347 10314 10302 10198 9685 9297 9047 8823 8465 9092 9098 9522 8959 8947 9141 9096 8759 8717 8777 8787 9350 8908 8898 8626 9435 9927 9892 9923 10024 9949 9729 9607 9675 9929 10304 10699
16763 16715 16610 16169 15504 15115 14571 13986 13700 13392 13237 13188 13135 13120 13075 12958 12983 12945 13002 12985 12995 12995 12918 12764 12735 12717 12679 12606 12452 12045 12102 12164 12463 12600 12608 12638 12562 12391 12097 11805 11055 10834 10667 10574 10422 9871 9651 9529 9295 9315 9318 9230 9446 9466 9450 9477 9366 9274 9123 9544 9681 9756 9766 9390 9520 9478 9400 9048 9897 10237 10139 9991 9910 9983 10131 10223 10435
17295 17281 17259 16319 15734 15314 14818 14296 13905 13629 13463 13361 13300 13262 13189 13140 13108 13144 13205 13221 13247 13216 13203 13122 13124 13049 12990 12922 12823 12648 12434 12423 12662 12944 13094 13173 13231 13110 12623 12263 11944 11440 11058 10899 10798 10574 10411 10268 10105 9859 10071 9567 9601 9876 9868 9991 9757 9948 10022 9930 10125 10456 10045 9770 9837 9642 9601 9633 9848 10370 10159 10169 10131 10165 10273 10219 10454
16918 16912 16817 16395 16066 15647 15198 14771 14105 13804 13651 13530 13437 13369 13320 13294 13364 13377 13458 13481 13478 13475 13447 13465 13475 13391 13351 13290 13191 13039 12858 12866 13001 13202 13335 13423 13454 13409 13178 12581 12197 11726 11300 11153 11118 10971 10844 10733 10715 10643 10586 10537 10484 10538 10421 10230 9851 9815 10206 10130 10206 10281 9949 9386 9385 9644 9397 9513 9728 10232 9582 10189 10263 10313 10505 10487 10965
16883 16774 16633 16353 16100 15719 15315 14907 14440 14078 13801 13651 13579 13545 13494 13521 13572 13647 13726 13763 13771 13779 13800 13860 13889 13832 13786 13722 13587 13418 13306 13323 13429 13563 13656 13626 13570 13368 13100 12733 12353 11766 11610 11490 11349 10950 11120 11067 11072 11325 11335 11369 11279 10927 10372 9839 9761 9692 9712 10027 10054 9525 9516 9307 8926 8996 8722 8636 9542 9489 9622 9671 10251 10368 10724 11187 11514
