Data/Derived/envs/Pm.asc
NCOLS 557 
NROWS 164 
XLLCORNER -67.31875 
YLLCORNER 17.86875 
CELLSIZE 0.00416666667 
NODATA_value -9999 
[rows 66 to 98 of 164, columns 365 to 437 of 557]
628.1 628.58 636.32 646.85 671.36 708.43 765.8 804.23 806.63 796.26 763.67 679.07 600.5 560.98 517.88 477.08 445.04 421.87 403.46 387.98 373.58 363.57 360.35 363.03 369.99 378.31 385.7 394.56 394 376.46 355.77 331.07 305.01 281.11 253.93 232.4 206.33 210.11 202.45 199.97 198.19 198.82 200.07 200.65 -9999 199.03 -9999 -9999 -9999 -9999 -9999 -9999 -9999 -9999 -9999 -9999 -9999 -9999 -9999 -9999 -9999 -9999 -9999 -9999 -9999 -9999 -9999 -9999 -9999 -9999 -9999 -9999 -9999
603.94 597.89 600.28 613 634.94 677.46 731.22 782.91 801.78 792.92 767.96 689.3 613.03 556.13 509.15 472.83 440.16 415.17 396.79 383.12 372.36 366.14 365.19 369.05 376.28 384.85 393.2 400.77 394.8 381.23 357.99 333.68 306.1 278.54 254.63 231.13 211.65 207.08 200.57 197.86 197.01 197.32 198.22 -9999 198.28 198.39 197.64 -9999 -9999 -9999 -9999 -9999 -9999 -9999 -9999 -9999 -9999 -9999 -9999 -9999 -9999 -9999 -9999 -9999 -9999 -9999 -9999 -9999 -9999 -9999 -9999 -9999 -9999
584.12 574.31 574.92 583.79 603.51 646.69 698.95 743.23 768.63 734.56 712.32 662.34 604.85 551.48 498.17 462.37 434.87 411.46 393.97 382.07 374.5 370.53 370.63 373.63 378.91 386.04 394.43 404.24 399.07 376.74 351.8 326.02 302.85 276.92 251.33 229.93 210.06 203.77 199.43 197.38 196.49 196.61 196.99 197.2 197.71 197.36 196.77 195.93 -9999 -9999 -9999 -9999 -9999 -9999 -9999 -9999 -9999 -9999 -9999 -9999 -9999 -9999 -9999 -9999 -9999 -9999 -9999 -9999 -9999 -9999 -9999 -9999 -9999
554.77 543.13 548.35 564.99 592.37 629.69 664.55 687.48 699.37 689.88 652.24 612.5 566.45 515.55 489.44 452.6 428.01 407.08 391.32 380.67 373.96 371.27 371.83 374.73 378.8 383.72 390.62 400.14 396.49 379.37 355.03 332.74 305.31 279.04 253.98 226.99 208.93 202.67 199.12 197.61 196.33 196.1 196.33 196.7 196.7 196.51 195.91 195.05 194.51 -9999 -9999 -9999 -9999 -9999 -9999 -9999 -9999 -9999 -9999 -9999 -9999 -9999 -9999 -9999 -9999 -9999 -9999 -9999 -9999 -9999 -9999 -9999 -9999
529.19 512.49 530.62 571.16 584.47 606.55 629.4 642.68 641.29 619.45 593.82 548.33 530.66 496.28 466.16 440.91 418.07 400.46 386.08 375.44 367.78 364.36 365.71 369.83 374.37 379.88 385.43 392.63 389.14 373.01 352.66 325.71 300.48 272.41 250.93 226.2 208.86 202.08 198.81 197.56 196.96 196.46 196.03 196.15 195.74 195.84 195.21 194.59 -9999 -9999 -9999 -9999 -9999 -9999 -9999 -9999 -9999 -9999 -9999 -9999 -9999 -9999 -9999 -9999 -9999 -9999 -9999 -9999 -9999 -9999 -9999 -9999 -9999
534.22 511.44 536.71 587.55 605.65 608.14 599.64 590.34 577.2 551.87 520.87 492.15 460.15 427.54 423.11 408.22 398.91 387.37 373.12 363.68 352.82 346.22 346.79 352.77 360.1 370.69 378.25 384.09 378.45 365.67 348.64 325.68 296.9 273.79 248.42 221.06 206.56 200.97 198.51 198.1 197.81 197.07 196.69 196.2 195.22 194.91 194.61 193.95 -9999 -9999 -9999 -9999 -9999 -9999 -9999 -9999 -9999 -9999 -9999 -9999 -9999 -9999 -9999 -9999 -9999 -9999 -9999 -9999 -9999 -9999 -9999 -9999 -9999
538.29 502.08 507.73 543.43 613.95 582.33 578.25 546.25 521.5 494.06 468.04 434.78 402.61 378.7 369 369.34 373.88 367.1 353.44 342.86 331.04 323.03 319.24 325.39 339.27 354.85 368.12 378.89 380.7 362.44 341.16 315.94 289.8 264.54 238.94 219.09 205.06 200.91 198.57 198.38 198.2 198.13 198.03 198.39 195.83 194.46 194.09 193.04 191.99 -9999 -9999 -9999 -9999 -9999 -9999 -9999 -9999 -9999 -9999 -9999 -9999 -9999 -9999 -9999 -9999 -9999 -9999 -9999 -9999 -9999 -9999 -9999 -9999
499.78 448.57 429.05 441.49 482.58 528.98 526.86 499.95 464.63 443.7 422.99 387.95 365.86 353.33 341.7 342.69 349.67 345.18 340.4 317.64 304.34 298.21 298.31 301.55 317.02 329.48 352.11 368.65 372.36 362.25 337.28 311.26 283.5 259.55 235.32 213.29 204.48 200.95 199.2 198.52 198.32 198.24 198.68 198.58 196.24 193.72 193.19 192.45 191.45 -9999 -9999 -9999 -9999 -9999 -9999 -9999 -9999 -9999 -9999 -9999 -9999 -9999 -9999 -9999 -9999 -9999 -9999 -9999 -9999 -9999 -9999 -9999 -9999
472.14 416.17 386.24 379.88 397 418.16 435.8 439.84 418.1 391.76 374.17 349.83 337.46 325.85 319.68 319.89 327.12 323.35 318.3 303.33 291.62 281.13 280.99 286.84 296.43 311.23 330.65 353.55 363.08 342.98 320.46 294.89 267.58 244.15 217.59 206.4 203.98 202.05 199.92 198.78 198.35 198.28 198.39 199.25 198.41 193.65 192.25 191.86 190.34 188.93 -9999 -9999 -9999 -9999 -9999 -9999 -9999 -9999 -9999 -9999 -9999 -9999 -9999 -9999 -9999 -9999 -9999 -9999 -9999 -9999 -9999 -9999 -9999
450.36 395.2 357.55 345.09 348.89 354.43 360.55 359.79 361.53 363.68 344.31 334.19 320.88 309.2 303.68 303.99 308.16 305.92 300.36 289.2 281.42 276.8 274.44 276.99 283.19 294.92 309.97 327.54 337.72 318.3 299.21 272.1 247.99 226.77 212.95 206.29 204.26 202.33 200.14 198.44 198.27 198.17 198.29 198.93 198.84 193.35 191.16 190.68 189.54 187.68 186.01 -9999 -9999 -9999 -9999 -9999 -9999 -9999 -9999 -9999 -9999 -9999 -9999 -9999 -9999 -9999 -9999 -9999 -9999 -9999 -9999 -9999 -9999
417.08 368.75 335.96 316.18 319.62 319.07 319.73 317.13 319.65 332.92 323.1 315.84 307.28 299.18 293.03 290.72 291.15 291.24 287.58 282.47 279.27 279.65 275.82 272.94 273.78 279.39 291.72 300.33 311.09 297.09 276.46 251.45 226.2 209.28 207.3 205.42 204.31 202.03 199.28 197.45 197.24 197.56 198.27 198.82 199.56 198.07 191.17 189.48 188.58 186.66 184.53 182.67 -9999 -9999 -9999 -9999 -9999 -9999 -9999 -9999 -9999 -9999 -9999 -9999 -9999 -9999 -9999 -9999 -9999 -9999 -9999 -9999 -9999
376.96 340.36 312.38 290.76 292.67 292.89 291.23 290.26 302.02 313.45 306.17 301.44 296.43 290.34 284.45 279.77 278.1 278.14 276.74 276.07 275.47 276.54 274.46 269.08 264.56 264.14 268.41 276.24 282.44 276.04 254.06 229.1 210.19 206.84 206.94 205.27 203.62 201.02 197.97 195.96 195.69 196.28 197.55 198.45 197.69 197.4 190.2 188.14 187.31 185.42 183.32 182.12 -9999 -9999 -9999 -9999 -9999 -9999 -9999 -9999 -9999 -9999 -9999 -9999 -9999 -9999 -9999 -9999 -9999 -9999 -9999 -9999 -9999
341.39 312.49 288.51 267.93 265.92 271.01 269.12 267.19 283.48 292.29 283.9 285.75 282.74 279.35 274.88 269.94 267.02 265.88 266.13 265.58 268.14 268.73 266.86 260.54 254.53 251.64 253.21 258.99 260.57 251.88 235.69 226.32 214.46 206.93 209.76 205.64 202.38 199.33 196.71 194.82 194.34 194.72 197.6 197.68 192.59 191.26 188.15 186.67 185.81 184.41 182.95 -9999 -9999 -9999 -9999 -9999 -9999 -9999 -9999 -9999 -9999 -9999 -9999 -9999 -9999 -9999 -9999 -9999 -9999 -9999 -9999 -9999 -9999
313.38 286.95 264.52 251.67 256.72 257.7 255.34 253.31 266.14 272.32 259.34 264.82 267.3 265.56 262.22 258.81 256.28 256.09 253.66 255.41 257.25 257.76 255.28 249.4 244.48 243.49 244.53 246.34 242.61 235.2 229.22 221.32 214.9 205.82 206.03 203.82 201.42 198.38 195.96 194.42 194.01 194.93 198.61 200.63 199.25 188.15 186.09 184.58 183.73 183.45 -9999 -9999 -9999 -9999 -9999 -9999 -9999 -9999 -9999 -9999 -9999 -9999 -9999 -9999 -9999 -9999 -9999 -9999 -9999 -9999 -9999 -9999 -9999
288.72 267.18 259.37 251.69 252.22 250.45 245.69 234.31 251.72 249.33 245.93 248.89 250.95 250.48 248.65 247.2 246.3 244.48 246.06 246.37 247.02 247.27 244.85 240.49 237.03 236.23 236.59 236.91 235.03 230.17 226.06 219.81 214.74 208.65 205.49 202.96 200.71 197.83 195.79 194.57 194.36 193.95 195.47 199.81 199.17 187 184.74 183.78 182.59 -9999 -9999 -9999 -9999 -9999 -9999 -9999 -9999 -9999 -9999 -9999 -9999 -9999 -9999 -9999 -9999 -9999 -9999 -9999 -9999 -9999 -9999 -9999 -9999
285.11 271.92 265.97 253.74 249.52 246.09 238.01 245.5 243.19 239.29 236.5 236.83 237.84 237.97 237.84 239.03 237.29 238.59 239.72 240.73 241.85 241.84 239.4 235.44 232.5 231.47 231.62 232.01 230.97 226.12 223.18 217.32 213.46 209.52 205.99 202.5 200.27 197.82 195.9 194.96 194.93 194.13 194.79 199.85 200.81 185.31 183.71 -9999 -9999 -9999 -9999 -9999 -9999 -9999 -9999 -9999 -9999 -9999 -9999 -9999 -9999 -9999 -9999 -9999 -9999 -9999 -9999 -9999 -9999 -9999 -9999 -9999 -9999
292.84 289.05 279.65 264.97 249.93 247 250.53 249.68 243.41 237.02 232.6 230.49 229.86 229.85 231.23 229.7 232.56 233.42 236.02 238.97 241 241.82 239.95 235.82 231.98 229.51 228.92 229.16 228.2 222.59 219.14 213.99 211.9 208.34 203.82 200.96 199.14 197.82 196 195.07 194.93 194.78 194.96 199.71 187.69 185.63 -9999 -9999 -9999 -9999 -9999 -9999 -9999 -9999 -9999 -9999 -9999 -9999 -9999 -9999 -9999 -9999 -9999 -9999 -9999 -9999 -9999 -9999 -9999 -9999 -9999 -9999 -9999
294.21 286.57 269.16 255.47 251.94 261 257.14 253.37 246.47 238.54 232.24 228.41 226.46 226.43 225.76 228.02 229.12 231.17 235 239.64 243.5 245.75 244.92 240.71 234.56 229.35 226.73 224.42 222.14 218.35 215.99 212.05 211.25 208.79 205.78 201.83 199.41 197.41 196.11 194.92 195.02 194.97 194.44 -9999 -9999 -9999 -9999 -9999 -9999 -9999 -9999 -9999 -9999 -9999 -9999 -9999 -9999 -9999 -9999 -9999 -9999 -9999 -9999 -9999 -9999 -9999 -9999 -9999 -9999 -9999 -9999 -9999 -9999
287.2 276.84 264.33 256.02 256.67 265.12 261.55 256.52 248.05 239.86 232.94 227.94 225.54 222.88 224.42 225.56 227.32 230.18 234.67 240.29 245.4 248.95 249.17 245.45 237.92 229.45 224.38 220.96 217.86 214.94 212.63 210.83 211.51 209.47 206.91 201.83 198.75 197.39 196.15 195.09 194.71 195.61 -9999 -9999 -9999 -9999 -9999 -9999 -9999 -9999 -9999 -9999 -9999 -9999 -9999 -9999 -9999 -9999 -9999 -9999 -9999 -9999 -9999 -9999 -9999 -9999 -9999 -9999 -9999 -9999 -9999 -9999 -9999
269.32 253.03 256.92 251.95 263.6 265.25 260.08 253.27 244.68 237.63 232.54 226.47 224.58 223.13 223.15 224.03 224.88 228.3 232.57 238.15 243.25 247.04 247.74 244.7 237.77 228.39 222.68 218.35 215.51 213.17 211.44 212.04 -9999 209.46 207.79 202.32 199.56 197.6 196.22 195.17 194.46 -9999 -9999 -9999 -9999 -9999 -9999 -9999 -9999 -9999 -9999 -9999 -9999 -9999 -9999 -9999 -9999 -9999 -9999 -9999 -9999 -9999 -9999 -9999 -9999 -9999 -9999 -9999 -9999 -9999 -9999 -9999 -9999
257.48 243.59 232.55 245.69 253.81 254.33 250.14 244.89 239.63 233.05 228.41 225.46 223.22 222.02 221.92 222.01 222.05 224.57 228.44 231.96 236.31 239.81 240.9 239 233.35 224.75 220.36 216.36 213.99 212.07 210.35 -9999 -9999 -9999 -9999 200.59 198.38 197.28 -9999 195.28 -9999 -9999 -9999 -9999 -9999 -9999 -9999 -9999 -9999 -9999 -9999 -9999 -9999 -9999 -9999 -9999 -9999 -9999 -9999 -9999 -9999 -9999 -9999 -9999 -9999 -9999 -9999 -9999 -9999 -9999 -9999 -9999 -9999
238.15 237.36 237.25 241.33 240.41 246.14 240.21 234.8 231.61 226.57 224.2 223.22 221.72 220.74 220.71 220.35 219.4 221.08 223.09 224.68 227.58 231 232.44 231.93 228.14 222.7 218.97 215.72 -9999 -9999 -9999 -9999 -9999 -9999 -9999 -9999 -9999 -9999 -9999 -9999 -9999 -9999 -9999 -9999 -9999 -9999 -9999 -9999 -9999 -9999 -9999 -9999 -9999 -9999 -9999 -9999 -9999 -9999 -9999 -9999 -9999 -9999 -9999 -9999 -9999 -9999 -9999 -9999 -9999 -9999 -9999 -9999 -9999
244.05 237.31 238.69 238.47 234.25 229.04 231.31 227.49 223.98 221.98 222.14 221.31 220.31 220.01 219.78 219 217.37 217.97 219.15 219.73 221.07 225.53 227.92 228.61 223.66 219.88 216.01 214.48 -9999 -9999 -9999 -9999 -9999 -9999 -9999 -9999 -9999 -9999 -9999 -9999 -9999 -9999 -9999 -9999 -9999 -9999 -9999 -9999 -9999 -9999 -9999 -9999 -9999 -9999 -9999 -9999 -9999 -9999 -9999 -9999 -9999 -9999 -9999 -9999 -9999 -9999 -9999 -9999 -9999 -9999 -9999 -9999 -9999
248.3 242.47 240.95 237.57 231.32 223.29 216.47 221.59 221.42 221.15 220.66 219.77 219.79 218.97 218.95 218.29 216.26 216.19 217.29 217.6 222.18 219.36 224.82 225.63 221.66 217.28 213.72 -9999 -9999 -9999 -9999 -9999 -9999 -9999 -9999 -9999 -9999 -9999 -9999 -9999 -9999 -9999 -9999 -9999 -9999 -9999 -9999 -9999 -9999 -9999 -9999 -9999 -9999 -9999 -9999 -9999 -9999 -9999 -9999 -9999 -9999 -9999 -9999 -9999 -9999 -9999 -9999 -9999 -9999 -9999 -9999 -9999 -9999
254.39 251.84 248.3 241.2 232.05 221.43 215.29 219.19 220.43 220.17 219.67 219.16 219.04 218.91 218.81 218.09 216 -9999 -9999 -9999 -9999 223.46 218.89 220.67 219.35 218.27 -9999 -9999 -9999 -9999 -9999 -9999 -9999 -9999 -9999 -9999 -9999 -9999 -9999 -9999 -9999 -9999 -9999 -9999 -9999 -9999 -9999 -9999 -9999 -9999 -9999 -9999 -9999 -9999 -9999 -9999 -9999 -9999 -9999 -9999 -9999 -9999 -9999 -9999 -9999 -9999 -9999 -9999 -9999 -9999 -9999 -9999 -9999
268.53 266.97 260.37 248.88 233.06 222.38 217.5 216.41 218.72 219.81 219.22 218.89 218.89 218.94 218.93 218.1 216.26 -9999 -9999 -9999 -9999 -9999 -9999 -9999 218.51 -9999 -9999 -9999 -9999 -9999 -9999 -9999 -9999 -9999 -9999 -9999 -9999 -9999 -9999 -9999 -9999 -9999 -9999 -9999 -9999 -9999 -9999 -9999 -9999 -9999 -9999 -9999 -9999 -9999 -9999 -9999 -9999 -9999 -9999 -9999 -9999 -9999 -9999 -9999 -9999 -9999 -9999 -9999 -9999 -9999 -9999 -9999 -9999
280.55 277.81 269.51 254.74 238.63 226.79 218.6 216.27 219.27 219.75 219.3 219.01 219.13 218.98 219.06 219.02 -9999 -9999 -9999 -9999 -9999 -9999 -9999 -9999 -9999 -9999 -9999 -9999 -9999 -9999 -9999 -9999 -9999 -9999 -9999 -9999 -9999 -9999 -9999 -9999 -9999 -9999 -9999 -9999 -9999 -9999 -9999 -9999 -9999 -9999 -9999 -9999 -9999 -9999 -9999 -9999 -9999 -9999 -9999 -9999 -9999 -9999 -9999 -9999 -9999 -9999 -9999 -9999 -9999 -9999 -9999 -9999 -9999
282.35 279.42 268.41 255.17 239.97 228.01 220.36 217.74 219.9 219.74 219.15 219.13 219.07 219.02 219.08 -9999 -9999 -9999 -9999 -9999 -9999 -9999 -9999 -9999 -9999 -9999 -9999 -9999 -9999 -9999 -9999 -9999 -9999 -9999 -9999 -9999 -9999 -9999 -9999 -9999 -9999 -9999 -9999 -9999 -9999 -9999 -9999 -9999 -9999 -9999 -9999 -9999 -9999 -9999 -9999 -9999 -9999 -9999 -9999 -9999 -9999 -9999 -9999 -9999 -9999 -9999 -9999 -9999 -9999 -9999 -9999 -9999 -9999
272.84 270.22 258.73 248.29 236.6 227.24 222.3 221.13 221.11 219.69 219.23 219.55 219.14 219.11 -9999 -9999 -9999 -9999 -9999 -9999 -9999 -9999 -9999 -9999 -9999 -9999 -9999 -9999 -9999 -9999 -9999 -9999 -9999 -9999 -9999 -9999 -9999 -9999 -9999 -9999 -9999 -9999 -9999 -9999 -9999 -9999 -9999 -9999 -9999 -9999 -9999 -9999 -9999 -9999 -9999 -9999 -9999 -9999 -9999 -9999 -9999 -9999 -9999 -9999 -9999 -9999 -9999 -9999 -9999 -9999 -9999 -9999 -9999
256.92 250.32 244.5 238.16 231.05 225.37 222.61 221.12 220 219.19 219.56 219.44 219.39 -9999 -9999 -9999 -9999 -9999 -9999 -9999 -9999 -9999 -9999 -9999 -9999 -9999 -9999 -9999 -9999 -9999 -9999 -9999 -9999 -9999 -9999 -9999 -9999 -9999 -9999 -9999 -9999 -9999 -9999 -9999 -9999 -9999 -9999 -9999 -9999 -9999 -9999 -9999 -9999 -9999 -9999 -9999 -9999 -9999 -9999 -9999 -9999 -9999 -9999 -9999 -9999 -9999 -9999 -9999 -9999 -9999 -9999 -9999 -9999
242.3 237.81 232.85 229.19 224.98 221.77 221.36 219.83 219.22 219.02 219.09 -9999 -9999 -9999 -9999 -9999 -9999 -9999 -9999 -9999 -9999 -9999 -9999 -9999 -9999 -9999 -9999 -9999 -9999 -9999 -9999 -9999 -9999 -9999 -9999 -9999 -9999 -9999 -9999 -9999 -9999 -9999 -9999 -9999 -9999 -9999 -9999 -9999 -9999 -9999 -9999 -9999 -9999 -9999 -9999 -9999 -9999 -9999 -9999 -9999 -9999 -9999 -9999 -9999 -9999 -9999 -9999 -9999 -9999 -9999 -9999 -9999 -9999
234.2 228.96 225.69 223.55 220.92 219.07 219.65 219.01 218.31 218.67 -9999 -9999 -9999 -9999 -9999 -9999 -9999 -9999 -9999 -9999 -9999 -9999 -9999 -9999 -9999 -9999 -9999 -9999 -9999 -9999 -9999 -9999 -9999 -9999 -9999 -9999 -9999 -9999 -9999 -9999 -9999 -9999 -9999 -9999 -9999 -9999 -9999 -9999 -9999 -9999 -9999 -9999 -9999 -9999 -9999 -9999 -9999 -9999 -9999 -9999 -9999 -9999 -9999 -9999 -9999 -9999 -9999 -9999 134.93 -9999 -9999 -9999 -9999
230.95 225.44 222.66 220.57 218.47 217.51 218.6 217.99 217.58 217.96 -9999 -9999 -9999 -9999 -9999 -9999 -9999 -9999 -9999 -9999 -9999 -9999 -9999 -9999 -9999 -9999 -9999 -9999 -9999 -9999 -9999 -9999 -9999 -9999 -9999 -9999 -9999 -9999 -9999 -9999 -9999 -9999 -9999 -9999 -9999 -9999 -9999 -9999 -9999 -9999 -9999 -9999 -9999 -9999 -9999 -9999 -9999 -9999 -9999 -9999 -9999 -9999 -9999 -9999 -9999 -9999 -9999 -9999 135.28 -9999 136.4 136.55 136.97
