Data/Derived/envs/Pm.asc
NCOLS 557 
NROWS 164 
XLLCORNER -67.31875 
YLLCORNER 17.86875 
CELLSIZE 0.00416666667 
NODATA_value -9999 
[rows 0 to 32 of 164, columns 146 to 218 of 557]
-9999 -9999 -9999 -9999 -9999 -9999 -9999 -9999 -9999 -9999 -9999 -9999 -9999 -9999 -9999 -9999 -9999 -9999 -9999 -9999 -9999 -9999 -9999 -9999 -9999 -9999 -9999 -9999 -9999 -9999 -9999 -9999 -9999 -9999 -9999 -9999 -9999 -9999 -9999 -9999 -9999 -9999 -9999 -9999 -9999 -9999 -9999 -9999 -9999 -9999 -9999 -9999 -9999 -9999 -9999 -9999 -9999 -9999 -9999 -9999 -9999 -9999 -9999 -9999 -9999 -9999 -9999 -9999 -9999 -9999 -9999 -9999 -9999
-9999 -9999 -9999 -9999 -9999 -9999 -9999 -9999 -9999 -9999 -9999 -9999 -9999 -9999 -9999 -9999 -9999 -9999 -9999 -9999 -9999 -9999 -9999 -9999 -9999 -9999 -9999 -9999 -9999 -9999 -9999 -9999 -9999 -9999 -9999 -9999 -9999 -9999 -9999 -9999 -9999 -9999 -9999 -9999 -9999 -9999 -9999 -9999 -9999 -9999 -9999 -9999 -9999 -9999 -9999 -9999 -9999 -9999 -9999 -9999 -9999 -9999 -9999 -9999 -9999 -9999 -9999 -9999 -9999 -9999 -9999 -9999 -9999
-9999 -9999 -9999 -9999 -9999 -9999 -9999 -9999 -9999 -9999 -9999 -9999 -9999 -9999 -9999 -9999 -9999 -9999 -9999 -9999 -9999 -9999 -9999 -9999 -9999 -9999 -9999 -9999 -9999 -9999 -9999 -9999 -9999 -9999 -9999 -9999 -9999 -9999 -9999 -9999 -9999 -9999 -9999 -9999 -9999 -9999 -9999 -9999 -9999 -9999 -9999 -9999 -9999 -9999 -9999 -9999 -9999 -9999 -9999 -9999 -9999 -9999 -9999 -9999 -9999 -9999 -9999 -9999 -9999 -9999 -9999 -9999 -9999
-9999 -9999 -9999 -9999 -9999 -9999 -9999 -9999 -9999 -9999 -9999 -9999 -9999 -9999 -9999 -9999 -9999 -9999 -9999 -9999 -9999 -9999 -9999 -9999 -9999 -9999 -9999 -9999 -9999 -9999 -9999 -9999 -9999 -9999 -9999 -9999 -9999 -9999 -9999 -9999 -9999 -9999 -9999 -9999 -9999 -9999 -9999 -9999 -9999 -9999 -9999 -9999 -9999 -9999 -9999 -9999 -9999 -9999 -9999 -9999 -9999 -9999 -9999 -9999 -9999 -9999 -9999 -9999 -9999 -9999 -9999 -9999 -9999
-9999 -9999 -9999 -9999 -9999 -9999 -9999 -9999 -9999 -9999 -9999 -9999 -9999 -9999 -9999 -9999 -9999 -9999 -9999 -9999 -9999 -9999 -9999 -9999 -9999 -9999 -9999 -9999 -9999 -9999 -9999 -9999 -9999 -9999 -9999 -9999 -9999 -9999 -9999 -9999 -9999 -9999 -9999 -9999 -9999 -9999 -9999 -9999 -9999 -9999 -9999 -9999 -9999 -9999 -9999 -9999 -9999 -9999 -9999 -9999 -9999 -9999 -9999 -9999 -9999 -9999 -9999 -9999 -9999 -9999 -9999 -9999 -9999
-9999 -9999 -9999 -9999 -9999 -9999 -9999 -9999 -9999 -9999 -9999 -9999 -9999 -9999 -9999 -9999 -9999 -9999 -9999 -9999 -9999 -9999 -9999 -9999 -9999 -9999 -9999 -9999 -9999 -9999 -9999 -9999 -9999 -9999 -9999 -9999 -9999 -9999 -9999 -9999 -9999 -9999 -9999 -9999 -9999 -9999 -9999 -9999 -9999 -9999 -9999 -9999 -9999 -9999 -9999 -9999 -9999 -9999 -9999 -9999 -9999 -9999 -9999 -9999 -9999 -9999 -9999 -9999 -9999 -9999 -9999 -9999 -9999
-9999 -9999 -9999 -9999 -9999 -9999 -9999 -9999 -9999 -9999 -9999 -9999 -9999 -9999 -9999 -9999 -9999 -9999 -9999 -9999 -9999 -9999 -9999 -9999 -9999 -9999 -9999 -9999 -9999 -9999 -9999 -9999 -9999 -9999 -9999 -9999 -9999 -9999 -9999 -9999 -9999 -9999 -9999 -9999 -9999 -9999 -9999 -9999 -9999 -9999 -9999 -9999 -9999 -9999 -9999 -9999 -9999 -9999 -9999 -9999 -9999 -9999 -9999 -9999 -9999 -9999 -9999 -9999 -9999 -9999 -9999 -9999 -9999
-9999 -9999 -9999 -9999 -9999 -9999 -9999 -9999 -9999 -9999 -9999 -9999 -9999 -9999 -9999 -9999 -9999 -9999 -9999 -9999 -9999 -9999 -9999 -9999 -9999 -9999 -9999 -9999 -9999 -9999 -9999 -9999 -9999 -9999 -9999 -9999 -9999 -9999 -9999 -9999 -9999 -9999 -9999 -9999 -9999 -9999 -9999 -9999 -9999 -9999 -9999 -9999 -9999 -9999 -9999 -9999 -9999 -9999 -9999 -9999 -9999 -9999 -9999 -9999 -9999 -9999 -9999 -9999 -9999 -9999 -9999 -9999 -9999
-9999 -9999 -9999 -9999 -9999 -9999 -9999 -9999 -9999 -9999 -9999 -9999 -9999 -9999 -9999 -9999 -9999 -9999 -9999 -9999 -9999 -9999 -9999 -9999 -9999 -9999 -9999 -9999 -9999 -9999 -9999 -9999 -9999 -9999 -9999 -9999 -9999 -9999 -9999 -9999 -9999 -9999 -9999 -9999 -9999 -9999 -9999 -9999 -9999 -9999 -9999 -9999 -9999 -9999 -9999 -9999 -9999 -9999 -9999 -9999 -9999 -9999 -9999 -9999 -9999 -9999 -9999 -9999 -9999 -9999 -9999 -9999 -9999
-9999 -9999 -9999 -9999 -9999 -9999 -9999 -9999 -9999 -9999 -9999 -9999 -9999 -9999 -9999 -9999 -9999 -9999 -9999 -9999 -9999 -9999 -9999 -9999 -9999 -9999 -9999 -9999 -9999 -9999 -9999 -9999 -9999 -9999 -9999 -9999 -9999 -9999 -9999 -9999 -9999 -9999 -9999 -9999 -9999 -9999 -9999 -9999 -9999 -9999 -9999 -9999 -9999 -9999 -9999 -9999 -9999 -9999 -9999 -9999 -9999 -9999 -9999 -9999 -9999 -9999 -9999 -9999 -9999 -9999 -9999 -9999 -9999
-9999 -9999 -9999 -9999 -9999 -9999 -9999 -9999 -9999 -9999 -9999 -9999 -9999 -9999 -9999 -9999 -9999 -9999 -9999 -9999 -9999 -9999 -9999 -9999 -9999 -9999 -9999 -9999 -9999 -9999 -9999 -9999 -9999 -9999 -9999 -9999 -9999 -9999 -9999 -9999 -9999 -9999 -9999 -9999 -9999 -9999 -9999 -9999 -9999 -9999 -9999 -9999 -9999 -9999 -9999 -9999 -9999 -9999 -9999 -9999 -9999 -9999 -9999 -9999 -9999 -9999 -9999 -9999 -9999 -9999 -9999 -9999 -9999
-9999 -9999 -9999 -9999 -9999 -9999 -9999 -9999 -9999 -9999 -9999 -9999 -9999 -9999 -9999 -9999 243.62 244.77 245.96 246.96 247.76 248.17 248.68 249.27 249.68 -9999 -9999 -9999 -9999 -9999 -9999 -9999 -9999 -9999 -9999 -9999 -9999 -9999 -9999 -9999 -9999 -9999 -9999 -9999 -9999 -9999 -9999 -9999 -9999 -9999 -9999 -9999 -9999 -9999 -9999 -9999 -9999 -9999 -9999 -9999 -9999 -9999 -9999 -9999 -9999 -9999 -9999 -9999 -9999 -9999 -9999 260.16 -9999
-9999 -9999 -9999 -9999 -9999 -9999 -9999 -9999 240.47 240.32 240.79 240.93 241.47 242.03 242.64 243.27 244.04 244.67 245.52 246.24 246.93 247.76 248.43 249.35 250 250.63 251.16 251.75 252.13 -9999 -9999 -9999 -9999 254.86 255.11 255.5 255.83 255.88 255.92 -9999 -9999 -9999 -9999 -9999 -9999 -9999 -9999 -9999 -9999 -9999 -9999 -9999 -9999 -9999 -9999 -9999 -9999 -9999 -9999 -9999 -9999 -9999 -9999 -9999 -9999 257.87 258.16 258.52 258.87 259.25 259.61 260.2 260.95
-9999 -9999 237.5 -9999 -9999 -9999 239.57 240.05 240.48 240.91 240.95 241.28 241.58 242.08 242.58 243.54 244.32 244.77 245.3 245.51 246.39 247.02 247.95 248.9 249.87 250.64 251.19 251.85 252.51 253.1 254.07 254.44 254.99 255.24 255.62 255.95 256 256.04 256.1 256.19 256.23 256.25 256.25 256.35 256.3 256.32 -9999 -9999 -9999 -9999 -9999 -9999 -9999 -9999 -9999 -9999 -9999 -9999 -9999 -9999 -9999 -9999 -9999 -9999 257.96 258.08 258.21 258.55 258.88 259.17 259.54 260.07 260.9
-9999 237.39 237.89 238.88 -9999 239.95 239.97 240.84 241.23 241.36 241.51 241.77 242.01 242.29 243.04 243.74 244.13 245.41 245.97 246.7 247.32 247.84 248.48 249.27 249.49 250.27 251.05 252.35 253.1 253.98 254.72 255.32 255.56 255.96 256.1 256.2 256.23 256.29 256.33 256.37 256.4 256.4 256.41 256.42 256.44 256.4 256.46 256.44 256.46 -9999 -9999 -9999 -9999 -9999 -9999 -9999 -9999 -9999 -9999 -9999 -9999 -9999 -9999 257.93 258.24 258.38 258.64 258.7 258.93 259.25 259.54 260.12 260.91
235.94 237.59 238.85 239.88 240.73 240.61 241.15 241.73 242.04 242.72 242.93 243.1 243.27 243.82 244.4 244.8 244.9 250.31 250.79 251.07 251.4 251.64 251.83 251.91 250.18 250.61 251.67 253.4 254.37 254.88 255.66 255.83 255.98 256.15 256.21 256.26 256.31 256.34 256.53 256.56 256.58 256.58 256.56 256.65 256.64 256.64 256.57 256.52 256.37 256.25 256.25 256.27 256.29 256.25 -9999 -9999 -9999 -9999 -9999 -9999 -9999 -9999 257.42 257.85 258.32 258.83 258.95 258.91 259.01 259.14 259.51 260.01 260.77
236.9 238.72 240.02 241.07 241.69 241.77 242.19 242.87 243.38 248.43 248.8 248.91 249.18 249.53 249.88 249.99 250.05 251.36 251.61 251.87 252.12 252.24 252.4 252.64 252.44 253.02 253.47 254.4 254.77 255.08 255.47 255.77 255.93 256.05 256.09 256.04 256.07 256.24 256.45 256.56 256.6 256.6 256.65 256.74 256.84 256.84 256.77 256.63 256.53 256.48 256.46 256.68 256.66 256.75 257.01 257.07 256.98 256.89 256.81 256.74 256.78 256.91 257.27 257.67 258.28 258.83 258.96 258.97 258.96 259.13 259.33 259.62 260.19
238.63 239.93 241.72 242.34 242.91 242.93 243.83 244.36 248.69 249.57 249.68 249.85 250.07 250.36 250.58 250.64 250.85 251.14 251.45 251.73 252.09 252.23 252.47 252.8 253.17 253.67 254.12 254.54 254.69 254.94 255.29 255.44 255.64 255.76 255.78 255.87 255.91 256 256.22 256.31 256.38 256.4 256.48 256.64 256.74 256.83 256.8 256.77 256.86 257.14 257.48 257.73 257.83 257.81 257.87 257.79 257.54 257.3 257.12 256.91 256.85 256.98 257.19 257.61 258.09 258.41 258.63 258.66 258.87 259.05 259.28 259.52 259.85
243.45 240.84 249.86 244.03 244.5 244.67 248.2 248.47 249.28 249.39 249.66 249.78 249.92 250.15 250.32 250.57 250.84 251.38 251.77 252.45 252.72 252.92 252.89 253.14 253.48 253.81 254.2 254.52 254.77 255 255.14 255.32 255.45 255.52 255.6 255.61 255.72 255.76 255.9 256.01 256.07 256.22 256.28 256.44 256.55 256.62 256.71 256.86 257.37 258.04 258.65 259.02 259.16 259.01 258.93 258.66 258.24 257.78 257.31 256.98 256.79 256.77 256.95 257.25 257.66 257.68 257.87 258.1 258.43 258.75 259.11 259.28 259.61
245.1 248.27 249.09 248.25 248.26 248.16 248.99 248.98 249.11 249.31 249.49 249.8 249.99 250.14 250.57 251.27 251.97 252.76 253.75 254.52 254.88 254.61 254.36 254.23 254.43 254.59 254.76 254.99 255.23 255.3 255.43 255.56 255.65 255.65 255.58 255.64 255.56 255.55 255.65 255.71 255.89 255.97 256.15 256.22 256.37 256.53 256.74 257.08 257.65 258.55 259.22 259.88 260.11 260.23 260.06 259.71 259.17 258.3 257.73 257.25 256.91 256.82 256.83 256.82 257.18 257.13 257.32 257.57 257.97 258.94 259.33 259.6 259.89
248.6 249.3 249.2 249.07 248.87 248.9 248.87 249.01 249.13 249.39 249.76 250.16 250.72 251.24 252.26 253.68 255.14 256.56 257.5 257.93 257.75 257.39 256.59 256.4 256.38 256.29 256.33 256.39 256.47 256.52 256.46 256.46 256.42 256.29 256.22 256.03 255.9 255.7 255.62 255.66 255.74 255.97 256.02 256.16 256.31 256.58 256.94 257.52 258.28 259.18 260.05 260.75 261.27 261.38 261.28 260.94 260.2 259.21 258.39 257.88 257.59 257.36 257.28 257.31 257.2 256.95 256.93 257.27 258.59 260.01 260.81 261.18 261.8
249.57 249.43 249.33 249.17 249.09 249.05 249.13 249.18 249.61 249.96 250.59 251.39 252.33 253.4 254.96 257.23 259.47 261.47 262.51 260.28 261.39 260.24 259.3 258.69 258.69 258.77 258.65 258.88 258.89 258.68 258.48 258.16 257.94 257.73 257.44 257.23 256.83 256.47 256.09 255.98 256.02 256.13 256.25 256.36 256.57 256.88 257.36 258.2 259.24 260.32 261.31 262.02 262.44 262.45 262.21 261.82 261.09 259.87 259.06 258.59 258.18 257.96 257.82 257.73 257.51 256.84 256.87 258.24 259.32 260.85 261.48 262.01 262.4
249.9 249.57 249.45 249.43 249.39 249.49 249.65 250.01 250.51 251.52 252.45 253.54 254.8 256.31 258.48 261.33 264.58 265.57 265.74 256.32 261.87 261.06 259.92 261.35 261.46 261.45 261.55 261.5 261.47 261.15 260.68 260.15 259.62 259.3 258.97 258.65 258.35 257.81 257.37 256.98 256.78 256.67 256.64 256.7 256.96 257.31 257.95 258.84 260.02 261.51 262.57 263.36 263.6 263.51 263.11 262.55 261.75 260.66 259.85 259.34 258.87 258.54 258.26 258.14 257.62 257.55 257.96 258.98 260.57 261.45 262.13 262.7 263.18
250.76 250.04 250.02 249.94 249.93 250.01 250.33 251.02 252.15 253.38 254.93 256.32 257.8 259.66 262.02 265.07 267.35 260.88 262.34 260.99 258.33 252.7 253.51 261.69 261.49 261.71 261.66 261.92 261.88 261.62 261.21 260.64 260.14 260.38 260.04 259.78 259.48 259.09 258.47 257.94 257.44 257.03 256.87 256.93 257.15 257.57 258.11 258.98 260.27 261.72 263.31 264.12 264.55 264.56 264.1 263.48 262.77 261.73 261.05 260.49 260.06 259.56 259.17 258.71 258.77 258.93 259.51 260.33 261.22 261.92 262.82 263.39 263.67
251.65 250.82 250.48 250.59 250.47 250.73 251.6 252.99 254.86 256.71 259.04 260.99 263.19 265.5 268.26 271.35 279.02 273.14 273.93 272.65 268.59 266.45 265.14 265.1 259.19 258.76 259.01 259.81 260.46 260.5 260.62 260.44 260.83 261.9 262.2 261.33 261.01 260.44 259.63 258.8 257.97 257.41 257.1 257.12 257.12 257.54 257.87 258.19 259.51 261.02 262.67 264.17 265.67 265.71 265.83 265.61 265.12 264.72 264.2 263.88 263.63 263.5 263.05 262.67 262.44 262.81 262.94 263.57 264 264.49 264.82 265.53 265.36
253.23 251.87 251.65 251.28 251.64 252.13 253.71 255.98 259.02 261.9 268.26 267.18 270.46 273.21 278.03 281.67 284.59 282.33 280.5 279.22 273.06 268.73 263.17 262.82 261.71 261.97 261.47 261.66 262 261.99 262.36 262.34 262.73 263.67 263.74 262.7 261.29 260.67 259.89 259.02 258.26 257.57 257.24 256.83 256.69 256.54 256.17 256.04 256.78 258.26 259.96 262.84 265.54 265.98 267.21 267.56 267.3 266.92 266.64 266.34 266.27 266.18 265.96 265.64 265.45 265.42 265.58 266.02 266.77 267.18 267.61 267.68 267.95
256.07 254.64 253.86 253.54 253.85 255.16 257.64 260.44 264.2 267.58 272.36 269.49 276.59 278.19 277.84 280.21 287.83 278.29 276.77 277.42 273.87 265 262.2 262.75 263.86 264.25 264 263.93 265.12 264 264.09 263.82 263.52 264.16 264.27 263.41 262.33 261.25 260.13 259.39 258.64 257.98 257.36 256.77 256.37 256.17 256.42 256.03 255.12 255.61 255.77 255.41 260.23 262.61 268.18 269.39 269.1 268.36 267.82 267.71 267.72 267.79 267.73 267.31 267.02 266.65 266.39 266.51 266.78 268.25 268.77 269.25 269.36
261.56 261.34 259.74 258.66 258.16 260.48 265.98 270.15 275.73 278.47 278.67 280.04 281.82 281.18 279.29 272 274.69 272.16 272.65 278.05 276.71 263.48 262.61 263.17 263.58 264.21 266.62 266.37 269.18 266.62 264.96 264.4 263.88 263.75 264.25 264.05 263.29 262.43 261.39 260.33 259.44 258.73 258.03 257.42 257.02 256.96 256.85 256.59 257.59 257.59 254.97 251.51 247.85 256.73 263.18 269.05 270.15 269.96 269.5 269.72 270.6 270.33 270.45 270.3 270.02 269.66 269.01 269.76 269.9 270.32 270.71 270.88 270.68
269.31 266.43 263.66 263.06 263.88 266.11 273.13 279.23 283.26 285.52 286.7 284.84 284.79 281.76 285.78 285.42 281.27 271.84 271.16 280.51 281.73 277.93 268.01 266.72 265.85 265.91 273.4 266.91 266.89 265.68 265.3 264.83 264.56 264.34 263.95 263.78 263.39 263.08 262.63 261.78 260.97 259.99 259.24 258.48 257.72 256.12 255.58 250.39 256.41 254.75 251.11 242.58 238.22 247.78 257.87 264.33 270.19 271.35 271.44 271.76 272.38 272.57 272.82 272.79 272.55 272.27 272.01 272.27 272.3 272.63 272.84 272.7 272.67
274.26 272.81 269.15 267.23 268.22 270.44 279.3 284.06 288.57 291.69 289.14 288.65 290.72 289.34 293.59 293.13 291.5 285.97 285.62 286.48 285.35 284.41 279.63 277.82 277.06 274.09 267.64 266.76 267.29 267.21 266.75 266.14 265.74 265.1 264.54 263.81 263.52 263.61 263.46 263.3 262.44 261.79 261.07 259.96 257.13 251.12 249.18 247.27 251.11 254.54 243.97 236.06 246.43 255.93 263.32 270 272 272.63 273.23 273.6 274.08 274.46 274.8 274.79 274.56 274.35 274.38 274.41 274.54 274.44 274.43 275.06 275.78
278.51 276.59 273.62 272.29 273.67 277.65 282.85 286.5 293.12 290.79 290.97 294.96 300.93 299.96 297.57 298.06 297.44 286.69 288.82 288.36 286.73 284.89 275.13 273.84 277.98 277.16 274.2 274.33 273.25 272.29 269.92 269.78 268.51 267.39 266.28 265.64 265.25 264.87 264.75 264.31 263.96 263.46 263.2 262.07 256.22 252.85 245.63 238.18 247.37 245.11 242.68 235.73 242.75 258.48 266.54 271.64 273.23 274.09 274.85 275.58 276 276.45 276.51 276.57 276.51 276.36 276.4 276.57 276.49 276.43 277.07 277.15 277.58
286.53 279.68 276.93 275.58 275.8 278.24 282.48 289.75 299.59 299.7 290.38 292.4 295.74 295.66 292.04 298.29 289.56 280.35 279.79 278.95 277.37 276.82 273.51 272.27 273.53 272.51 272.36 275.83 275.29 272.86 269.71 269.96 269.42 268.24 267.22 266.57 266.47 266.17 265.7 265.3 264.86 264.74 264.57 264.12 264.32 258.63 253.28 241.27 238.55 237.64 235.13 232.54 237.75 254.19 267.55 273.35 275.21 276.09 276.86 277.64 278.18 277.93 277.96 277.89 278.1 278.46 278.71 278.82 278.83 279.17 279.24 279.65 279.25
273.77 268.11 275.45 276.9 277.11 279.4 285.09 294.82 300.85 294.39 288.76 284.28 287.93 287.57 282.42 285.16 289.15 282.58 281.37 280.5 279.44 279.37 277.75 275.24 272.68 271.64 271.07 272.46 271.37 270.59 268.31 268.85 267.66 267.15 266.53 266.27 266.26 266.33 266.13 265.75 265.82 265.61 264.52 263.93 264.91 264.17 262.88 252.68 241.5 230.84 227.71 231.43 238.13 255.51 268.17 275.56 278.75 279.48 279.3 279.9 279.95 280.33 279.54 279.67 280.13 280.92 281.23 281.37 281.89 281.12 280.92 280.36 279.46
