Data/Derived/envs/Pm.asc
NCOLS 557 
NROWS 164 
XLLCORNER -67.31875 
YLLCORNER 17.86875 
CELLSIZE 0.00416666667 
NODATA_value -9999 
[rows 66 to 98 of 164, columns 0 to 72 of 557]
-9999 -9999 -9999 -9999 -9999 -9999 -9999 -9999 -9999 -9999 -9999 -9999 -9999 -9999 -9999 -9999 -9999 -9999 -9999 -9999 -9999 -9999 -9999 -9999 -9999 -9999 -9999 -9999 144.28 145.89 148.19 149.49 147.55 143.6 142.49 142.96 143.54 143.25 143.61 144.15 144.9 145.55 146.01 146.86 147.77 148.82 150.2 152.14 155.66 158.66 161.43 164.37 166.93 169.27 171.3 173.13 174.7 176.24 177.9 180.48 183.33 184.94 186.47 187.83 189.77 191.23 192.05 193.35 194.36 194.76 194.82 195.38 196.17
-9999 -9999 -9999 -9999 -9999 -9999 -9999 -9999 -9999 -9999 -9999 -9999 -9999 -9999 -9999 -9999 -9999 -9999 -9999 -9999 -9999 -9999 -9999 -9999 -9999 -9999 -9999 -9999 144.26 146.41 148.38 148.83 147.5 143.72 142.37 142.7 142.88 143.17 143.22 144.16 144.79 145.31 145.91 146.7 147.69 148.83 150.4 152.5 155.91 159.22 162.49 165.73 168.62 171.05 172.96 174.8 176.75 178.08 179.38 181.5 183.66 186.11 187.65 189.83 191.93 193.74 195.28 196.64 197.89 198.5 198.4 198.19 197.94
-9999 -9999 -9999 -9999 -9999 -9999 -9999 -9999 -9999 -9999 -9999 -9999 -9999 -9999 -9999 -9999 -9999 -9999 -9999 -9999 -9999 -9999 -9999 -9999 -9999 -9999 -9999 -9999 -9999 147.99 148.53 148.06 147.18 145.26 143.62 142.53 142.75 142.96 143.35 144.29 145.08 145.45 145.88 146.69 147.75 149.24 151.11 153.6 157.05 160.95 164.85 168.57 171.78 174.5 176.42 177.75 179.42 180.85 182.33 183.72 185.95 187.97 190.43 192.72 194.94 196.99 198.4 199.79 200.79 201.73 202.01 201.82 201.25
-9999 -9999 -9999 -9999 -9999 -9999 -9999 -9999 -9999 -9999 -9999 -9999 -9999 -9999 -9999 -9999 -9999 -9999 -9999 -9999 -9999 -9999 -9999 -9999 -9999 -9999 -9999 -9999 -9999 148.67 147.95 147.18 146.85 146.37 145.31 143.28 142.54 142.81 143.33 144.4 145.33 145.68 146.01 146.82 148.11 149.78 152.02 154.67 158.41 163.26 168.29 173.15 176.53 179.23 180.82 181.67 182.5 183.53 185.07 186.73 188.51 190.83 193.18 195.47 197.44 199.32 200.94 202.15 203.52 204.33 204.95 204.78 204.1
-9999 -9999 -9999 -9999 -9999 -9999 -9999 -9999 -9999 -9999 -9999 -9999 -9999 -9999 -9999 -9999 -9999 -9999 -9999 -9999 -9999 -9999 -9999 -9999 -9999 -9999 -9999 -9999 -9999 -9999 147.41 146.97 146.53 146.52 145.6 143.11 142.45 142.9 143.36 144.52 145.28 146.11 146.61 147.37 148.68 150.52 152.94 155.97 159.9 165.4 172.47 177.59 181.34 183.93 185.36 185.51 185.81 186.39 187.67 189.49 191.48 193.43 195.53 197.47 199.28 200.89 202.56 204.27 205.59 207.33 207.64 207.64 206.59
-9999 -9999 -9999 -9999 -9999 -9999 -9999 -9999 -9999 -9999 -9999 -9999 -9999 -9999 -9999 -9999 -9999 -9999 -9999 -9999 -9999 -9999 -9999 -9999 -9999 -9999 -9999 -9999 -9999 -9999 -9999 146.86 146.46 146.19 145.25 143.09 142.75 143.34 143.97 144.74 145.86 146.63 147.63 148.43 149.73 151.57 154.02 157.27 161.62 167.76 176.06 181.94 186.44 189.26 190.22 190 189.22 189.25 190.21 192.05 194.08 195.87 197.43 198.96 200.35 201.92 204.04 206.07 208.46 210.27 211.22 211.25 210.67
-9999 -9999 -9999 -9999 -9999 -9999 -9999 -9999 -9999 -9999 -9999 -9999 -9999 -9999 -9999 -9999 -9999 -9999 -9999 -9999 -9999 -9999 -9999 -9999 -9999 -9999 -9999 -9999 -9999 -9999 -9999 146.77 146.21 145.81 145.04 143.38 143.27 144.06 144.93 145.98 146.88 148.17 149.11 150.14 151.24 152.95 155.3 158.66 163.11 169.52 177.18 184.69 190.08 193.07 194.06 193.63 192.54 192.14 192.85 194.53 196.48 198.15 199.54 200.59 201.65 203.48 205.85 208.2 209.86 211.34 212.05 212.57 211.94
-9999 -9999 -9999 -9999 -9999 -9999 -9999 -9999 -9999 -9999 -9999 -9999 -9999 -9999 -9999 -9999 -9999 -9999 -9999 -9999 -9999 -9999 -9999 -9999 -9999 -9999 -9999 -9999 -9999 -9999 -9999 146.75 146.35 145.92 145.3 144.18 143.95 144.99 146.21 147.76 149.25 150.68 151.85 152.79 153.73 154.95 156.78 160 164.61 171.41 178.83 186.07 191.88 194.9 196.13 195.91 195.2 194.91 195.62 197.15 199.08 200.67 201.89 202.87 203.68 204.72 206.67 208.43 209.88 210.8 211.07 211.33 210.61
-9999 -9999 -9999 -9999 -9999 -9999 -9999 -9999 -9999 -9999 -9999 -9999 -9999 -9999 -9999 -9999 -9999 -9999 -9999 -9999 -9999 -9999 -9999 -9999 -9999 -9999 -9999 -9999 -9999 -9999 -9999 146.74 146.29 146.07 146.08 145.49 145.44 146.43 148.22 150.19 152.16 154.12 155.52 156.68 157.33 158.02 159.14 161.81 166.84 173.74 180.61 187.25 192.63 195.49 196.64 196.93 196.81 197.01 197.86 199.53 201.4 203.28 204.7 205.65 206.37 207.07 208.04 209.42 210.99 211.6 212.1 211.66 211.03
-9999 -9999 -9999 -9999 -9999 -9999 -9999 -9999 -9999 -9999 -9999 -9999 -9999 -9999 -9999 -9999 -9999 -9999 -9999 -9999 -9999 -9999 -9999 -9999 -9999 -9999 -9999 -9999 -9999 -9999 -9999 146.44 146.21 146.03 146.3 146.62 146.74 148.27 150.73 153.07 155.48 157.94 159.79 161.17 161.61 161.86 162.38 164.62 169.38 176.07 182.94 188.98 193.3 195.61 196.8 197.31 197.82 198.42 199.66 201.17 203.23 205.25 207.07 208.46 209.18 209.74 210.37 211.25 212.46 213.68 213.88 213.64 212.59
-9999 -9999 -9999 -9999 -9999 -9999 -9999 -9999 -9999 -9999 -9999 -9999 -9999 -9999 -9999 -9999 -9999 -9999 -9999 -9999 -9999 -9999 -9999 -9999 -9999 -9999 -9999 -9999 -9999 -9999 -9999 -9999 146.2 146.08 146.6 147.55 148.45 150.56 153.05 156.04 159.08 161.94 163.98 165.62 166.12 166.04 166.37 168.5 172.55 178.62 185.72 191.74 194.94 196.67 197.31 197.97 198.74 199.75 200.95 202.53 204.3 206.44 208.63 210.43 211.66 212.18 212.78 213.65 214.79 216.14 216.99 216.38 215.34
-9999 -9999 -9999 -9999 -9999 -9999 -9999 -9999 -9999 -9999 -9999 -9999 -9999 -9999 -9999 -9999 -9999 -9999 -9999 -9999 -9999 -9999 -9999 -9999 -9999 -9999 -9999 -9999 -9999 -9999 -9999 -9999 146.16 146.13 146.52 147.68 149.35 151.58 154.51 157.54 161.16 164.68 167.19 169.38 169.59 169.79 170.61 172.98 175.85 181.19 188.11 193.84 196.82 198.07 198.37 198.96 200 201.21 202.43 203.69 205.15 207.09 209.41 211.75 213.37 214.55 215.21 216.25 217.5 218.9 220.1 220.08 219.54
-9999 -9999 -9999 -9999 -9999 -9999 -9999 -9999 -9999 -9999 -9999 -9999 -9999 -9999 -9999 -9999 -9999 -9999 -9999 -9999 -9999 -9999 -9999 -9999 -9999 -9999 -9999 -9999 -9999 -9999 -9999 -9999 -9999 145.88 146.09 146.72 148.32 150.72 153.33 156.3 160.44 164.38 166.7 169.07 170.47 171.75 173.11 175.43 176.48 182.51 188.58 193.94 196.99 198.48 198.83 199.57 200.94 202.41 203.75 205.04 206.05 207.54 209.58 211.97 214.42 216.17 217.6 218.9 219.88 221.32 222.51 223.38 223.97
-9999 -9999 -9999 -9999 -9999 -9999 -9999 -9999 -9999 -9999 -9999 -9999 -9999 -9999 -9999 -9999 -9999 -9999 -9999 -9999 -9999 -9999 -9999 -9999 -9999 -9999 -9999 -9999 -9999 -9999 -9999 -9999 -9999 -9999 145.31 145.25 146.17 147.87 151.07 153.97 156.34 160.72 164.89 168.13 170.61 171.28 171.71 174.96 167.21 180.83 186.95 191.72 195.2 197.06 198.02 199.06 201.11 202.6 204.4 206.42 207.04 208.04 209.58 211.75 214.26 216.88 219.21 220.91 222.29 223.52 225 225.86 227.13
-9999 -9999 -9999 -9999 -9999 -9999 -9999 -9999 -9999 -9999 -9999 -9999 -9999 -9999 -9999 -9999 -9999 -9999 -9999 -9999 -9999 -9999 -9999 -9999 -9999 -9999 -9999 -9999 -9999 -9999 -9999 -9999 -9999 -9999 -9999 143.99 144.22 144.68 162.93 164.17 166.66 167.67 168.48 169.51 170.13 170.63 171.01 172.64 173.13 177.47 181.29 185.94 190.7 193.75 195.6 197.85 199.92 202.1 204.3 206.67 207.99 208.39 209.66 211.37 213.6 216.21 219.1 221.85 224.02 226.01 227.55 228.87 230.12
-9999 -9999 -9999 -9999 -9999 -9999 -9999 -9999 -9999 -9999 -9999 -9999 -9999 -9999 -9999 -9999 -9999 -9999 -9999 -9999 -9999 -9999 -9999 -9999 -9999 -9999 -9999 -9999 -9999 -9999 -9999 -9999 -9999 -9999 -9999 -9999 144.45 161.55 163.31 164.95 166.93 168.27 168.8 168.99 169.17 169.49 169.84 170.3 171.47 173.14 175.61 179.35 184.24 187.41 190.79 194.45 197.85 200.11 202.42 205.02 206.86 208.41 209.49 210.94 212.51 214.81 217.83 220.75 223.7 226.56 229.03 230.76 232.68
-9999 -9999 -9999 -9999 -9999 -9999 -9999 -9999 -9999 -9999 -9999 -9999 -9999 -9999 -9999 -9999 -9999 -9999 -9999 -9999 -9999 -9999 -9999 -9999 -9999 -9999 -9999 -9999 -9999 -9999 -9999 -9999 -9999 -9999 -9999 -9999 143.67 159.85 162.77 164.3 166.2 167.84 168.31 168.51 168.58 169.01 169.41 170.04 170.85 171.71 172.12 173.56 177 179.08 182.74 189.28 193.31 196.46 199.23 201.7 204.6 206.43 208.64 210.01 211.09 212.94 215.74 218.78 221.85 225.03 228.25 230.69 232.57
-9999 -9999 -9999 -9999 -9999 -9999 -9999 -9999 -9999 -9999 -9999 -9999 -9999 -9999 -9999 -9999 -9999 -9999 -9999 -9999 -9999 -9999 -9999 -9999 -9999 -9999 -9999 -9999 -9999 -9999 -9999 -9999 -9999 -9999 -9999 -9999 -9999 161.19 162.3 163.83 165.71 167.5 168.26 168.44 168.81 169.23 170.29 171.08 172.31 172.52 171.86 172.13 173.6 174.53 177.09 184.96 189.94 193.52 196.77 199.37 201.77 204.11 206.51 208.71 209.74 211.04 212.54 215.6 218.58 221.81 225.2 227.67 229.81
-9999 -9999 -9999 -9999 -9999 -9999 -9999 -9999 -9999 -9999 -9999 -9999 -9999 -9999 -9999 -9999 -9999 -9999 -9999 -9999 -9999 -9999 -9999 -9999 -9999 -9999 -9999 -9999 -9999 -9999 -9999 -9999 -9999 -9999 -9999 -9999 -9999 160.42 161.4 162.82 164.46 166.67 167.6 168.21 168.77 169.36 171.18 172.67 173.99 174.86 174.18 175.32 177.39 178.71 180.86 186.9 190.67 193.67 196.42 198.88 201.42 203.04 205.63 207.09 208.25 208.3 208.28 211.12 214.17 217.43 220.38 222.71 224.59
-9999 -9999 -9999 -9999 -9999 -9999 -9999 -9999 -9999 -9999 -9999 -9999 -9999 -9999 -9999 -9999 -9999 -9999 -9999 -9999 -9999 -9999 -9999 -9999 -9999 -9999 -9999 -9999 -9999 -9999 -9999 -9999 -9999 -9999 -9999 -9999 157.59 158.95 160.22 161.43 163.05 165.51 166.61 167.6 168.3 169.81 173.06 175.49 177.48 179.71 181.46 183.72 186.39 188.03 189.66 192.38 194.29 195.99 197.79 199.56 201.43 203.85 205.28 206.75 206.97 205.51 204.26 206.34 208.42 211.32 214.89 217.57 219.74
-9999 -9999 -9999 -9999 -9999 -9999 -9999 -9999 -9999 -9999 -9999 -9999 -9999 -9999 -9999 -9999 -9999 -9999 -9999 -9999 -9999 -9999 -9999 -9999 -9999 -9999 -9999 -9999 -9999 -9999 -9999 -9999 -9999 -9999 146.86 153.68 155.84 157.05 158.1 159.32 161.43 163.7 165.1 166.28 167.64 169.39 173.54 176.85 180.55 184.88 188.81 192.01 194.57 196.52 197.52 198.28 198.71 199.03 199.53 200.15 201.29 203.05 205.45 207.07 207.74 204.7 203.59 206.12 207.23 206.82 210.35 213.1 216.48
-9999 -9999 -9999 -9999 -9999 -9999 -9999 -9999 -9999 -9999 -9999 -9999 -9999 -9999 -9999 -9999 -9999 -9999 -9999 -9999 -9999 -9999 -9999 -9999 -9999 -9999 -9999 -9999 -9999 -9999 -9999 -9999 -9999 146.94 151.48 152.76 153.36 154.17 155.21 157.48 159.89 162.11 163.17 164.6 165.46 166.51 170.45 173.92 179.77 187.73 194.25 199.05 202.33 204.88 204.36 203.52 202.4 200.6 199.56 199.37 199.58 200.71 202.58 204.79 206.37 205.69 204.53 198.44 205.82 207.73 209.97 210.59 214.95
-9999 -9999 -9999 -9999 -9999 -9999 -9999 -9999 -9999 -9999 -9999 -9999 -9999 -9999 -9999 -9999 -9999 -9999 -9999 -9999 -9999 -9999 -9999 -9999 -9999 -9999 -9999 -9999 -9999 -9999 -9999 -9999 147.58 146.54 149.5 150.36 150.72 151.81 153.15 155.88 158.29 159.76 160.94 162.06 163.3 163.83 165.04 165.52 173.1 185.91 196.37 201.96 206.76 209.86 208.39 206.63 203.78 199.29 196.7 196.24 196.13 196.65 198.35 200.27 201.98 202.94 203.6 202.95 204.31 206.8 210.65 210.69 215.99
-9999 -9999 -9999 -9999 -9999 -9999 -9999 -9999 -9999 -9999 -9999 -9999 -9999 -9999 -9999 -9999 -9999 -9999 -9999 -9999 -9999 -9999 -9999 -9999 -9999 -9999 -9999 -9999 -9999 -9999 -9999 147.48 147.06 146.15 146.83 147.18 148.5 150.41 151.97 153.95 155.54 157.17 158.07 159.02 160.4 161.18 161.74 164.71 168.44 177.32 183.38 194.64 206.83 209.59 208.56 205.96 202.01 195.55 192.73 192.25 192.35 193.04 194.79 196.7 198.6 200.53 202.6 203.55 200.21 203.19 211.72 213.31 218.8
-9999 -9999 -9999 -9999 -9999 -9999 -9999 -9999 -9999 -9999 -9999 -9999 -9999 -9999 -9999 -9999 -9999 -9999 -9999 -9999 -9999 -9999 -9999 -9999 -9999 -9999 -9999 -9999 -9999 -9999 -9999 146.42 142.87 143.69 144.06 144.73 146.53 148.51 149.73 151.11 152.68 154.21 155.39 156.24 157.35 158.53 158.47 159.33 161.94 172.15 174.73 181.27 189.6 200.15 203.08 200.61 196.04 190.13 188.9 189.27 189.69 191.07 193.16 194.96 196.71 199.5 203.13 207.33 209.39 209.18 214.3 218.26 223.8
-9999 -9999 -9999 -9999 -9999 -9999 -9999 -9999 -9999 -9999 -9999 -9999 -9999 -9999 -9999 -9999 -9999 -9999 -9999 -9999 -9999 -9999 -9999 -9999 -9999 -9999 -9999 -9999 -9999 -9999 146.27 140.98 141.11 141.21 141.01 142.57 144.11 145.51 147.02 148.27 149.63 151.32 152.96 153.64 153.94 155.44 155.44 156.38 159.67 161.29 163.44 166.22 174.82 186.49 190.33 188.15 183.73 182.57 184.48 186.21 188.14 190.96 193.52 195.1 197.36 200.06 204.4 209.79 214.64 218.18 220.16 225.06 230.97
-9999 -9999 -9999 -9999 -9999 -9999 -9999 -9999 -9999 -9999 -9999 -9999 -9999 -9999 -9999 -9999 -9999 -9999 -9999 -9999 -9999 -9999 -9999 -9999 -9999 -9999 -9999 -9999 -9999 146.74 146.52 139.21 139.15 138.89 138.45 140.67 141.47 142.52 144.04 145.48 146.78 148.74 150.5 151.53 151.34 153.06 154.05 155.09 155.61 156.2 156.79 158.21 164.94 171.29 176.86 176.6 166.79 163.83 176.81 182.46 185.76 189.95 192.7 195.52 199.76 203.73 207.51 213.04 217.6 222.27 225.97 230.52 236.56
-9999 -9999 -9999 -9999 -9999 -9999 -9999 -9999 -9999 -9999 -9999 -9999 -9999 -9999 -9999 -9999 -9999 -9999 -9999 -9999 -9999 -9999 -9999 -9999 -9999 -9999 -9999 -9999 -9999 -9999 136.96 137.03 137.05 136.33 135.78 138.57 139.36 139.97 141.01 142.42 144.06 145.91 147.93 149.19 149.38 150.71 153.13 154.81 153.63 153.29 153.22 156.36 161.52 165.18 164.02 157.75 156.72 162.94 168.19 177.7 180.92 185.3 187.82 191.12 195.35 200.2 205.41 213.03 218.36 222.8 228 233.03 239.26
-9999 -9999 -9999 -9999 -9999 -9999 -9999 -9999 -9999 -9999 -9999 -9999 -9999 -9999 -9999 -9999 -9999 -9999 -9999 -9999 -9999 -9999 -9999 -9999 -9999 -9999 -9999 -9999 -9999 -9999 135.59 134.88 134.54 133.65 133.18 136.64 137.43 137.61 137.72 137.44 140.94 143.25 145.3 147.32 148.01 148.59 150.38 154.28 151.55 151.41 150.65 155.81 159.19 158.74 156.03 153.39 153.4 158.64 162.53 171.72 176.63 177.25 179.45 181.64 184.28 194.19 200.32 207.46 213.46 218.67 224.74 230.74 237.7
-9999 -9999 -9999 -9999 -9999 -9999 -9999 -9999 -9999 -9999 -9999 -9999 -9999 -9999 -9999 -9999 -9999 -9999 -9999 -9999 -9999 -9999 -9999 -9999 -9999 -9999 -9999 -9999 -9999 -9999 -9999 132.79 132.33 131.69 131.58 135.14 135.5 135.29 135.03 135.1 137.91 140.59 142.97 145.09 146.5 146.9 147.73 149.65 149.52 149.04 148.1 154.81 155.84 153.98 151.36 150.28 151.27 153.73 156.55 159.08 162.09 167.99 175.32 175.39 177.83 181.15 187.31 194.46 206.03 210.78 216.65 222.67 230.06
-9999 -9999 -9999 -9999 -9999 -9999 -9999 -9999 -9999 -9999 -9999 -9999 -9999 -9999 -9999 -9999 -9999 -9999 -9999 -9999 -9999 -9999 -9999 -9999 -9999 -9999 -9999 -9999 -9999 -9999 -9999 130.56 129.92 129.72 130.28 133.99 134.12 133.48 133.11 133.15 135.82 137.88 140.47 142.81 144.8 145.2 145.64 147.1 147.66 147.16 150.08 150.95 152.3 150.82 148.46 147.11 148.85 149.71 151.4 152.82 154.4 155.55 159.11 161.84 173.61 174.49 178.27 182.65 189.39 197.04 202.95 209.36 218.34
-9999 -9999 -9999 -9999 -9999 -9999 -9999 -9999 -9999 -9999 -9999 -9999 -9999 -9999 -9999 -9999 -9999 -9999 -9999 -9999 -9999 -9999 -9999 -9999 -9999 -9999 -9999 -9999 -9999 -9999 128.72 128.85 128.16 128.09 128.7 132.72 132.75 132.32 131.45 131.37 134.31 135.91 137.73 140.2 142.21 143.21 143.18 144.08 145.59 146.76 146.61 147.04 149.27 148.07 146.68 146 150.08 146.19 146.23 146.57 147.37 148.77 151.79 155.83 165.21 169.27 171.72 173.72 176.57 184.61 190.18 196.85 204.49
-9999 -9999 -9999 -9999 -9999 -9999 -9999 -9999 -9999 -9999 -9999 -9999 -9999 -9999 -9999 -9999 -9999 -9999 -9999 -9999 -9999 -9999 -9999 -9999 -9999 -9999 -9999 -9999 -9999 -9999 128.33 127.46 127.01 126.99 127.7 131.27 131.11 130.78 130.06 129.93 133.04 134.35 135.38 136.65 139.41 141.15 141.25 141.8 143.38 144.53 143.86 144.52 146.61 145.74 145.11 144.72 144.87 144.44 148.8 143.51 144.7 145.63 148.58 152.46 159.33 164.71 168.12 169.59 170.4 172.94 177.45 182.64 188.99
