Data/Derived/envs/Pm.asc
NCOLS 557 
NROWS 164 
XLLCORNER -67.31875 
YLLCORNER 17.86875 
CELLSIZE 0.00416666667 
NODATA_value -9999 
[rows 66 to 98 of 164, columns 292 to 364 of 557]
290.66 290.15 288.45 284.66 274.32 278.41 269.41 266.57 262.73 253.95 247.86 242.41 234.67 227.05 223.64 222.37 221.72 221.25 220.56 219.63 218.74 217.76 217.06 216.94 217.53 217.86 218.61 218.88 219.19 220.26 221.84 222.53 223.17 225.32 229.11 231.48 245.35 255.21 269.8 295.84 316.26 339.52 353.83 368.74 373.81 377.33 392.18 413.73 443.53 473.35 497.04 519.67 543.51 569.55 606.39 634.31 664.04 689.77 711.51 734.98 762.85 796.94 812.81 819.35 813.38 798.03 772.69 765.24 751.9 726.12 691.64 657.94 637.75
276.47 275.43 277.19 268.01 261.1 267.16 255.75 262.53 252.02 245.85 240.65 238.14 230.58 225.88 223.6 222.29 221.75 221.46 220.72 219.66 218.61 217.4 216.19 215.64 215.5 215.8 216.13 216.45 217.05 217.86 218.37 218.68 218.53 219.31 220.54 221.79 224.63 229.04 243.21 252.28 276.61 299.16 323.31 340.71 351.57 363.35 384.77 413.28 448.71 477.02 491.16 506.91 529.9 558.78 592.74 618.25 633.65 662.12 710.28 725.15 729.53 752.76 765.38 776.47 772.06 765.07 740.81 737.49 727.56 699.84 666.15 641.52 619.39
253.4 254.44 260.54 250.23 247.53 247.64 241.23 242.06 237.95 235.77 232.95 230.84 226.99 224.28 222.46 221.24 220.9 220.64 219.83 218.91 217.92 216.86 215.7 214.87 214.59 214.55 214.73 214.87 215.13 215.53 215.95 215.85 216.17 216.59 217.47 218.78 221.17 223.48 224.6 230.53 240.33 263.98 288.43 310.45 324.11 343.24 362.92 392.49 427.41 459.8 475.82 497.74 515.55 539.01 567.73 581.97 599.65 616.85 644.98 654.08 708.75 754.42 756.46 758.2 744.64 738.5 730.33 711.4 693.2 682.57 658.9 631.44 606.79
242.42 242.55 242.34 240.67 239.33 238.4 235.93 235.15 233.26 231.71 229.92 227.35 224.51 222.24 220.41 219.23 218.87 218.45 217.8 216.99 216.53 215.96 215.41 214.89 214.6 214.48 214.49 214.58 214.55 214.46 214.36 214.2 214.05 213.96 214.05 214.61 216.07 218.2 220.88 226.69 233.37 246.72 263.12 278.63 294.41 314.19 334.94 365.7 399.94 433.92 451.53 479.46 489.94 510.24 532.29 546.42 554.77 561.15 562.18 584.89 634.27 690.17 693.32 673.5 692.33 717.18 712.9 694.14 681.77 669.62 642.2 617.15 588.92
237.18 236.57 235.37 234.51 233.62 232.22 230.68 229.61 228.36 227.2 225.99 224.22 221.79 219.82 217.65 216.34 216.05 215.93 215.58 215.46 215.27 215.31 215.32 215.34 215.42 215.35 215.39 215.39 215.26 215.07 214.87 214.63 214.14 213.29 212.44 211.98 211.91 212.91 214.78 218.91 225.49 236.39 244.68 260.67 267.29 281.15 297.92 323.59 352.17 381.07 421.04 459.98 473.2 488.25 502.58 508.5 522.32 541.96 569.56 602.71 641.04 677.18 680.21 672.72 662.51 650.21 620.74 611.5 625.9 626.79 594.97 608.17 548.69
233.77 232.01 230.56 229.7 228.7 227.16 226.73 225.78 224.98 224.31 223.26 222.1 220.59 218.39 215.63 214.21 214.11 214.1 214.2 214.26 214.31 214.56 215.02 215.51 215.83 216.37 216.79 216.9 216.87 216.85 216.86 217.04 217.21 216.03 213.65 212.04 210.84 210.5 211.29 212.85 216.44 221.76 231.63 241.95 253.14 270.46 284.22 305.34 312.67 334.82 369.7 392.28 404.12 426.73 449.51 481.71 494.59 517.01 548.73 567.73 582.26 615.59 629.08 675.93 667.71 644.92 618.34 601.24 569.94 545.59 546.35 577.45 548.77
231.35 229.52 228.3 227.46 226.74 226.43 228.26 227.48 226.31 224.89 222.86 221.43 219.93 218.12 214.95 213.19 212.7 212.74 212.96 213.25 213.46 213.86 214.43 215.04 215.86 216.69 218.35 218.82 219.02 219.8 220.65 221.98 223.43 222.55 218.62 215.22 212.97 211.7 210.91 211.31 212.64 214.91 218.41 223.4 230.94 244.83 257.84 276.66 297.24 296.93 320.32 338.73 361.11 382.82 399.74 402.26 425.64 450.08 462.75 470.64 458.88 488.31 493.39 542.78 604.75 639.25 625.59 606.23 581.84 540.87 507.93 535.29 533.37
231.29 229.04 228.2 227.23 226.48 227.41 229.45 228.92 227.34 226.71 224.69 222.6 220.07 217.3 214.45 212.51 211.59 211.53 211.83 212.17 212.55 213.04 213.73 214.56 215.4 217.07 219.41 221.77 222.66 224.28 226.6 229.24 230.12 229.67 227.3 221.61 218.44 215.39 213.83 212.89 212.86 212.11 212.21 213.73 216.75 221.89 235.04 252.07 265.98 267.61 286.43 301.97 312.81 323.86 335.1 360.8 373 381.28 406.84 409.99 416.99 426.7 453.9 465.46 512.6 578.04 636.22 628.79 607.01 568.9 533.13 546.5 538.32
232.22 231.4 229.95 228.74 228.57 230 232.34 229.43 228.01 226.64 225.42 223.46 220.95 217.9 214.87 212.41 210.88 210.43 210.56 210.87 211.3 212.06 212.88 213.97 215.22 217.16 220.77 225.67 227.41 229.14 232.23 236.38 237.05 236.37 234.57 231.28 227.42 221.04 217.97 216.63 215.4 214.34 211.93 210.72 210.57 212.17 217.73 230.12 242.17 243.04 258.55 268.22 279.99 290.14 302.53 313.53 324.32 333.97 351.34 360.58 376.02 399.9 430.03 435.23 469.11 532.17 594.72 641.32 616.44 599.57 561.65 558.53 547.05
235.36 234.73 234.27 232.84 230.33 228.48 234.39 231.09 228.17 226.64 225.3 223.68 221.73 219.01 216.07 212.92 210.84 209.64 209.34 209.41 209.82 210.7 211.71 212.96 214.84 217.1 221.35 227.03 230.79 233.13 237.06 242.3 243.5 243.43 240.71 237.24 233.18 227.31 222.89 221.01 220.55 220.07 215.94 211.42 208.9 208.86 211.27 217.08 224.04 231.01 238.05 245.66 254.43 261.46 270.7 279.73 289.33 297.95 315.35 323.64 336.48 356.76 380.27 401.4 429.87 456.33 509.85 551.09 588.44 624.49 585.29 583.49 515.87
240.29 240.69 239.69 237.05 233.54 230.9 236.43 232.12 229.28 227.63 225.94 224.47 222.57 220.27 217.31 213.87 211.12 209.38 208.35 208.08 208.07 208.56 209.38 210.66 212.66 215.68 220.74 224.53 231.33 235.37 239.04 243.9 245.46 244.96 243.39 240.94 238.27 233.14 230.5 229.31 227.89 224.61 219.15 213.69 210.14 209.22 210.95 214.99 220.53 226.42 231.22 235.12 238.71 243.43 250.09 257.9 267.14 272.39 292.44 297.87 308.42 328.08 348.57 370.01 392.69 424.81 443.88 472.59 510 548.3 552.92 525.26 471.44
247.72 246.69 244.35 240.16 234.7 228.16 223.09 230.85 230.53 229.18 227.61 225.86 223.92 221.7 218.87 215.29 212.23 209.7 208.04 207.08 206.27 205.91 206.1 207.03 209.14 213.33 223.44 226.31 231.36 234.22 237.62 242.64 244.27 243.96 243.5 243.32 241.67 239.96 238.32 236.15 231.61 226.92 221.87 216.59 213.23 212.1 212.94 215.24 219.3 223.97 227.84 230.84 233.42 237.52 243.48 250.22 257.3 264.18 273.03 282.84 295.48 311.46 324.57 342.1 369.88 394 418.35 425.02 435.68 466.13 474.34 457.82 417.14
252.66 251.02 247.28 241.56 234.08 225.17 222.4 231.89 232.24 230.84 229.92 228.16 225.97 223.5 220.68 217.29 213.94 210.96 208.66 207.47 206.26 205.08 204.91 205.46 207.05 209.97 215.01 218.2 228.31 233.49 236.9 241.21 242.27 243.03 244.43 244.59 244.63 243.67 243.28 242.34 235.26 229.79 225 219.36 216.94 216.11 215.86 216.82 219.46 223.35 227.4 230.6 233.14 237.18 242.6 249.01 256.21 264.15 273.16 283.49 296.52 309.46 320.3 332.01 347.41 366.21 380.55 398.68 406.06 406.79 408.14 398.19 370.07
255.67 252.68 247.52 240.12 230.85 222.73 222.16 234.35 233.91 233.36 232.5 230.67 228.2 225.2 222.59 219.5 216.59 213.81 211.79 210.4 208.66 206.98 205.85 205.66 206.59 208.61 210.85 212.99 217.27 229.59 233.79 237.24 238.56 240.31 242.26 244.55 245.47 246.22 246.48 245.24 238.84 233.61 228.9 222.95 221.51 220.84 219.85 219.78 221.43 224.91 229.16 232.82 235.64 239.52 244.72 250.6 257.07 265.55 275.45 286.26 299.04 312.82 322.49 330.38 338.66 347.96 355.91 362.71 365.17 361.03 361.95 357.39 338.21
255.93 251.73 244.92 236.22 227.82 222.97 220.09 242.4 236.53 236.39 235.54 233.32 230.2 227.25 224.75 222.7 220.84 219.2 217.32 215.51 213.27 211.05 209.18 208.24 208.49 209.42 210.48 210.96 213.44 225.64 229.23 232.93 235.01 238.32 241.34 243.98 246.56 248.39 248.88 247.42 243.2 236.49 232.38 227.34 226.09 225.46 224.26 223.81 225.22 228.41 233 236.53 239.17 242.38 247.23 252.86 258.99 266.98 276.97 288.21 300.84 313.46 324.29 333.48 340.46 343.72 345.15 342.48 343.07 337.94 333.54 328.71 311.81
254.68 248.83 240.88 232.6 226.79 227.33 226.38 230.83 233.29 237.74 239.4 236.3 233.13 230.39 228.58 226.93 225.9 225.09 224.74 223.5 221.15 219.2 216.72 214.32 213.11 213.28 212.02 211.29 212.42 221.42 221.23 223.2 224.65 227.91 237.51 241.8 246.95 250.14 251.29 250.83 248.38 232.51 231.26 229.5 229.41 228.88 228.01 228.02 229.64 233.05 237.35 241.26 243.44 245.6 249.11 254.31 259.91 267.58 276.9 288.87 302.33 314.56 325.68 337.21 347.22 350.38 349.31 340.01 336.19 326.75 317.07 309.59 297.72
251.71 244.61 236.54 228.87 223.61 227.39 227.43 228.87 229.38 230.17 242 239.76 237.13 234.98 233.6 232.61 232.35 233.89 236.8 239.65 239.48 238.5 235.6 229.72 224.55 221.63 216.58 213.73 210.62 211.15 210.77 210.65 212.17 214.07 218.26 226.45 245.15 250.17 253.79 253.69 253.85 253.41 234.54 231.89 231.28 230.84 230.68 231.59 233.96 237.35 241.37 245.78 248.03 249.58 252.17 256.46 261.77 269.39 279.04 291.4 305.25 321.73 338.73 339.55 349.17 358.57 358.57 350.88 343.16 329.48 319.11 311.61 302.67
246.58 239.91 233.44 227.52 223.38 220.72 222.04 227.61 228.05 227.88 248.51 243.39 240.44 239.21 238.39 238.49 240.68 248.11 249.92 251.67 252.4 252.45 251.06 245.24 238.38 230.76 225.47 221.07 212.52 209.19 208.02 208.16 208.33 209.45 213.6 220.98 235.06 240.98 252.6 254.05 254.36 245.87 236.54 233.63 231.99 231.44 232.11 233.91 237.05 240.79 244.8 249.94 252.34 254.05 256.32 259.94 264.81 272.27 282.34 295.15 308.02 321.47 334.1 339.88 348.26 359.87 362.31 352.41 341.9 332.78 322.1 316.29 308.38
242.92 238.61 235.74 233.42 231.83 220.12 227.88 229.38 227.45 225.26 245.65 244.52 243.51 242.84 243.32 245.31 251.64 257.07 259.94 262.8 264.58 265.62 265.59 262.47 255.34 245.48 237.01 228.79 221.22 211.29 208.34 207.56 206.77 207.5 210.47 216.48 224.72 236.76 244 247.2 253.92 246.73 238.74 234.78 232.37 231.52 232.63 235.14 238.61 242.8 247.09 252.08 255.58 257.86 260.21 263.91 268.67 275.96 286.2 299.19 312.79 324.53 333.82 342.76 360.93 366.43 365.99 349.86 334.18 324.57 313.1 311.11 299.2
239.42 235.88 234.58 234.22 233.94 231.51 231.29 229.47 226.72 227.69 238.02 242.91 244.78 246.71 249.11 248.66 253.45 262.46 268.41 271.57 273.36 274.5 275.16 273.31 267.59 259.55 249.6 237.15 228.4 215.94 210.25 208.62 207.29 207.07 209.3 213.85 220.46 228.56 238.31 242.75 247.19 245.51 240.06 235.9 233.05 232 233.14 235.69 239.67 243.93 248.01 252.99 257.3 260.52 263.76 267.17 271.54 277.98 288.21 301.47 316.32 327.78 337.01 345.85 355.03 369.39 361.19 342.54 322.23 310.5 303.51 297.41 277.24
240.29 236.97 234.9 233.39 232.79 231.42 229.15 226.52 223.58 228.99 234.51 237.77 243.9 249.76 257 252.24 252.78 264.9 273.62 277.52 279.58 280.51 281.19 279.81 274.93 267.13 257.71 244.17 232.96 221.62 213.73 210.44 208.73 208.04 209.56 212.85 218.31 224.74 231.77 236.9 240.35 241.62 239.3 236.81 234.34 233.22 234.09 236.59 240.29 244.66 248.9 253.43 258.83 262.88 266.36 269.85 273.93 280.14 289.67 301.23 317.16 329.9 341.88 353.5 361.99 363.8 348.83 334.99 309.98 298.14 288.86 282.48 266.17
241.94 238.58 235.64 233.38 231.76 229.74 229.19 235.21 231.86 231.21 233.61 237.12 242.51 248.29 255.04 255.59 251.53 266.99 276.62 282.1 284.12 285.12 284.91 283.28 278.14 270.53 258.79 244.8 234.2 220.85 213.68 210.59 210.01 210.14 210.99 213.93 218.56 224.43 230.38 235.32 238.85 240.4 239.84 238.19 236.16 235.13 235.78 237.89 241.23 245.25 249.65 254.48 259.56 264.63 268.48 271.98 276.5 282.77 290.71 299.74 314.9 329.07 350.37 358.13 364.52 356.37 335.57 311.18 298.47 285.16 273.89 266.31 257.71
244.47 240.91 237.6 234.47 231.21 228.07 227.77 248.43 233.85 229.98 231.88 236.05 241.07 247.41 256.05 267.53 258.91 265.2 276.54 284.17 288.04 288.8 288.28 285.92 280.09 269.81 255.39 239.8 228.06 220 214.43 211.52 212.95 213.14 214.59 217.61 222.36 228.23 234.17 238.93 242.07 243.3 242.71 240.8 238.97 237.99 238.46 240.03 242.98 246.78 251.57 255.88 260.89 266.09 270.54 274.19 278.7 284.01 289.89 296.2 309.13 320.03 333.29 350.7 352.21 343.2 328.04 313.89 296.25 280.13 267.53 257.99 250.16
248.01 244.28 240.27 235.37 231.07 226.77 225.11 227.62 238.01 227.76 230.41 235.19 239.51 244.93 251.12 259.11 264.6 267.33 277.04 283.78 288.83 290.89 290.61 288.2 280.54 259.67 245.74 236.41 227.55 220.64 215.56 213.35 215.35 218.04 220.4 224.98 230.82 238.2 244.64 249.16 251.9 251.93 248.83 245.9 243.45 242.23 242.36 243.98 246.46 250.2 254.61 259 263.15 268.11 272.08 275.59 279.11 283.83 288.33 293.55 303.82 313.75 334.56 339.87 337.8 331.96 322.31 317.43 298.11 280.23 267.17 258.25 252.23
251.56 247.55 243.18 238.08 232.73 228.78 225.84 223.4 220.06 219.26 229.69 237.9 237.09 242.49 248.7 257.43 264.42 265.09 272.42 279.8 285.48 288.89 290.74 290.21 282.34 264.69 251.36 242.13 232.15 224.14 218.63 215.72 215.99 223.85 228.78 235.53 243.37 256.41 267.15 270.5 271.83 271.53 259.4 254.08 250.18 247.67 247.4 248.88 251.48 255.47 259.76 263.78 266.97 270.18 273.56 276.52 279.53 282.81 286.8 290.15 297.39 311.56 323.79 328.9 327.24 321.17 314.77 312.27 296.67 278.05 265.85 261.41 256.76
254.86 251.21 247.68 244.01 239.74 235.78 232.92 229.85 226.49 221.92 218.82 228.46 227.14 235.6 240.79 245.55 251.81 260.91 271.14 279.81 282.58 283.36 290.72 292.97 286.19 274.93 266.22 252.64 241.2 231.49 225.3 222.42 222.51 234.11 239.89 247.22 256.91 274.84 281.26 286.07 287.58 285.44 280.55 266.6 259.72 255.26 254.06 255.62 258.18 262.11 265.85 269.05 270.95 273.2 276.09 278.37 280.19 282.42 284.21 285.67 286.86 289.63 305.04 309.98 310.68 307.62 306.65 304.79 286.27 277.05 262.21 271.83 271.33
257.02 255.81 255.16 254.65 253.38 251.21 247.83 242.53 236.66 229.9 226.67 226.98 225.15 226.05 231.17 241.67 251.59 260.56 267.56 276.79 283.07 288.01 297.2 299.94 297.45 284.42 271.74 262.84 253.28 244.15 237.28 233.71 233.6 245.34 252 258.58 276.11 284.78 292.47 299.4 302.22 300.17 294.22 287.11 271.31 265.16 262.99 264.12 266.73 270.59 274.49 276.7 276.4 277.71 279.79 280.77 281.76 282.48 282.36 280.56 278.55 278.56 282.26 286.42 288.11 289.54 295.24 298.78 294.68 281.05 267.23 281.46 282.62
256.46 257.65 261.29 265.01 267.86 268.86 265.82 258.07 250.54 241.55 234.86 230.51 227.64 226.32 231.18 242.26 252.98 262.14 267.92 272.97 283.62 289.46 302.16 303.76 305.22 299.4 281.86 273.53 265.4 257.71 252.41 248.24 247.55 250.64 262.89 269.76 279.33 291.04 299.68 308.43 313.41 313.29 308.13 299.87 294.11 277.3 274.54 274.8 278.42 283.5 289.85 289.98 283.49 283.67 282.85 283.8 283.78 283.51 281.52 279.01 275.1 273.19 272.67 272.99 273.45 276.01 273.4 278.3 281.8 279.5 283.52 286.22 284.6
254.05 257.37 265.51 273.63 278.51 279.73 275.59 266.57 258.7 248.29 238.58 232.61 228.99 226.79 232.07 243.28 253.98 262.43 269.2 274.21 283.98 290.69 295.55 297.36 310.16 306.98 299.37 285.24 277.54 270.34 266.24 264.37 263.15 262.91 266.85 277.62 284.17 294.91 304.28 314.03 322.01 324.73 322.23 314.07 304.31 291.72 286.82 286.36 296.25 295.41 296.17 295.58 292.84 293.98 288.75 286.14 285.54 283.92 281.5 278.23 274.04 269.83 266.98 265.21 264.44 264.83 264.48 267.13 269.52 264.35 275.24 277.37 275.14
249.74 252.47 262.65 272.75 278.55 280.61 276.61 268.71 260.26 249.15 236.06 228.27 224.68 225.56 233.32 242.68 252.77 260.84 271.9 285.73 292.79 295.51 296.41 301.84 314.28 314.13 307.92 294.39 286.84 281.32 278.23 277.06 276.21 275.35 276.41 284.96 290.87 298.32 309.41 319.63 328.79 332.79 331.59 325.5 315.58 309.6 303.39 302.97 304.23 302.83 302.21 300.32 298.05 297.62 295.06 290.55 287.55 283.73 280.86 278.24 273.39 268.1 264.1 261.92 260.09 259.73 259.33 260.72 262.38 261.74 264.11 262.02 259.06
241.39 237.38 252.41 263.6 271.17 274.35 273.3 268.35 259.56 247.53 232.98 221.71 216.97 228.68 236.16 242.05 249.76 256.86 275.36 287.9 289 298.16 298.45 305.87 315.47 319.33 313.53 301.82 294.81 290.23 288.2 287.62 286.86 285.54 285.44 290.07 298.95 308.97 317.13 325.84 334.27 339.33 339.59 336.15 327.73 319.51 314.88 312.56 310.33 308.32 307.23 304.93 300.97 299.05 298.5 298.59 298.46 286.36 281.56 277.97 272.82 266.95 262.94 260.65 259.68 258.27 258.05 257.85 259.35 257.92 252.3 248.25 245.42
236.6 237.71 243.81 254.19 262.26 266.04 267.46 264.93 257.1 243.42 226.61 212.2 217.18 230.5 231.26 243.16 253.84 259.6 269.46 283.63 290.09 298.34 307.95 315.21 326.63 323.36 316.49 306.87 301.16 298.18 297.58 297.45 296.41 294.8 294.85 297.78 305.55 317.26 324.38 331.57 339.7 345.75 346.38 343.57 335.77 325.76 320.97 317.57 314.59 311.97 310.08 307.87 304.32 300.97 300.22 300.65 300.37 286.77 282 278.52 272.63 266.74 262.67 260.64 259.58 258.95 257.69 257.18 258.23 255.53 243.14 238.87 237.38
234.13 238.55 232.97 241.23 250.99 257.45 261.26 261.01 254.98 242.39 226.47 209.06 209.96 219.5 232.21 249.64 262.21 265.78 268.37 278 281.49 294.95 305.18 319.54 325.53 322.84 317.54 311.61 307.35 306.03 306.69 307.17 306.32 304.46 304.52 308.06 315.88 324.51 331.06 337.82 344.91 349.66 350.4 347.41 340.93 331.66 326.61 323.2 319.75 315.76 312.66 310.03 306.81 303.54 300.6 300.89 300.93 287.71 283.18 279.1 273.55 267.9 263.61 261.62 260.6 259.88 258.66 257.53 256.22 248.49 238.87 235.11 234.15
