Data/Derived/envs/PSI.asc
NCOLS 557 
NROWS 164 
XLLCORNER -67.31875 
YLLCORNER 17.86875 
CELLSIZE 0.00416666667 
NODATA_value -9999 
[rows 110 to 131 of 164, columns 98 to 146 of 557]
0.19939426300179 0.199173587155404 0.198898712525824 0.198841593659818 0.198226858649123 0.197481878637173 0.193474384092305 0.195487691074413 0.196936594530807 0.196732097368054 0.19596318538389 0.194293610869008 0.197304831780434 0.197709320768951 0.19706880849122 0.196800769666659 0.195446338340227 0.195829682951125 0.195631925275716 0.199333550822524 0.199196168977469 0.199021697840125 0.198079335219894 0.190244713466488 0.192007475583309 0.189678595249981 0.191222078398219 0.187813936610321 0.184698927720921 0.193583684189259 0.191163201879274 0.192987992095349 0.182812705243274 0.19517455212576 0.190778633778053 0.201019724067114 0.189854636075115 0.178514766603871 0.195137469898071 0.184531848666576 0.192690134028969 0.200075048642686 0.191806591240807 0.192182680443822 0.189252414429887 0.196513339647957 0.194118240035436 0.195679584985329 0.197201203253037
0.199201363364131 0.199437542873245 0.198889604929367 0.198449642334767 0.198355229239522 0.197947691141257 0.197003966805667 0.196459532484336 0.197804438627891 0.197731278560586 0.195616816027151 0.19509290511686 0.197436920621805 0.198030437260722 0.198067965778611 0.197807112993191 0.196477520804143 0.195991337258616 0.197893383602282 0.198221194241086 0.199267262413923 0.197986985292001 0.194995751666551 0.19178791910104 0.188599320204018 0.189818770453481 0.190019328417066 0.195916738714603 0.194322508632523 0.19359724514628 0.200089470269634 0.198633842794632 0.192415945241054 0.20338949470092 0.202405668018489 0.192859705504047 0.182793108734844 0.177258266083407 0.181483225053333 0.189103586392201 0.193589920599897 0.193578012378598 0.179832910122814 0.19384613820881 0.18888778018454 0.19967095363466 0.20323776019803 0.197573367449895 0.199424123123495
0.199650877666397 0.199366066559426 0.199426919487272 0.19777633678754 0.194455469585987 0.196895124988089 0.193006456957568 0.195585730485796 0.198340171067401 0.198202602280517 0.19586944479983 0.195511929087049 0.196208055817178 0.196515218873597 0.197141954001187 0.196741789359694 0.197498588161833 0.194295140243519 0.196451923140017 0.19781810946387 0.199137235992498 0.199331691417153 0.194634148976745 0.192428843658636 0.188420276976286 0.194817351839727 0.201793055916678 0.194232560947442 0.202714440800971 0.200157483507754 0.198992940429738 0.201120749180817 0.197003297866032 0.200882725162009 0.193456499023016 0.21007656281857 0.201199075783113 0.183116437819328 0.198952665760191 0.184792618538381 0.196638825457107 0.193836130886538 0.201888179162185 0.19859676644592 0.202868448508561 0.205313510936043 0.204408649387558 0.201857840682287 0.202291398525224
0.199847814403378 0.199250744980739 0.199912845403089 0.197761423023122 0.196640627901272 0.196239521062485 0.194282891065644 0.19537656209476 0.197224214816766 0.197789243922979 0.19745353814782 0.1955590939916 0.196487865865524 0.196467581464465 0.196666252336998 0.197236672179 0.197351623496642 0.196096632377124 0.196815577522974 0.199369478285452 0.199294531195058 0.20043849568047 0.194254912630168 0.198940320903253 0.189898316479519 0.191597981882396 0.200759561472979 0.202249791803589 0.19653801903944 0.198222470864983 0.19091686117479 0.193500914630891 0.196584727593952 0.179837450126852 0.195841741292208 0.195437118640631 0.194494950987188 0.197769813180399 0.221333763504848 0.208565425122175 0.194930160752018 0.197193543238891 0.201035012615056 0.201520566236429 0.203046764198341 0.20242267261868 0.202499948760226 0.20389336309666 0.200704586637258
0.201431446251053 0.200675306845833 0.201030405981031 0.194601598247606 0.198461937425969 0.199626269847949 0.198040132242633 0.196188301664401 0.19738654910974 0.197880344998047 0.19765275155683 0.195467762219192 0.196473843703923 0.195603646525575 0.204502654776156 0.197145990523128 0.194504300445473 0.194962977843393 0.199026559385877 0.200766403045742 0.19880644616922 0.190723503034173 0.197233203506505 0.1935386146787 0.204144886151192 0.198472798094001 0.195064465527431 0.201529239617023 0.199503146556348 0.196118626106106 0.20093537097569 0.191405237438877 0.200689302815522 0.197174192635795 0.197138980295977 0.195381711242783 0.197463091562491 0.181099383488558 0.197648058109749 0.197546543307712 0.188914279922358 0.180959432251461 0.198680662817538 0.205875334699742 0.205794410650948 0.207070340157502 0.206250274028236 0.206292776748663 0.208487034860851
0.202621807001956 0.20312869574512 0.203410269536684 0.197941911441677 0.201099318837758 0.199910383286299 0.199253856408311 0.198467792968914 0.198176855168683 0.197725942910335 0.197508175067082 0.198336480382098 0.194631991731244 0.204120028312308 0.197904928757333 0.195667230449683 0.198639823746158 0.196723539095677 0.201815555332948 0.200354667227296 0.197227371316159 0.201217189748252 0.192191912269002 0.204576101123221 0.202017033170008 0.201144009245696 0.200517578612946 0.196570477953086 0.201784019050707 0.201163690762578 0.199876930113085 0.203476061668236 0.21057315013925 0.206155525773987 0.200729577213161 0.198319024337851 0.196931909532908 0.203368470194812 0.197174390171239 0.199859219452581 0.194915177070284 0.204561040504751 0.210032431002602 0.20031560149548 0.198187060294825 0.20062822843152 0.199562896641998 0.201396965545086 0.200397428099384
0.204326787221419 0.205650381833332 0.206561236338963 0.222172781172704 0.20826860039832 0.21209272227735 0.206330732989964 0.203852781193522 0.200610486085041 0.199655764321136 0.199450804987952 0.198601847687854 0.194794431843107 0.199629189378895 0.195870175530344 0.198503087884145 0.200019521337999 0.202694118766087 0.200662102216807 0.204317422699277 0.189156370395944 0.198265501391508 0.217675347849936 0.202248543005475 0.204415026299107 0.205342854963532 0.2017439906316 0.199207844309346 0.200178504439516 0.201464225258577 0.204203742555112 0.204454826979277 0.205656624162798 0.203997621541269 0.20471646425908 0.207620854796383 0.207150871467084 0.207561350112761 0.201691016564181 0.217542556482397 0.204749025214542 0.205814735969392 0.208400302264059 0.205621915941503 0.205098255970391 0.20021842392895 0.196079971446008 0.193551691925748 0.204063944417174
0.205432243689746 0.205405842639535 0.205495626107548 0.207834309534274 0.201454984673074 0.208158590963287 0.206290683821424 0.205389936709345 0.203298422082094 0.201916127708734 0.199262650061876 0.197696526994264 0.195190201467223 0.188162882882016 0.187280752925079 0.195701002565523 0.189638475064402 0.195463777830978 0.195781608149897 0.19391090045876 0.207748709239742 0.202857300405773 0.204171939765174 0.198341614689649 0.199616324750136 0.19552693258996 0.195684144519448 0.195757151757822 0.196394439620596 0.200522507918982 0.201074651143821 0.205099264216991 0.207242989931844 0.205965392079652 0.206387755027436 0.205947214925902 0.204367685459122 0.207293976699341 0.207313077128145 0.209097252573325 0.209601910609481 0.212364255679661 0.208430087842974 0.206222394704116 0.211859508563613 0.212117847112609 0.208550503607508 0.206330930923497 0.210057318400913
0.205767711777998 0.20536015360008 0.207401794019422 0.20866548908811 0.207876894740158 0.203635686547642 0.200958439231563 0.205614363892685 0.20272841160299 0.203373795523467 0.19830313885749 0.191970339751195 0.193341547455029 0.19072126193205 0.191806752085796 0.188617889391743 0.18366947898112 0.187409912386967 0.188773313417608 0.188976819886374 0.197841279486919 0.20401453399973 0.195959086452945 0.19184794946231 0.191124973335069 0.187042705375662 0.193693346184115 0.193751942859012 0.196515876920185 0.203296116999913 0.202509645113848 0.201390113630575 0.201863916613367 0.204587233003615 0.20402944951371 0.204298561976389 0.204880347177899 0.205833906088851 0.203000127876757 0.205363581698834 0.205802527024319 0.206822156171811 0.204377542172407 0.200981564493805 0.208361919094933 0.211480595256951 0.209998512554164 0.197753430258564 0.214063523840734
0.207780456923468 0.20844133249826 0.207777548799598 0.210662056577146 0.208687621373071 0.205925878149636 0.20428476779088 0.202784682694693 0.20469678291357 0.204267808090957 0.199571070434487 0.19578685145718 0.194024797328426 0.19086540938122 0.187358735810355 0.188503776406385 0.181781212704844 0.17510172627734 0.192571994875118 0.184716421323609 0.191415229714255 0.193510953796775 0.192683299974222 0.194039668615992 0.201566635987111 0.199053479652018 0.200466356803578 0.200408281655206 0.198250454840807 0.198032448323582 0.19623071978327 0.199700431671945 0.205509471202969 0.201341886647967 0.202885356635637 0.203033056777501 0.203516122345821 0.206671746970406 0.205066603241509 0.205784747539726 0.203774093831322 0.20578221709757 0.202125189761281 0.205117915766709 0.205103111255518 0.207117101745722 0.20689852875968 0.214323310698623 0.209977879435538
0.210429965569102 0.209413282939385 0.206806147918082 0.213918312218266 0.211080461437746 0.209036921219821 0.207497259493058 0.207625971373579 0.206669551869518 0.207567881078487 0.203835178264877 0.203189450500359 0.195173805536632 0.193634550875979 0.187553764680045 0.181074831869687 0.179762430218266 0.180125188196581 0.18168090538994 0.187102814451852 0.193535330710498 0.197164178785585 0.199760158468092 0.197131677177851 0.203398386487498 0.205115264624177 0.205380210048337 0.20062248009381 0.196078732377676 0.19382375997088 0.196130623896806 0.200070736069161 0.198871800377157 0.200192076903933 0.202034802334496 0.20019051551093 0.199774196371199 0.202358066201396 0.20229048333152 0.204399745855445 0.205256872062249 0.205573323656298 0.210416697346121 0.208561660351674 0.206670337789115 0.206986958220761 0.208910327985153 0.207023479145372 0.200783243726099
0.212773420532766 0.214357759275637 0.210560598328459 0.215549454108983 0.209548409026277 0.212437184744618 0.21204066578066 0.211203768220892 0.213769103125749 0.216510926184273 0.217562431728168 0.213874056758919 0.199863656701536 0.18925856847292 0.180194697340186 0.180617071384084 0.179100212599128 0.180821105048759 0.181579544156665 0.190099945863057 0.196341734338732 0.198645256358897 0.20171787979557 0.201800457120997 0.204524982570667 0.207142320542417 0.213287695165063 0.204426370264492 0.19416485212874 0.19380080984179 0.203724314254305 0.205239045109018 0.195426930279533 0.195709615408623 0.190252382972598 0.188331938700855 0.188540714691077 0.19326311558002 0.200656886822051 0.204304800821317 0.204943051501024 0.198348950195673 0.197842619684076 0.20112898238567 0.205472338793578 0.205620827110917 0.207708911868969 0.201079141236772 0.197781188883103
0.210322392131721 0.213593806584816 0.218287410953104 0.214807673695129 0.212132711057957 0.212595320628782 0.212415032305469 0.216450325252261 0.220227428859595 0.225942730415693 0.22977976097424 0.229806355569929 0.216314998407602 0.197671377966924 0.185881260499853 0.187960183712445 0.188707581463569 0.191152132490843 0.190572950279576 0.19086514322223 0.195849869202161 0.199325850630612 0.202633333233898 0.201661948365436 0.206059422392921 0.20368769127912 0.218128150553556 0.214146465591138 0.194861108473333 0.182084956929408 0.185859872255431 0.185057690822333 0.185090359777097 0.188741209105426 0.184976509960308 0.188948233441942 0.195021987770961 0.200798499060066 0.203202972422693 0.203382267934342 0.203988625010087 0.203879126059644 0.203056223366739 0.205888149269596 0.206487662465811 0.212732325147285 0.205681093085769 0.19778278267539 0.196862913176231
0.208353368847556 0.20458146473384 0.209612974798174 0.213757221253978 0.212664215642184 0.213006934873409 0.21622443325973 0.210753599383747 0.222304314274412 0.226511374134124 0.241003309196454 0.247776287073548 0.244732571201188 0.227287527612517 0.207042702189651 0.206803306497788 0.212713208684443 0.215044383303646 0.212380587199506 0.199616127784383 0.194534539565109 0.208191304990404 0.201535315088792 0.194043975259582 0.202091236030724 0.200966376119091 0.210081374554603 0.214294036914824 0.198918749991565 0.182240084874626 0.180279082885308 0.180009732579008 0.183145320037624 0.188326250273867 0.191816072195578 0.203479162865816 0.208585702920702 0.211154869218817 0.2095303033499 0.203794300870951 0.204552573537581 0.209723958420157 0.214816685379277 0.217043777903163 0.217720762410772 0.212992222144865 0.20151393613946 0.19605589919301 0.199309534792846
0.209515489008485 0.206617419690555 0.207269844513895 0.211206722988948 0.211508360459125 0.210760462348174 0.212376311674932 0.216341510112599 0.221525908088889 0.229881820946152 0.245046623787586 0.243748214268518 0.249616767310055 0.241909077202538 0.226967495401663 0.229044868010834 0.230754917954143 0.236513561806754 0.223095028640378 0.212217943852035 0.195252260095214 0.197593325395578 0.205997771431289 0.201521721710825 0.200288414387559 0.204951646359325 0.206790898549772 0.210577439739974 0.208000197897494 0.199297700235921 0.192220483777704 0.188956294380126 0.191255738920228 0.200934772625583 0.209381969149467 0.216417439510336 0.219274020931424 0.217356994892208 0.210017355624278 0.205812719365154 0.207402181551625 0.2135377626618 0.219976771720315 0.222130294727481 0.227543406794551 0.216335096718623 0.201449484329948 0.195314694893191 0.189724681199206
0.225607179410085 0.223501416331555 0.218734156164264 0.211883865343432 0.210987583374476 0.213500855048751 0.212955613944308 0.220941195221858 0.225718515218267 0.232120843516981 0.237043527652948 0.239381868283925 0.247254737431922 0.222355864792679 0.228425035543528 0.237827233573776 0.249044509915756 0.249390946257386 0.232425836575361 0.21484549252269 0.19593945291576 0.19020252550671 0.200585013453986 0.207167554087578 0.195763904881216 0.205255031358989 0.213291676480411 0.214558127813509 0.225201823446287 0.220886046991788 0.214385066047033 0.208111980186364 0.210441665085448 0.217651657328398 0.225017129977863 0.226858863749331 0.227389860739454 0.217169866853779 0.209639457650207 0.207221699427124 0.208168095396666 0.211668118409315 0.217662404446762 0.227461348968817 0.231317817894199 0.217596680383925 0.204270843448428 0.193951666141036 0.190066389770216
0.231364919032265 0.224502255710951 0.220536973159103 0.210887411012388 0.215536602271857 0.213531860723283 0.218431103591614 0.226834052639762 0.231019318098549 0.22922789815976 0.231261858057932 0.235002251529573 0.228972994246596 0.216066937761062 0.230376226537623 0.241298549805225 0.244678224115843 0.247691126455707 0.231762461522306 0.211126747425918 0.198478474797356 0.189053361126859 0.195694352781089 0.196073924651023 0.190065037926768 0.195593551250931 0.210843494170651 0.224490180736632 0.236035764601627 0.238773545985707 0.235129104434019 0.228435043001508 0.228367061925235 0.22771840012166 0.234161214422522 0.234932065345046 0.229473027412569 0.214015600911771 0.210414408398473 0.205760343714385 0.203927427981939 0.212000972582652 0.218582928990362 0.218476667426202 0.235804884089158 0.222489177684944 0.210490566138177 0.197251676808009 0.193039965169123
0.225540342619872 0.226044326959694 0.217461938964963 0.21480776546071 0.218420733505266 0.222610770243689 0.22280183651569 0.227466455022839 0.230776358549856 0.225153362352076 0.230404504954464 0.223937311392099 0.209159133934452 0.208166979236424 0.232040057034351 0.238056394097223 0.235130203946881 0.243605155099204 0.227614143949392 0.211078756123102 0.198898549450504 0.188800407399351 0.185768002727032 0.18490646850629 0.190951445461355 0.204897312458854 0.22330646892849 0.228623234396286 0.240919119301997 0.250104071891288 0.253021524408314 0.24856251077378 0.248579920908202 0.242240636896387 0.24328293244567 0.236481218074389 0.23082108005829 0.217294200236133 0.209801340443176 0.206804732114984 0.205061650020888 0.207579617015954 0.220218760441471 0.227087194025703 0.239543522213046 0.225139401074137 0.213272913952012 0.198526459967598 0.194002705310214
0.224759707682268 0.232390986109283 0.230001713701687 0.230777253533142 0.233203017109115 0.22704196313864 0.226156271687755 0.22541604437807 0.225469469081183 0.223685610943744 0.224999900701963 0.209378136223255 0.202717876633187 0.20116711134102 0.22230381296724 0.238585852917802 0.238917532674906 0.241082179691215 0.223349622394099 0.203435983267357 0.196978894455489 0.188589290690216 0.191296800103146 0.193894928013373 0.212439881506201 0.220874818951984 0.227462387206025 0.237412562776328 0.240822517625193 0.251218831194526 0.261783538941941 0.261017986563689 0.260591206554397 0.255175582487478 0.247706702010886 0.239960927567471 0.22794925826069 0.21491698638474 0.21247487179923 0.213449052484637 0.210971671606359 0.216936933589254 0.228603639931236 0.233249756338024 0.245501688267899 0.227451460301767 0.210682754999043 0.205433443000177 0.197555895165269
0.222357501397022 0.241178221302969 0.238800156413866 0.238376415449407 0.242137269948398 0.230523224480861 0.224946693612036 0.227696514886415 0.225681924500154 0.223430742266207 0.206541365965375 0.209926526833326 0.206225588092859 0.202798415078519 0.217878976790466 0.229989878142328 0.237146343090758 0.225912221339824 0.21652326456244 0.201035248524031 0.194352988848443 0.192318167696217 0.201628847414345 0.214278304203099 0.2227997242508 0.226138699071126 0.229836181156566 0.239659705474859 0.248825201235774 0.250601341630144 0.260157073116351 0.264405188207735 0.259362008201399 0.253336637213055 0.244793629491999 0.23954268981562 0.231405594153813 0.230738995122355 0.229591911551045 0.2317919431444 0.237011854493402 0.237639450217616 0.244339450503193 0.245747844643516 0.248977892673168 0.241301395395534 0.227370882831261 0.217753547171648 0.208311935205185
0.247267939609343 0.241210154989068 0.239547407502942 0.235979263845271 0.235596451707718 0.227919587320185 0.233342988063721 0.231121520050432 0.224065779748317 0.214113737293127 0.201950074232154 0.209015775289431 0.203654498324332 0.199838003760946 0.209411195544903 0.221438760930924 0.225812229680537 0.216458285641639 0.205239115016232 0.196927059848843 0.19931641094803 0.206791702095927 0.215310792060726 0.222758922343284 0.226547321670093 0.228065979688805 0.239147546716209 0.2482740143882 0.251602790421778 0.257490892056758 0.257928805659919 0.258499762319713 0.255184188186698 0.255008965206708 0.250450741309383 0.245333179061485 0.241115595912859 0.236228983514884 0.238569555850439 0.241563939693768 0.24764506173699 0.251457338499283 0.248918116540604 0.253533811416266 0.254339017565955 0.23428191159714 0.22504395616131 0.216058179320826 0.207129114583032
0.250549128564056 0.246905195386344 0.242378790223173 0.231753365478563 0.233961624894594 0.228422911254427 0.230253580035755 0.224562238697739 0.216649325783089 0.205082413182967 0.201357450550968 0.20223946484107 0.199333334146509 0.198286709604118 0.206008983232065 0.215918426875003 0.226775260040997 0.214302073254887 0.213403864650124 0.205724043123465 0.211712007299706 0.215157920941529 0.220081951076208 0.223972152174043 0.229470309622555 0.239520806763564 0.247152010493078 0.25189712709178 0.255555298914243 0.258452426271842 0.259889555984687 0.260158295828134 0.259483625081536 0.257087642335688 0.255085428651173 0.251226676413291 0.247314101249766 0.244879779646529 0.246235236499919 0.253741019745459 0.260894787826227 0.259235443742601 0.259667423812942 0.261641033923935 0.259811158022822 0.244513147967695 0.229554006985723 0.206115747309802 0.207101725278444
