Data/Derived/envs/PSI.asc
NCOLS 557 
NROWS 164 
XLLCORNER -67.31875 
YLLCORNER 17.86875 
CELLSIZE 0.00416666667 
NODATA_value -9999 
[rows 88 to 109 of 164, columns 49 to 97 of 557]
0.223348466608789 0.224802960005758 0.22752010562885 0.229055908267942 0.230307195421032 0.225471316395128 0.22502895468134 0.226643003949204 0.223867260005898 0.224772233856466 0.22868588185249 0.227187413528199 0.224940682817791 0.221802179552526 0.220877937969513 0.217441796623316 0.212159061466962 0.222132862569679 0.210201406994221 0.210408199318543 0.211033111341339 0.2157816400711 0.201586140252784 0.20446950400588 0.198841001204229 0.202160237935048 0.199024381597738 0.195635819711489 0.194490386004293 0.194335482005563 0.195668068115722 0.194314008795372 0.193304467560693 0.193235948030556 0.193441580052799 0.193361480216042 0.192841150869566 0.190342644059228 0.18688775515469 0.183457610350505 0.181058062272948 0.177619057268131 0.17542405739496 0.173992026045407 0.172636388845425 0.171776137541612 0.171898559282421 0.173415685908879 0.175818975710672
0.220611414834062 0.209425395924923 0.212064308446528 0.224859124132547 0.228781106914219 0.225041028741802 0.225312282658165 0.225918641146182 0.225648176030661 0.225240656724941 0.230176334723892 0.229596758377943 0.227296357050266 0.2254858213843 0.223333856407036 0.22316804489678 0.213914302754588 0.215778177543087 0.211411841789701 0.205197107355375 0.20510273570314 0.204490855028393 0.201186664103475 0.210088367413436 0.206954570701101 0.193528056922186 0.194929745698138 0.193382099196972 0.19389221320878 0.193193373608551 0.193447986041535 0.193766082736674 0.192748412739724 0.192646468430101 0.192919291057788 0.193277285856302 0.192258149237332 0.189893854653159 0.186059686369056 0.183801261158155 0.181121249337344 0.179464702024307 0.17437047452155 0.172693037383421 0.17095735834986 0.171480872098922 0.173383914691652 0.175290475624063 0.17558083321105
0.213788027593121 0.196466295379085 0.205488905512891 0.213558271846003 0.222483846303189 0.227503117177997 0.227213833068731 0.227809536264367 0.225340948403708 0.231397940541133 0.231792047858961 0.228979288450959 0.227940160218629 0.225718422535328 0.223341658424798 0.220232739291555 0.222700426209352 0.212397809728875 0.219929575461793 0.202867409720667 0.202749897661248 0.201810267278799 0.205158469584729 0.203747133461434 0.187273435984327 0.193044404536024 0.193597228647198 0.192054869602429 0.191714778867399 0.191545821365773 0.191651507270023 0.192241309647797 0.191751074276045 0.19214103156142 0.192268843125074 0.191937502897378 0.190865913934371 0.187720280194563 0.184061165521102 0.181154984239647 0.17901595662322 0.176887939758308 0.175451374708563 0.173527130679978 0.17130810709059 0.171152619894546 0.173315928818514 0.173635282975225 0.177220248213703
0.206026115193321 0.193190273308768 0.189803111353764 0.200962235230584 0.207986730355573 0.22199513655588 0.222529340045304 0.219790851214374 0.21530483144575 0.222942579334275 0.231895614185212 0.231468770450229 0.226250141848633 0.223580649133166 0.219965815221069 0.216185891471206 0.212671495091364 0.214485967296794 0.211961416095553 0.21615035118596 0.194155522486372 0.197962095141575 0.199678058215999 0.189589331022273 0.191151392804068 0.191089418966835 0.189649529554197 0.189725380330101 0.188802997767478 0.189358196428092 0.190434204501322 0.190343579203949 0.191159623817258 0.189479533290409 0.191101494848705 0.189954654770268 0.188055057196545 0.184371694336119 0.181161796939175 0.17849349278909 0.176298501579515 0.174358643623681 0.173502028137425 0.172766419169328 0.170761980397205 0.171797457978405 0.172167678265178 0.173068176692558 0.176894278215319
0.202869905438134 0.19494142247486 0.189114396521275 0.194347612680282 0.201090632312228 0.213570615847432 0.207308488385371 0.203283723347939 0.210295965099687 0.218526760614118 0.22494342597547 0.226210260881821 0.224384202082582 0.221540800866077 0.215774843038955 0.220677976863707 0.213656919964235 0.212549318621576 0.211251697197543 0.205675127365594 0.203393201413288 0.196520327859609 0.201039301671599 0.183219967375429 0.189181652908154 0.186732992999468 0.186493231147804 0.184859780838474 0.184635160911598 0.184073969294049 0.186125247902025 0.185213744649133 0.184904052278704 0.184600903458746 0.183131589946732 0.18360696492276 0.182050151448353 0.180166438818342 0.178074955044716 0.176231626331391 0.174679504603916 0.171710453678893 0.171158217425897 0.17033411983234 0.170225655040953 0.170080465405085 0.173984406376135 0.173734207853812 0.177289985713776
0.202358195911288 0.193399425847823 0.19669357974164 0.201350341698478 0.201500836400804 0.20238593914419 0.201712893208415 0.194423799207399 0.207182627847556 0.215376490601566 0.219643215385031 0.21791829970076 0.216784238832511 0.213988467657045 0.211231062933777 0.210327626530347 0.212194024343513 0.208580018027788 0.214499859492626 0.208035395725157 0.197972215218611 0.190781613406512 0.193286053317046 0.192739424544721 0.187117505747988 0.183447778710053 0.181744934750066 0.179152323497178 0.178432333345666 0.175951761375543 0.176698263506631 0.172107860728406 0.171174333721351 0.171765055275813 0.173469603242414 0.173527824583685 0.17470018382546 0.174111238203416 0.173393369289076 0.172728618424746 0.171789113052128 0.170505140261741 0.169105102217124 0.169252874544096 0.167460797052536 0.170936113210683 0.171721731657059 0.174910532239214 0.178355356778689
0.201622821953465 0.191608043989592 0.19508711405515 0.200639170397078 0.201689500755462 0.19859391226144 0.192651417128455 0.196625686198057 0.204856794214928 0.208212195867929 0.210536762560987 0.217229438195591 0.214329292113432 0.21103504539884 0.20747643055232 0.204231413764373 0.207816726216518 0.203545645537278 0.212632945750313 0.207856368001718 0.209331837466585 0.189549710752104 0.189954742286434 0.189783371859362 0.184321131358306 0.181132895889004 0.177053834258483 0.173746743826141 0.168708536333371 0.16509089158983 0.162659148117461 0.161809288936604 0.161982175671197 0.163628649095001 0.165288563013601 0.165995562301121 0.16757303396158 0.167730068565772 0.167866293594415 0.16822833198626 0.168382321399974 0.168021187140316 0.168190463742786 0.168289061892799 0.170185535597131 0.169522803355065 0.171735993936331 0.174575470236332 0.178515140314523
0.200022423845456 0.193656862610556 0.1943999570226 0.201087002978879 0.195171583836481 0.194160202421458 0.193522297159044 0.196514659518716 0.200990738464133 0.20146494637431 0.205793311225595 0.205266139077098 0.206283887678747 0.209317618192589 0.206112697468826 0.204534235527941 0.199946789869267 0.196655718929421 0.19746900579868 0.20522572663695 0.219436600040191 0.225121055691747 0.194526088695265 0.190750826643245 0.184884624168529 0.181440005008809 0.174815275691713 0.175313155817129 0.163514950357019 0.161471835632352 0.157478707044923 0.157085956232056 0.157990987742106 0.15766556514143 0.159889869107534 0.16102236578618 0.161482798455167 0.162223051171456 0.163304678855626 0.164260262408701 0.165664661402746 0.16617402144462 0.16576190387504 0.168245902487568 0.169088962018741 0.172798885517422 0.170494307680055 0.173622020020458 0.178596274196212
0.196621215865763 0.19819532413247 0.194914639460787 0.196589690810748 0.198243436010802 0.193429439531181 0.196793803577645 0.192725407548083 0.192932803448463 0.196593942390946 0.196510988264451 0.195932286823063 0.200284225017513 0.201633210208378 0.198097187035933 0.203199547776026 0.200851796011364 0.1962672974077 0.191997666057556 0.194109972768482 0.193989425040883 0.194523691350345 0.195942938324276 0.217778716907807 0.195780091402264 0.182043346409167 0.178164767109607 0.17030387945513 0.165888097574429 0.160034493278809 0.157626046423753 0.155462552777022 0.155452289287477 0.156039212119713 0.156393888657294 0.157052113529537 0.15833293076439 0.159152258707468 0.160691072039611 0.164392334594862 0.164114352141412 0.167557535727966 0.168057156236796 0.166758999017289 0.170166893968313 0.165051816006873 0.165845867993572 0.170935159230463 0.18232011912389
0.200783693246947 0.195245967213491 0.193713880054544 0.197255878224508 0.193159144386769 0.190562067301798 0.189281936115954 0.18858050034254 0.186573165585218 0.190712653736843 0.195645267695231 0.191056653642245 0.187494609766732 0.196439992607095 0.191249487804114 0.198436883910645 0.202467741789274 0.195372176008606 0.192293462156725 0.189863365075555 0.192247659729114 0.191713676533723 0.19449825896037 0.196863761390359 0.194339076157175 0.201388525851403 0.185278683764039 0.172762404548978 0.168498254120873 0.164334073011371 0.159533708321564 0.158524883957292 0.15686990198772 0.155617386671671 0.155974658309949 0.157491974691962 0.157991286625965 0.159452464621984 0.160488814861692 0.162870111558754 0.162418554908952 0.172272247447432 0.165199917510594 0.159653393897953 0.165886196956037 0.16742115518362 0.164169519114508 0.168512467327247 0.171864159698969
0.201336439718895 0.197598556718265 0.196708013677185 0.198712203341167 0.192879144340249 0.191750700805488 0.193721859359196 0.200420458479986 0.187962005756557 0.19097967832885 0.180424729877348 0.196906787516215 0.186773917739635 0.189807366294025 0.190464495052049 0.193351951044871 0.195196076385815 0.201470890249921 0.199566236948894 0.192337856569041 0.189672792379715 0.188442386472216 0.187139303643434 0.18716821373246 0.192703809780067 0.194509044581548 0.195306934750029 0.195025017706298 0.169869964126414 0.166010646025294 0.165280464688331 0.162474020680983 0.161114016529541 0.160624398691518 0.159459535630655 0.160242448945601 0.161370012715555 0.161742874257131 0.163303921529736 0.165593972890001 0.166805242122234 0.164523255725412 0.168920665769691 0.169114067748379 0.16872702241491 0.168641411136489 0.171757250343632 0.172092228890676 0.174332278848778
0.203910413623807 0.200001867665502 0.198860242227211 0.201119137851014 0.19626024100833 0.192222434131723 0.192430211984621 0.189788010928487 0.188910314355168 0.182167543606699 0.192181122621507 0.183528929664913 0.186488872278866 0.188758687115753 0.186163729256514 0.191234627837685 0.193519934970644 0.196450258093788 0.197653917050531 0.190721734455418 0.190936307318205 0.188410388436368 0.187178428789504 0.184214017244084 0.186084468926422 0.183433409617956 0.184812195674183 0.190677601493252 0.1899607549402 0.183237995747098 0.175155463489405 0.172110496641005 0.168707828658156 0.166534573965481 0.164559081229221 0.16859735431228 0.168187884658763 0.166329363104033 0.167643346325032 0.168804418686072 0.168018263757245 0.191518258902588 0.174953927745071 0.174299956351113 0.171892303040184 0.170704283258232 0.171816369149487 0.165901288111827 0.163616602572196
0.205371620603229 0.202378829981331 0.200392008696174 0.198504103827706 0.195952154856697 0.194689184024702 0.193815379249904 0.191370330016568 0.189768946162695 0.189547592032259 0.192934286769255 0.18812997975457 0.185470577102365 0.187284904928429 0.182905255143161 0.186097052264466 0.186929684598799 0.197350860573092 0.194116393028013 0.189332369328725 0.191629662150275 0.191150483729554 0.187654569988814 0.18747530869084 0.184466908708526 0.184840348334078 0.1845408489878 0.18349617474913 0.18810143400273 0.18592213285611 0.180216009845268 0.179972693048217 0.176847207101187 0.176110040849576 0.177763173901035 0.175671288924223 0.173665508298595 0.172390965163695 0.172427908461269 0.170427070435946 0.19022346419149 0.186170926161467 0.18499918013432 0.184352235912178 0.189197002029381 0.169796331481781 0.164258129247779 0.171776249712077 0.176297342897019
0.206394460420939 0.20466584449175 0.202751541325537 0.200062185489624 0.198341980704954 0.196129637880421 0.195213137213283 0.19257264853542 0.194658216140312 0.18991929847793 0.188905096905147 0.187911858353254 0.191215338348023 0.188132696275064 0.189526547862674 0.189801257186462 0.188500063835128 0.192613515468939 0.189118421411416 0.189994954138807 0.190556565717796 0.192598840617602 0.192806404215967 0.187923215764449 0.184588157926807 0.179055659052127 0.188793268328399 0.180521880702377 0.185062638704778 0.181881296571033 0.181995021717214 0.182134176248911 0.181036680003117 0.178025897833109 0.183441135250633 0.182560641969021 0.181254760423572 0.182978437714844 0.184487235195582 0.189470283031467 0.189115767663558 0.185637674745644 0.180721615672466 0.180874720218682 0.18119410968143 0.184659286062893 0.186875898811473 0.177605098761081 0.188189397133308
0.207072410060889 0.206004363053368 0.204775401300584 0.202405764226878 0.200629769358354 0.198734225752057 0.196319189506927 0.19406603350798 0.191691603847106 0.193374332731833 0.189376572825612 0.188414546838689 0.189518490364384 0.182280329094087 0.187357110368391 0.184098309831884 0.18618367310127 0.192499190112443 0.188739567575354 0.190620979958157 0.193567255552641 0.192773931023862 0.197204238336681 0.192191199772578 0.204959481437562 0.193543369528609 0.187368189552396 0.186105659614158 0.185375972504048 0.175649362894358 0.17792008662369 0.183682913993324 0.177205080044815 0.179446951659777 0.180675592614551 0.181474268345957 0.181307817861306 0.179471383045274 0.181318423123551 0.182694299417971 0.184698251198869 0.181888721899408 0.180760637030235 0.180499895748158 0.179530945851768 0.181357434849428 0.178249068501204 0.178864514922047 0.184181897266074
0.207941980860302 0.207670057427823 0.20706111378294 0.206655031433795 0.200915317450483 0.198159647679516 0.196113311079598 0.194605954970979 0.192609363124649 0.191026265882503 0.1897873960597 0.188337441747223 0.187588440134929 0.187221499741049 0.18909465270807 0.192081099242685 0.187676600602046 0.1926800334859 0.193296798593989 0.193024087166825 0.196080750976613 0.198456040326045 0.200007020241508 0.200674447521581 0.202767598980107 0.200115704768169 0.201795425439679 0.196724031152863 0.194200331781406 0.189614278201465 0.190286722605937 0.191429220643483 0.193553974597821 0.196700327170048 0.193507709774777 0.181255397431867 0.180851956044859 0.18065749597341 0.175822835313186 0.181290544105909 0.185414911128014 0.180261702553185 0.181232659127675 0.183309762510954 0.183556868440134 0.180869176634179 0.178794597508158 0.179064960251191 0.180396437308781
0.206999335747752 0.207650291253438 0.207053729685248 0.205825536688829 0.201290199159823 0.198855542804674 0.194692154818036 0.194623053556567 0.19182380575855 0.190723239923912 0.18927485501869 0.187521329766116 0.186805563883397 0.187539436375828 0.188869328378689 0.191694325859636 0.188146991979726 0.194209560600038 0.195676490408047 0.197579334671805 0.200105951690864 0.200584835283228 0.20638864174591 0.207605314348082 0.208796859843037 0.211228721152443 0.205735307497713 0.206603668520921 0.207301626872468 0.203841672388532 0.205442819062754 0.205164735339342 0.206160486303545 0.204252508691936 0.198969392192904 0.197902825423335 0.193869871406063 0.186236763852289 0.177568445148431 0.181848012439747 0.189103416506235 0.18750869396176 0.186076217223374 0.187681425085571 0.187315176682287 0.180814844173612 0.185317664148379 0.184520470811827 0.184153115024877
0.20652750557159 0.207664294966966 0.206406309608822 0.204429932692632 0.201689108519609 0.197425192663254 0.195165558908721 0.192672030008828 0.191144967270486 0.18959334017435 0.187981919876663 0.186963134136515 0.188338128456073 0.187139699384905 0.190022891591688 0.192879219075903 0.192827232499674 0.194284539940843 0.195556387148676 0.198454987488062 0.202569704289901 0.205277522767004 0.204354253589328 0.211490373038493 0.214920883328109 0.215791129487228 0.219927652717002 0.215325358708321 0.218352890827883 0.221465461057511 0.221918700166367 0.222806794736694 0.22192181698983 0.220093346292924 0.215359039834253 0.207120394857535 0.203238610792938 0.197450376546377 0.193206989997076 0.187933093995808 0.189148156881542 0.19081375342775 0.188605117767442 0.192779365228845 0.199680885979416 0.192869238998381 0.191836575960958 0.188873006055089 0.183706344265072
0.207277107746723 0.204672258921577 0.204641732135971 0.202266212067196 0.199155974202336 0.195976404384114 0.192905436130908 0.191206087368257 0.18977782909654 0.188231198397379 0.187317712242945 0.1884580982937 0.191517936069213 0.185971163468614 0.189177311560468 0.187773082597684 0.18815027919113 0.192638377267223 0.194980979714315 0.197256941505053 0.202240636136791 0.205625373976533 0.208914933878329 0.212039260316914 0.217975035313572 0.219006277489489 0.219336743465612 0.226433639346973 0.229890992179893 0.229690986644635 0.234110745720269 0.237424738699184 0.237264526443677 0.236545629401629 0.230781708999794 0.22610013196085 0.217839134230092 0.20889372802428 0.201257147801536 0.196218417656103 0.198090954650413 0.198294516791392 0.195428850303257 0.197335056304314 0.199939055199469 0.203047602143553 0.202508399629087 0.197136196633564 0.198933157124134
0.204460506733654 0.200695236931542 0.199343284835333 0.196072399104272 0.194670467570775 0.191635337567683 0.190610018806306 0.188936803936405 0.18729082279375 0.187779046160604 0.189301210157176 0.188144603732221 0.186328848836933 0.188023468513586 0.189408649955897 0.186876407608846 0.186528442509759 0.188709557318917 0.19079277274795 0.198553932037529 0.202859586758981 0.206426246754456 0.21069412333816 0.214984820212006 0.2230414019464 0.229489867348915 0.237790468675256 0.237784600835037 0.236934634724435 0.237199261321787 0.242275913140989 0.248935608519236 0.25284072336605 0.249383518284609 0.243715734452046 0.239175079980843 0.230527951914791 0.221276017615832 0.209322605033385 0.203137184276143 0.201627435874193 0.203030721238976 0.201071457960369 0.198102649449076 0.201349296119634 0.205533483222855 0.203678264313382 0.20451420727055 0.201845821362817
0.200349274173654 0.19459523623245 0.191245706351832 0.188239750602019 0.188635848662926 0.187629194994888 0.186090227311584 0.187171667649481 0.186960136599142 0.187878437504678 0.184572464181182 0.189369749253681 0.184956241682348 0.184885525813907 0.186383472543406 0.185442303692032 0.186506971103177 0.18785952450654 0.190440742733023 0.191692268795089 0.199798231209231 0.206423902570727 0.212940959835134 0.21821714266163 0.223278019373743 0.23547497201026 0.239660404854165 0.245099177622689 0.252602926597761 0.253727449190164 0.254702622430865 0.257459445165182 0.261130506067764 0.261032251759392 0.261074693614566 0.251328034400195 0.236831857038212 0.232119835181295 0.216371592196051 0.207527693269204 0.207300014646884 0.203637405994044 0.202431726145142 0.200076787134544 0.201636679650419 0.203400976180527 0.203519723241621 0.20060810458866 0.201325981388325
0.191570406174097 0.185226748206225 0.181872946080634 0.179410561159596 0.180546141602044 0.182080755654348 0.181084119984701 0.184676275672352 0.185013440830596 0.184861462304501 0.184972087960694 0.183448012960613 0.182174800683511 0.183701715540793 0.184538417963639 0.184508103090117 0.185333638905079 0.186905006291928 0.188994448624655 0.192484565459061 0.197327838999795 0.203632188254429 0.210992041815537 0.217938052990907 0.225149133489895 0.233089030595312 0.240303658667977 0.246052090158072 0.250283555040682 0.255418991656951 0.257721198768683 0.259292810482944 0.260936269931863 0.262007881888787 0.264137375364467 0.265216205063164 0.275820322475735 0.245247807580767 0.230160999254414 0.22107844982776 0.219052496308727 0.216910601715082 0.204539888946936 0.20108416797195 0.199814969349177 0.201252515759378 0.201107472581225 0.203643926537192 0.200485353427496
