Data/Derived/envs/PSI.asc
NCOLS 557 
NROWS 164 
XLLCORNER -67.31875 
YLLCORNER 17.86875 
CELLSIZE 0.00416666667 
NODATA_value -9999 
[rows 44 to 65 of 164, columns 49 to 97 of 557]
0.210613563424677 0.20547823168969 0.208612300324321 0.211856986059553 0.207378991224291 0.212161182730485 0.209305416095185 0.208773214333144 0.211577020521968 0.211536389452185 0.208704501141564 0.208883218490261 0.2079719162915 0.210329748326139 0.20961453861983 0.209475064915783 0.212850209640798 0.213099857678252 0.205011788545208 0.210683458343331 0.210893898349306 0.209802674360747 0.208181623420655 0.206329060139002 0.205598190803456 0.205113454519566 0.204723154173173 0.204584280536709 0.203499852958801 0.202065467559588 0.198424573898762 0.194747169255415 0.185091638127708 0.181462272863127 0.172393109355134 0.158712579652965 0.152504870294771 0.151644446020306 0.137852259576439 0.130217574302136 0.131357887326226 0.116062018675477 0.110487862305241 0.104726142256367 0.0981473528867608 0.0980630744018277 0.0991304128287426 0.100040383775729 0.101559572809669
0.209548928177993 0.211446722754316 0.214818287910877 0.207303420388289 0.212643719945343 0.211315756436805 0.213092740289356 0.21187506631678 0.212036345947776 0.212963564400537 0.213338031121858 0.217131158245845 0.21701614375564 0.21677104557557 0.217757008989058 0.21882435924942 0.211068540766869 0.215809880796628 0.208911523225546 0.21031177269652 0.210685474819185 0.209476950908996 0.211381634829029 0.211284378611194 0.207160461617076 0.206562020667683 0.2056380384683 0.204956309807323 0.204001165793999 0.204135097822674 0.20033162946707 0.193600572307854 0.188254745062428 0.171516788787408 0.16454627801314 0.163068174903243 0.143707700230347 0.150108758352078 0.130806614377962 0.135386751674363 0.121799913746923 0.125779391783561 0.113214348078441 0.110985880343553 0.103538786173501 0.0999835845088065 0.0997625201384061 0.0997552332850153 0.10099220756721
0.208640581172749 0.212083631265695 0.209449615872793 0.213062289979686 0.213223300790148 0.21359549367867 0.211786192515405 0.218342597238313 0.213602595948872 0.214475330647823 0.214821875896336 0.215103445675562 0.214775638932434 0.214992532702724 0.21520974280953 0.215478877671157 0.212371647256647 0.22005655388678 0.212184827120635 0.212861828412179 0.211692621244056 0.209407915990528 0.211207469711189 0.211618446089747 0.209839696276348 0.206479800824362 0.205221994543268 0.205948812537818 0.20548754136414 0.206484947099564 0.201593879949796 0.196499574527432 0.186210812254505 0.181822689000438 0.1710773293204 0.154542598920624 0.155287621084631 0.140207140645277 0.135917419326185 0.126336933369427 0.131773105314318 0.120833972552459 0.114980901254438 0.107356572913059 0.106061576425744 0.1010090212906 0.101430761047992 0.102381796668783 0.102341901672385
0.209896369676734 0.208134709295032 0.211565225820823 0.212113972280994 0.212593695384414 0.212794458133482 0.212764812318784 0.213046361165176 0.213402001074745 0.213792825255633 0.21420122363168 0.214690685247636 0.215138623401823 0.215481754851792 0.215813568762796 0.216013392745959 0.216172788849333 0.209998539905282 0.216332821283287 0.2115224602655 0.213119992683053 0.211098446012576 0.21004370659806 0.208789361393328 0.211207669547098 0.210835774563892 0.215315113571862 0.205543325090307 0.206050383984466 0.205130190285948 0.204235928664403 0.196567001038633 0.190165234509213 0.181218225524649 0.171617850018003 0.162374252118437 0.150351850859673 0.151248394493771 0.133533082284273 0.134333038827846 0.129829989953041 0.131881603985472 0.116470753840153 0.117022866768265 0.115390953130536 0.102656655200231 0.101551862851262 0.103919032731561 0.103923432129996
0.208145924700668 0.209572957447094 0.210685882933643 0.211309063950689 0.211725191962131 0.21190703741436 0.212336487042482 0.211846467653363 0.212339624952817 0.212585292477347 0.212716596946018 0.212940199888121 0.21347075647664 0.213990107994694 0.2144098882999 0.214061767149912 0.21398523159554 0.21403030423462 0.209464654917267 0.211657727539444 0.204435276779373 0.212442827102343 0.21478753119483 0.211868088013735 0.210440402074199 0.21220296989976 0.209693405748913 0.211921196700347 0.209280241197515 0.207041538845487 0.204847620947634 0.199608859660743 0.191331965543465 0.182110727994037 0.174971484113638 0.167837657322938 0.153250563178519 0.143144814989706 0.139054004655616 0.133200071644538 0.130926617909916 0.125154602860632 0.119057363866212 0.115859647608993 0.114336326567156 0.1106662287126 0.107958054652252 0.105941860966996 0.105685938395073
0.208871118857554 0.209527042853617 0.209954606491986 0.210472660449206 0.210971518771379 0.211116091811004 0.21107272978723 0.211443308296638 0.209639316476616 0.211186145377794 0.212172869386305 0.211767390702014 0.212108828639716 0.212595665711534 0.213330708484226 0.21722095065801 0.216597324213411 0.216805544872528 0.214595081047144 0.209239690451037 0.21268139759272 0.210027108116335 0.208135560972607 0.210750871600208 0.211030667558766 0.210806375795193 0.211923677706527 0.209144250046314 0.209198751120332 0.207421597127503 0.205626175455328 0.204134591202773 0.202838589967447 0.20607154128317 0.174133245372782 0.173116547032823 0.16262155749242 0.154997235252931 0.137973088972461 0.136796724584142 0.130266130853362 0.130212821495625 0.124288692489683 0.120809006568117 0.118695287821014 0.111374608346896 0.111728734137907 0.107106774650038 0.108056710888317
0.208763760203847 0.209102417585715 0.209535274987401 0.209685713300642 0.209854632400486 0.209860650210573 0.209745352244937 0.209936037342612 0.211066614048088 0.209590284615011 0.209599421295004 0.210410205896701 0.210392903343822 0.210498567530974 0.210499903737047 0.209593493974685 0.206819426729626 0.210284017740122 0.208367809009106 0.210267678646043 0.213202313626718 0.210882688548664 0.210701731516335 0.210993878302693 0.211140833969781 0.210723806479164 0.209200903591003 0.20977366628838 0.207349013181402 0.207728562348487 0.208072039257619 0.206499128959955 0.205551611798524 0.204612100985814 0.201506483170503 0.204407994126115 0.188095935208429 0.171284436972145 0.161462062499187 0.138633859983122 0.143648748622111 0.13557890136469 0.139825341046661 0.13789381378928 0.121069609033874 0.114405915890444 0.11723485254861 0.11518531649603 0.111391476022297
0.207809322908021 0.207992772318235 0.208190821496635 0.208068763223217 0.20817404498355 0.208152141722898 0.208535816885842 0.208520611778203 0.208526981116457 0.209070926453794 0.208290855826836 0.20891354040993 0.208815632502026 0.208107571987066 0.207430186446472 0.210698962105684 0.211865083155992 0.20748850174923 0.207090897375904 0.211827564132217 0.20915678162256 0.210657566989285 0.210041378385101 0.20989670650048 0.210599785183274 0.21073934902007 0.209197193728942 0.208230093312038 0.208459456252873 0.206526884366955 0.209162425634579 0.208945742329282 0.20712731581528 0.205882642501847 0.206460697014332 0.199810012372152 0.197998795092259 0.190680915015125 0.173766860000328 0.172054858392843 0.15799094148784 0.145682377061835 0.144421386105737 0.146828368014808 0.143057462898344 0.130845044495205 0.129749738966966 0.125348704877082 0.114964293382586
0.207996604465541 0.207733081685399 0.207685509640079 0.207863112125332 0.207830685752971 0.207429346346004 0.207276219325656 0.207380411639128 0.206960529311139 0.207485679841297 0.207217468309425 0.207281640685036 0.205574169394116 0.208532668550083 0.208465371345993 0.208495207765219 0.207139230823665 0.21152301067783 0.209699777044577 0.208870245326097 0.20943765381369 0.208415167713612 0.208668843907049 0.208893700742147 0.209476613510744 0.209664350042936 0.209051822638801 0.208303316185721 0.208259689643013 0.209871424418158 0.209184018109336 0.2100036574534 0.208460876955123 0.200783011663114 0.206277223768844 0.206053247227939 0.201350649279608 0.197793902601694 0.18856365796062 0.172218910175658 0.169068130759548 0.165189271034269 0.161279978592219 0.161427269971069 0.149958561867436 0.139535516108632 0.144496548965218 0.136315068316814 0.129077286154754
0.206771608716167 0.205821642008278 0.205954530867566 0.205826051333127 0.20565027329348 0.206037564404538 0.206773911763555 0.206370915310238 0.206676037113047 0.206038809418869 0.206174605693573 0.205757602888967 0.207444360594982 0.206575020576414 0.207096930535696 0.206973360121804 0.208802204636076 0.207956659626323 0.207981563527217 0.207711463216116 0.207582924207414 0.207545963536395 0.207721597861182 0.207872575030862 0.20824997835249 0.208609410686657 0.208970360657506 0.207252004412052 0.208406813272636 0.207641129330796 0.208519376513993 0.20981833568805 0.209416857122781 0.208635651070542 0.200356002295127 0.205099264135823 0.206372727408241 0.197546536694758 0.196979840575722 0.190589874283851 0.182445709290074 0.169780354447646 0.167830380378584 0.162046854174484 0.160436569920367 0.153133121055348 0.160916353674182 0.148877581258469 0.134158403783051
0.207073456455298 0.207940623929012 0.205886426856662 0.206158313584167 0.204987170206911 0.202966414235244 0.204356303154636 0.204906965104991 0.204774949619199 0.206510399339811 0.205470990940174 0.205074091390606 0.205272456603823 0.205616825461712 0.205931993242136 0.206442479682463 0.206599431684878 0.206976085196541 0.207030615589997 0.206754847503108 0.20625630761563 0.206313255667057 0.2063032475548 0.206493134526483 0.206583217033282 0.206852443463581 0.206980725520884 0.207055590353635 0.206321188940013 0.20718385848352 0.207990012273396 0.207800279322146 0.208314556345985 0.207302756230504 0.205705064537693 0.205233372918031 0.204593883540788 0.202976778352219 0.201289764583094 0.199921796980325 0.18659536556237 0.179986367670434 0.172956656874839 0.172212909863738 0.167543889173383 0.164820420228055 0.163401136105948 0.162890101966327 0.149393150569901
0.208441875874786 0.204185035560505 0.201997350359067 0.205978203442385 0.206548487036453 0.205007435319675 0.20122378872686 0.203330720350803 0.203291866679576 0.193452823645405 0.203767296249217 0.203437695931994 0.203694677987165 0.204512719848801 0.204603867384556 0.204935076074072 0.205877847959378 0.206359525612379 0.20628216406178 0.206296679076948 0.205888069839517 0.205617691199893 0.205789911101809 0.205753706190162 0.205870698408146 0.205969798716373 0.206092836989622 0.206092599395241 0.205936693188533 0.205937471877472 0.205853213910135 0.206483453472607 0.206382872786769 0.205808084369176 0.205192231311284 0.204988330299419 0.205039385324278 0.205530042780233 0.202618974850429 0.19960917895348 0.195312929418351 0.177606127577977 0.183891928022413 0.171388359677902 0.172549327111932 0.17092907877169 0.167072385379393 0.163965520607871 0.1614171284521
0.20340055902492 0.205047058511759 0.20194280805798 0.201126662653317 0.19899433120791 0.201098261211981 0.207388527001387 0.204563309449605 0.204283600838648 0.203155363563813 0.203011267154343 0.19983854319643 0.199375797693143 0.203458097852121 0.202441551341654 0.203363120449602 0.205028397314923 0.205506428980714 0.205802619967366 0.205570307047316 0.205416310871697 0.205281837044898 0.205440298345063 0.205583770546126 0.205620476380186 0.205695250259543 0.205674410006731 0.205739779502946 0.205763245251273 0.205624069705923 0.205493693471851 0.205724046251969 0.205703533696118 0.205296696245842 0.204981073568936 0.205091102327915 0.205188477362825 0.205098905942207 0.205472240051 0.201547312780524 0.203291018039497 0.18776344690095 0.197976235916579 0.181039444116617 0.180134206671165 0.172119175859655 0.170116952543434 0.17203331036285 0.170829854072446
0.210392257627618 0.205711965489159 0.2085124787419 0.201598517805115 0.201524686320467 0.196913069797077 0.206032556250055 0.201401258466275 0.205241100334316 0.20043443869535 0.203802375679863 0.1955526024844 0.204307930405731 0.201651308291931 0.203184246040507 0.205087027662315 0.205323475655641 0.20543650580129 0.204999601715365 0.205056259693747 0.205023750536378 0.20505869495231 0.205323040445302 0.205463364892015 0.205473634471615 0.205251798500868 0.205252958452427 0.205520181541447 0.20556740221375 0.205424214021431 0.205001766959411 0.205411524832483 0.205611203548277 0.205294091618428 0.205168604151374 0.205149996813179 0.205175263400219 0.205227035835838 0.204832094574743 0.204899690761211 0.201754475434737 0.201693730549834 0.197238274612717 0.187514174188775 0.187901915327875 0.178492333637147 0.173436479390437 0.176625123430192 0.1724051291221
0.217809282075572 0.211174093288886 0.209432467860209 0.207081461746502 0.205987339232316 0.200954932948762 0.199406463888016 0.195146031009437 0.205362793838457 0.199881273380317 0.198945907321861 0.209834897239524 0.199127422779305 0.207914284164148 0.20171772000624 0.201402974874462 0.209575458573704 0.206144998420237 0.205018797201051 0.20206575763478 0.205805978011665 0.205538371367028 0.205424874809751 0.205498165349071 0.205221804237757 0.204622252223224 0.205027381503364 0.205082636606527 0.205567579686418 0.205196239601216 0.204915216414731 0.205046903263945 0.205509339329526 0.20524909433936 0.204939314262429 0.204881764483381 0.204948874317468 0.204914074629904 0.205234810641464 0.204367089080594 0.204945330275853 0.199758407583812 0.199060973786576 0.197461890905471 0.186997819584195 0.183398559526047 0.182737224892653 0.186094838927215 0.176875963643023
0.222869671800835 0.216865324265282 0.215633139314431 0.211455744391958 0.201695517577054 0.204738368469066 0.201896577682867 0.200919957221405 0.199900648825671 0.196539566099058 0.202153513505993 0.203287467192321 0.198804103253104 0.199943989169758 0.202819353046859 0.200433988785378 0.201275041977249 0.200860832403406 0.203567311434751 0.202806256568738 0.205742825517504 0.207244793933677 0.207594005222098 0.205313253491793 0.20503882961378 0.203662919458836 0.205191834158067 0.204897185629172 0.204909168562586 0.205061362732999 0.204757075203818 0.204956842419339 0.204832707614714 0.204791163050817 0.204468653026589 0.204962228255001 0.200413394544696 0.207098271903429 0.196870152321974 0.205228400082891 0.202591957483872 0.202022607371164 0.202051707254869 0.200951362080122 0.200476655592496 0.186154414546869 0.191476083507189 0.193573743364469 0.191185823633956
0.222176999042309 0.214875233380597 0.22078393678015 0.220461160079911 0.210923602891897 0.205623104682691 0.202720435991726 0.204026125537837 0.201792468457595 0.202170043235115 0.203133017089901 0.205436957488063 0.198252842453738 0.203671324026789 0.203933051669312 0.20327345082149 0.202564221830891 0.201727095577124 0.20604764562412 0.2018379430608 0.202195858577694 0.200061440723723 0.197643046052663 0.203071602826858 0.206581335959265 0.204732589474288 0.205466183753388 0.205248378701136 0.204065486308679 0.19738708853401 0.204603401988496 0.196105233740591 0.209738106126919 0.194980354240498 0.200423161873808 0.202337516854618 0.199387799030638 0.200059607634585 0.198267361597824 0.198181194578594 0.202003805912433 0.201117128329249 0.197542651499667 0.199804180977347 0.203207222425727 0.199091398011773 0.192036417297928 0.184565467096016 0.182699975339769
0.227473898738869 0.226970898028453 0.221363571152614 0.226530719083485 0.220127832542628 0.213468849732768 0.208026072724073 0.207981982427467 0.203151597179081 0.206850413899544 0.205884110592816 0.208221435356499 0.20369094269172 0.2057500380929 0.203791760715543 0.204360639584854 0.200988339514264 0.202942267756885 0.203204232755248 0.205899460271318 0.208438754423791 0.203385417282079 0.202000120311235 0.202668801347818 0.201712730991282 0.202201850024246 0.197313914031062 0.20414888877024 0.194537999350711 0.19470601880084 0.196586942611504 0.19924694901323 0.192982196059017 0.198989638998758 0.196549923064569 0.198619373049762 0.191414156842978 0.192508359319737 0.192052492023276 0.198806139761768 0.198259712520809 0.198328773559721 0.19991152932048 0.195982978373069 0.196078076721932 0.190495696777996 0.185367015437775 0.187384969465665 0.179681520198967
0.233286287811287 0.22873559311916 0.225713334839427 0.2325429595743 0.229706435644646 0.224611549282888 0.219371680975589 0.215617233295746 0.212336786687898 0.210983334832149 0.212239478379073 0.21258711367263 0.208657707546379 0.210363216557431 0.205800311523422 0.205184322617208 0.212502748328017 0.206331060604201 0.204338959167984 0.20369097152465 0.201940858678724 0.206712861968572 0.201551606563227 0.204369777483731 0.202317625028856 0.202958527870494 0.20172100467213 0.199973329454601 0.199819670937159 0.189519351564997 0.200210179055634 0.197767169453767 0.193395977300903 0.197123290766438 0.195201740763816 0.197171019411646 0.187327676515731 0.194194086077393 0.190235077725009 0.191180343057942 0.190107128042324 0.196459628283313 0.194437288178354 0.188923623342344 0.189109277258517 0.200028278124429 0.194776253620244 0.191420240524388 0.184761666155434
0.234973681222696 0.241280373053574 0.235101205691408 0.241955996616212 0.235580651181602 0.232533791137053 0.226471602365592 0.227872221730177 0.222153549964169 0.21876573591425 0.219925055815409 0.214336880605849 0.213589268134901 0.211794765858863 0.206699303596947 0.203610763957705 0.210988397248878 0.207112032070939 0.206518385697681 0.203329130945846 0.208555439828884 0.196090666776343 0.210247838763422 0.201776769355743 0.201803109903277 0.204825009398347 0.200494539687442 0.202542728971559 0.2016274006265 0.195117154628926 0.201592656734302 0.200083932512164 0.195381959242791 0.196436910782905 0.19561221657171 0.190958927940727 0.188881060050269 0.192369141332416 0.192248557522919 0.191652976816469 0.191181567556463 0.191337123377346 0.194390001829388 0.184039509927631 0.190064788312378 0.192492471249134 0.190555844826317 0.180361344628359 0.174089589652745
0.240306811336677 0.23710748793268 0.24013078319649 0.243368409367963 0.246004918515061 0.245179251209202 0.241643377170694 0.23557607061797 0.231363414596491 0.227786247609389 0.219497843845541 0.224080498483572 0.215204748812534 0.216887264606625 0.217099622968643 0.213675833838184 0.211018674257893 0.20273081366416 0.200531310219103 0.21087369186006 0.206770598977074 0.205346048754916 0.20472915186327 0.197735396980495 0.200233873219061 0.200931636133284 0.200200717097247 0.201694742181265 0.20081820202146 0.202287951946855 0.203123424887897 0.198640151469404 0.197330103336742 0.199686845242238 0.195639296154675 0.192248507833977 0.189973732127617 0.184974905708751 0.189910086421998 0.186398757018233 0.190433406555457 0.192377170512044 0.190313350088659 0.179294332145649 0.188455084706779 0.18657550408003 0.187191623122375 0.189624730991585 0.186840933770154
0.243373773348367 0.240043438042024 0.24143446423629 0.242829407611986 0.247460230974274 0.248031636895384 0.24630889596792 0.241960351182512 0.24012554328359 0.233919381621304 0.233974033066626 0.221106475276094 0.231663623640354 0.213512979026326 0.212915929776685 0.20819555179721 0.213488068903815 0.207427842856693 0.211622570693994 0.205257412663822 0.207173625687645 0.206259765551001 0.203701200579783 0.205714891216631 0.195667336825286 0.202643970006279 0.201465973415112 0.197834962672569 0.197256616566225 0.199941443454929 0.200840699725724 0.197668069860107 0.194189466144325 0.1943477342029 0.198571061320053 0.191160924641221 0.192084635917426 0.19317798909903 0.1931001432558 0.184208351030568 0.189666408217352 0.186950606816356 0.187857837509768 0.182300039554736 0.181107135820136 0.185028483757622 0.183175497044984 0.187950970058899 0.18619949734723
