Data/Derived/envs/PSI.asc
NCOLS 557 
NROWS 164 
XLLCORNER -67.31875 
YLLCORNER 17.86875 
CELLSIZE 0.00416666667 
NODATA_value -9999 
[rows 88 to 109 of 164, columns 294 to 342 of 557]
0.0564975690273783 0.0600650226374866 0.0634859943211932 0.075601224832318 0.067785304580817 0.072864434946514 0.058559394051846 0.0678079961483478 0.0723121763251178 0.0747826227453107 0.0778633508809446 0.0802588848440803 0.0827977362495251 0.0881263323502036 0.0788538620577118 0.0853336892692735 0.085609106505049 0.0823392159835034 0.0800983704442076 0.0854400634392532 0.0835868201120479 0.0907254965207123 0.091870263658684 0.0960979215373566 0.100253226615502 0.104527526860476 0.110107090483442 0.114102967353968 0.116733404397176 0.117962729683205 0.117816889434826 0.1171813060217 0.115666135367555 0.114022727540957 0.112527640928388 0.109887481305654 0.106860438182254 0.103905397947003 0.102249955384124 0.1010107143586 0.10020834682844 0.0996964988816717 0.0992162737871519 0.0989278682531084 0.0985845903542078 0.0979429035414775 0.0970913323794569 0.095791818641619 0.0949400667116647
0.0572065843242932 0.062444355262858 0.0580621444891718 0.0722299410148853 0.0854528075007512 0.0887246394674483 0.0788672098219017 0.0595590746681288 0.0722395595541363 0.0759680907614318 0.0782161944923426 0.0804630764869664 0.0823213413149528 0.0849689148597169 0.0895135019107466 0.0808402285284962 0.0860128927498199 0.0866680975335709 0.0799336290169064 0.0816769531089157 0.0795158392587572 0.0912564515059009 0.0953160507719241 0.097197294449789 0.100486925912405 0.106438568747732 0.109658315365948 0.1133550620565 0.115956571922506 0.116419334279501 0.117355199208436 0.114779287687998 0.113706084028803 0.111256746770771 0.108702464025733 0.105619878275292 0.102825402561745 0.100553009932245 0.0992537829914912 0.0988473033761563 0.0986696351631622 0.0985753997217411 0.0979790241438006 0.0980565029391143 0.0977471769994786 0.0972746850026413 0.096555895418023 0.0958542066941951 0.0945624138434454
0.059366115085785 0.0585387379359759 0.0630018826766713 0.0600797041337468 0.0639867861397459 0.0757627488012584 0.0749990225357092 0.100774705026945 0.0849771393663026 0.0820340257425559 0.0728709487110837 0.0769421683072092 0.0817151201260307 0.0818212979945507 0.0841235281688602 0.0841446726180477 0.0842585905986849 0.0859697219784917 0.0852620830506872 0.0861292233906533 0.0843301372851271 0.0754523176382463 0.0927525234417619 0.0955880860473965 0.0995963208693641 0.104015587811908 0.108293893607874 0.112000756134409 0.113782988409896 0.115821960805068 0.11568778929226 0.112519686501672 0.109696833356056 0.106999461729337 0.103885942940025 0.0988445371761322 0.0962945186159073 0.0947904267565787 0.0940081648014739 0.0941497829427147 0.0955889973312032 0.0965668360998814 0.0968918278148836 0.0965765411692035 0.0965804562568521 0.0961195178474497 0.0948933971228389 0.0944315121625386 0.0937683725295282
0.0531368789583849 0.0612073502157453 0.0597065142171591 0.0630994267857573 0.0624902638075514 0.0677052049322988 0.0732471279452418 0.0836552900650463 0.0859391968157512 0.0884034391330865 0.0913112197574419 0.0879338997583965 0.0887778905536054 0.0916890098318197 0.091655158741187 0.0755250412225161 0.0780649072249894 0.0864690565413374 0.0878947398542592 0.085954445489105 0.0818200172219101 0.0887949949884877 0.0892325662597556 0.0938678697153203 0.0973386626738363 0.100863834466756 0.104706778548325 0.10854527617249 0.11132234317475 0.112917460972403 0.112745037431297 0.108237276436412 0.105543224833803 0.102802849444465 0.0981179962122775 0.094959088319662 0.0920257380708923 0.0904389044575097 0.0898742590396841 0.0901990746125232 0.0914556622346214 0.092650438932303 0.0947303691242462 0.0952516246408485 0.0954976093039851 0.0948177360356522 0.0941175758319041 0.0932360640889359 0.0921082370894653
0.0547491059519105 0.0545999614558519 0.0591963394739654 0.0631563274927908 0.064370360848514 0.0665627538571406 0.0724038429301186 0.0673330494079674 0.0791114157961941 0.0769353963125628 0.0928591869499748 0.0979609433826255 0.0840919363198842 0.0869422588334548 0.0885826146895186 0.0981014019236336 0.0830494421323909 0.0756763588631834 0.0832782198741087 0.0901269670178532 0.0866731034680369 0.084556683795378 0.0925079486296346 0.0902241090284466 0.0951593472959568 0.0976920036889574 0.101028714616285 0.103803760072721 0.106172216829587 0.107872599101607 0.107792397526136 0.104180200127938 0.101091862707246 0.0981151386250987 0.0946286765711259 0.0913644084732254 0.0892191869766804 0.0872778909207776 0.0864476614170216 0.0869751730383152 0.0877318485204132 0.0898639906397968 0.0912937473139426 0.0929520952922594 0.0932934401399747 0.0929749889591226 0.0922534619359261 0.0913706484077824 0.090173239063707
0.0575046088331602 0.0580542519439501 0.0594169717147348 0.0629056765137919 0.0650369645428715 0.0684910096921242 0.0713073606968539 0.0752215148228449 0.0812065077975332 0.0755896392978421 0.0807422159884288 0.0827430163152227 0.0858783497649004 0.0852618470371335 0.0824472526894218 0.0933640539258498 0.0884019928058921 0.0915692826766797 0.0806213522120456 0.082108091454523 0.0854675398061755 0.0825862403202345 0.0863532617036637 0.0949485434355491 0.0893265009241198 0.094956387091399 0.0974049489632385 0.0996262636909711 0.101319631012522 0.102320489233096 0.103045487669362 0.100800758438446 0.097987605281994 0.0952254408132251 0.0920973015300297 0.0899737354133449 0.0877527711544024 0.0854584130942282 0.0850568229325571 0.084198715514484 0.0852224687007746 0.086676179243457 0.0882519948616492 0.0903826446548057 0.0910336796568521 0.0907956482460855 0.0900033965121725 0.0884701017244032 0.0883770375367844
0.0607609283307722 0.063005825506736 0.0642124078355391 0.0659658253637617 0.0685709249238859 0.071845056222668 0.0752160688215011 0.0796277736296512 0.0842942215517548 0.0868068704100736 0.0873037375492421 0.0874465442791013 0.0863321921572172 0.0852695454360909 0.0823237005448289 0.0991152112030052 0.087886304606476 0.0840635234157791 0.0752146007469345 0.0815868248646667 0.0868152050017564 0.0885675997881952 0.0712982191456858 0.085645088770066 0.0889498900145279 0.0914688366009258 0.0944319976873249 0.0962311588418244 0.0972737168349523 0.0977759380591456 0.0979850576759924 0.0980280547077501 0.0960548678313853 0.0931104258982189 0.0914315198847694 0.088746838244726 0.0872543330118991 0.0846391064770845 0.0834124334142696 0.0826448360939941 0.0821882871048954 0.0839474383349726 0.086577786969397 0.086874564418875 0.0891782662870838 0.0883157781331354 0.0881332339117861 0.0870399715216068 0.0864578799045513
0.0688220488208829 0.0700106697501073 0.0715124718996519 0.0741365476579237 0.0741163198900414 0.0763521029236142 0.079366117417504 0.0835633137913185 0.0878126417689383 0.091843170129217 0.0910773470441716 0.0922028299522593 0.0864870631920908 0.0842685702378137 0.0878753927634618 0.0889841910867814 0.0930395609917836 0.0893631633017849 0.0755456748229993 0.078378189890932 0.0824053654859429 0.0877057434613608 0.0846259484088874 0.0825791547087124 0.0861319522942297 0.0890140063306916 0.0923247892526918 0.0936137252643234 0.0942618637254262 0.0944251776134332 0.0945210907433732 0.0946622586572791 0.0941507075680156 0.0913442811088205 0.0899891318153969 0.0880272655287274 0.0860592280651471 0.0838913433436846 0.0821875479203914 0.0810401194313007 0.0811896966289419 0.0822189635979446 0.0837363792775403 0.0862770005238703 0.0852608084265436 0.0860923970452326 0.0858155680276238 0.0855883863929637 0.0851834369451216
0.0792950099288807 0.0782674387149627 0.0797759417683023 0.0780251891961151 0.0790089003057206 0.0816335585012251 0.0831161014901022 0.0874489238715109 0.0931744982987709 0.0971421607445466 0.0929584110998763 0.0938514999363553 0.0926496929877955 0.0840169156627258 0.0932670887679558 0.0877490408535374 0.0913777622108529 0.0822668893929641 0.0784196443696538 0.0772317981208136 0.080639897904621 0.0849511197260823 0.084522119244421 0.0738878817673512 0.0884723283672477 0.0889319221632764 0.0905609182002115 0.0917919643671828 0.0919668836045723 0.0921070037244713 0.0920564619388486 0.092209254781449 0.0920946959952122 0.0909968477944771 0.0882677301947195 0.0863283760096448 0.0848149896442717 0.0825351495547349 0.0811454377776933 0.0799042381744548 0.0795554044573136 0.081012489332222 0.0825303298149594 0.0835546549367027 0.0854388876466881 0.0850560103083361 0.0846547323373632 0.0845325059373658 0.0842501490891759
0.0854593883144889 0.0853068066108322 0.0843337361775271 0.0841452482984009 0.0838705343599787 0.0844619528320718 0.0870844040566462 0.090924381667923 0.0976849719631082 0.100681329981405 0.0994453323747988 0.0970796688704358 0.0919155159509988 0.0901701461671029 0.0862204899772285 0.0895863216375527 0.0929985908845802 0.0898349892942492 0.0844048824693062 0.0880710910195714 0.0867079902256655 0.0850904357298538 0.087285159358946 0.0860349453193701 0.0866826290825884 0.0878479993128344 0.0893149804808622 0.0899887004547334 0.0901771414476277 0.0901170163380247 0.0902398347550488 0.0902297451585427 0.089938722472684 0.0895159160768044 0.0874311449543071 0.0849229603651559 0.083447033601641 0.081667856829526 0.0807696958085738 0.0805822429748478 0.0799151860860467 0.0805148148245416 0.0812806799508317 0.0830915154469497 0.0833990516278433 0.0837333309713552 0.083974895412402 0.0838874791178932 0.0838175686747731
0.0863248166300855 0.0913608637438484 0.0917201926986121 0.0887632943212534 0.0877560543886652 0.0876288101069364 0.0895357737124978 0.0933544060116678 0.100214079802703 0.101072082244682 0.102080163331215 0.0965243941425413 0.093217109452239 0.088241909169572 0.0838897045949457 0.0898505513084181 0.0915574742311084 0.0965284359227701 0.0777860298008446 0.0843632318123553 0.0836624797620306 0.0863455779347306 0.0799432985186102 0.0784171577476449 0.0839868761154688 0.0872616121173041 0.0883130168819536 0.0886056286184694 0.0884248877150232 0.0882579065253737 0.088271376274235 0.0883015003854577 0.0879913987989069 0.0873948755640214 0.0858431584916399 0.0844136570573553 0.0829157603114345 0.0815415457268204 0.0805597756218805 0.0796354612394123 0.0794654705271624 0.0798473713662331 0.0814531799492626 0.0824023454042633 0.0827597154306004 0.082353879139874 0.0830041872487108 0.0833164430591108 0.0833874150011686
0.0838804042468934 0.0949462365473762 0.0955587437633478 0.0941471981231403 0.0900441257643566 0.0890115730872711 0.0890947522928211 0.0923451929733919 0.0970973040602653 0.101483134572964 0.102008059364633 0.0976996999528386 0.0928762768198465 0.0858447435936221 0.0853196638166885 0.0853170531314487 0.086248241521273 0.0776131705265818 0.0792950899485298 0.0766145775922699 0.0791221191365113 0.0754597387687439 0.0847388565533503 0.0855387426350617 0.0783271053368418 0.0872646253452994 0.0874368739020861 0.0873490304650247 0.0869467886479997 0.0864813273501278 0.0869084308408954 0.0866645127001451 0.0862486201024522 0.0858206183415489 0.0836629647381431 0.0831593766322956 0.0819620487401718 0.0807332461051783 0.0801382982585751 0.0794548016562399 0.07935865892555 0.0796508272239556 0.0804058820892139 0.0813763603860848 0.0820549149552589 0.0830521441090518 0.0827076845791594 0.0835903952735358 0.0831268482864705
0.0840313307424077 0.0946735410308836 0.0980950057290493 0.0930491875126035 0.0880196622456847 0.0845091714952138 0.0839992965049938 0.08505503435736 0.0891444917622564 0.092829886203809 0.0910193602775833 0.0909654709589526 0.0850122601784018 0.0833949543894628 0.0839577245933407 0.0785054655439765 0.0869025998323803 0.0812913488915593 0.0812497997067405 0.0746995947172675 0.076083386167693 0.0849873487404625 0.0862232815896584 0.0734589004364362 0.0846164870029261 0.0865653827033201 0.0868714062500788 0.0865704124949879 0.085747809959653 0.0851964762394574 0.0848997261544223 0.0851535662944313 0.0847015192177313 0.0840803997250803 0.0835239743234418 0.082314009354548 0.0813611642651137 0.0803985841852666 0.0795490993454281 0.0792638313380529 0.0794216178992481 0.0798377714316313 0.0804678146488806 0.0812417327469562 0.0817746648992414 0.0821519519536835 0.082193915756529 0.0823058066797308 0.0827048416181318
0.0994917643977974 0.0966633437034271 0.0929428730582311 0.0854503129004166 0.0803462847181907 0.0774063421812291 0.0759130686847871 0.0764233514374935 0.0781056657373497 0.0803534697005874 0.0821571437075814 0.0778768663851305 0.0820679263738061 0.0799757108053625 0.0821765020430308 0.0782300287228282 0.0801339202870748 0.0854530264998655 0.0903301627832939 0.0853143014332964 0.0820606737328734 0.0818710566785248 0.0816456416573239 0.0820942029252481 0.0785181259760651 0.0866221202932316 0.0867307362473691 0.0859965108011077 0.0850896954537637 0.0843011115707215 0.0840267467267288 0.0839596862261072 0.0838636307201842 0.0835150589914186 0.0826669956864392 0.0817810100874218 0.0807509084707486 0.079800111115636 0.0791456746677266 0.0790908177305677 0.0794194999553923 0.0800599394486984 0.0807244538933676 0.0813411899877794 0.0825035419908727 0.0819697530779064 0.0822906104980376 0.0822336509588432 0.0825988605298599
0.0969584889018393 0.0900919458341598 0.081811685176354 0.0763554737993083 0.0716350813603588 0.0685459321548181 0.067414905788121 0.0675260769991162 0.06882901265747 0.0695791487795438 0.06987886793177 0.0761295453570187 0.0740116356696132 0.078467794603257 0.0811748686936371 0.082255733573989 0.0807714205531267 0.0852224612857514 0.0764460864478396 0.0756048966866967 0.080626334994081 0.0802376920473105 0.0903433515181275 0.0801634844007342 0.0831644807339299 0.0859263384205682 0.0864112176498893 0.0858219593017318 0.0845876814499133 0.0839177115860085 0.0835990010113419 0.0834447303362007 0.0832891259511096 0.0828904148389776 0.082254071697885 0.0813357940588129 0.0804750121982058 0.0796020215705564 0.0790043769192445 0.0788978783796463 0.0794040548494866 0.0801654693257875 0.0808812375111742 0.0819658263019702 0.0818454337934785 0.0825900203155262 0.0823475667651507 0.0827243381670146 0.0826829238311975
0.0890849357757194 0.0806006196714933 0.075736314106806 0.0686472821212804 0.0668122817416003 0.0645641383564057 0.0632578258201284 0.0633494270361142 0.063908351961294 0.0630150890979799 0.0673155497718905 0.0676065072943421 0.0721268484127523 0.0746665787022681 0.0741550421823147 0.0810709909143821 0.0767550064566785 0.0898225600903504 0.0984724286943184 0.0762019150192575 0.0782049801209042 0.0813675087739036 0.0809199196844647 0.083398839710235 0.0836054057432575 0.0835664428168776 0.0859224256454313 0.0852501483494683 0.0843584859541036 0.0836476941491598 0.0833251451330412 0.0830953855254494 0.0828222035821556 0.0824589032318569 0.0819291174920113 0.0812759181127913 0.080519767730083 0.0797900590053486 0.0791915059777223 0.0790515512592164 0.0794496877117516 0.0802502017730925 0.08112371910151 0.0836720780225119 0.082026408811042 0.0834394370332664 0.0834845210454128 0.0845581871472803 0.0833314843299286
0.0852655830300586 0.0786774924372017 0.0715907014125077 0.0684298997018179 0.0650787384501954 0.0620468057323108 0.0606563426017192 0.0605202682664739 0.0607126190838334 0.0618437959092311 0.0623748956007603 0.0644099340559091 0.0675880302883149 0.071762498540734 0.0759946753753986 0.0808489560033855 0.0745008845256499 0.0722227681568444 0.0646989771752597 0.0944464450668808 0.0714088015986825 0.0763319401744463 0.078960475730346 0.0902757212913485 0.0801172418933321 0.083478073702307 0.0852693356205782 0.0847723461027672 0.0839216076834271 0.0832780371850474 0.0829902178887537 0.0826832243862075 0.0824348077606306 0.0821984453327378 0.0818888036872178 0.0813892574052205 0.0808012760422089 0.0801772440959134 0.0797182024069863 0.0794675030799905 0.0797250646900928 0.0805026220859023 0.0813227526828302 0.0820237927384786 0.0823172702910097 0.0844106471006115 0.0826838450820767 0.0830043440480385 0.0830144105524261
0.0864483817374682 0.0781954383572174 0.0724452940221932 0.0668586633088529 0.0655193436422351 0.0621545854873634 0.0616523591357619 0.0610686244006429 0.0606609750059366 0.0614061945838308 0.0609743347762228 0.0625275226011651 0.0645881815660168 0.070512565007551 0.075183354768275 0.0782658489181206 0.0772262699088959 0.087360731755499 0.086395848344265 0.0747950419044481 0.0743493259792017 0.0850756130423345 0.0809557198112318 0.0789116739321241 0.083077743347389 0.082654055735842 0.0848553366353899 0.0839761461271618 0.0833467769047882 0.0828992242904393 0.0824977652837633 0.0822124567028407 0.0820939448517273 0.0820519152954777 0.0819781088940798 0.0816421651746305 0.0812337741139765 0.0807658151836606 0.080447651944149 0.0802838462185409 0.0803247292877131 0.0809313166301924 0.0818146319661218 0.0820777397312184 0.0829716035795901 0.0828025040957315 0.0826724238430636 0.0828053322970761 0.0827829703772623
0.0887104098711095 0.080145416211988 0.0720467961166295 0.0699770174318112 0.0635394932825195 0.0634320558266783 0.0611811420122027 0.0605793416187503 0.0602539436595838 0.0601602280021935 0.0607980326259794 0.0626860874271664 0.0649329524499208 0.0671809536764497 0.0710923570812871 0.077278337288536 0.0732721654750902 0.0763948544488546 0.0862320784907592 0.078553152830743 0.0716532932090598 0.0749940980604103 0.0793335659845855 0.0817098181596781 0.086731572917221 0.0818597329437953 0.0825170069183318 0.0831459095211654 0.0828818410334206 0.0826685682754232 0.0824239932011381 0.0818798672839461 0.0818471533958509 0.0819161609844327 0.0819788866982697 0.0819144497544569 0.0816817690933617 0.0815568004136379 0.0816002408219326 0.0813109924328583 0.081377675319063 0.0818745204950849 0.0826379522747638 0.083159924498729 0.0831018895931075 0.0830837417665862 0.0839802960016296 0.0837189374625662 0.0797400750102779
0.0945470630163085 0.0850710969228917 0.0788542584226042 0.0696810679895033 0.0681596143993896 0.06617697375654 0.0634269569719544 0.0622457893481044 0.0619955259335151 0.0620771670087099 0.0634424260157711 0.0641280305376389 0.066900590227176 0.0682700592670192 0.0709670271318934 0.0753312700175878 0.0734606481840301 0.0858996646882852 0.0796985028144525 0.0861254601921288 0.0789584805126071 0.0866255845436254 0.0779236336186191 0.0799806493250617 0.0858295997109944 0.0815140117956152 0.0831130613065382 0.0827257419514831 0.0822210631096642 0.0824258865368927 0.0826949695953356 0.0814598544232433 0.0816271157981536 0.0816924453621415 0.0817726160939705 0.0818794114328175 0.0820820992045178 0.0823290122986723 0.0823625550254681 0.0825658037877015 0.0827268345930438 0.08343507320703 0.0834550732601035 0.0845888302764942 0.084923277224953 0.0855785414039261 0.0853680634624301 0.0849328061192357 0.0927613698653506
0.0987530608262637 0.0892631470298871 0.0813571362392366 0.0748777583038985 0.0707084071601652 0.0663583318338023 0.0656485975888424 0.0652506873187783 0.0649999215391506 0.064424504940369 0.0637364485709585 0.0672351161274037 0.0673853059132043 0.0710763777653132 0.0724117333985247 0.0772657757687748 0.0744103762540394 0.0786178018398704 0.0816942432515399 0.0853164110957667 0.0794805633711686 0.0807571401041922 0.0845410244710667 0.0804364365746121 0.082783336603288 0.0880475362188496 0.0808958202204774 0.0800690008288817 0.0826604810063099 0.080863725328214 0.0812291828124566 0.0818912636817595 0.0816205980488197 0.0814806566741831 0.0815615078383059 0.0823114477991328 0.0826118948836295 0.0831386051748305 0.0832892901622896 0.0836419480193775 0.0840860058713207 0.0843073382262693 0.0851570802597035 0.0851749470782796 0.0856211583193778 0.086534285799552 0.087998460036366 0.0904212210826149 0.0904380032153745
0.104393171098439 0.0963398772368712 0.0864202387716841 0.079358595483118 0.075685828976243 0.0733973723758629 0.0709672395448373 0.0711576511761962 0.0719092659596782 0.0724356524507617 0.0754448979720764 0.0715519472070146 0.0739291474875898 0.0745084274373372 0.0741393433546462 0.0777838278441967 0.0725129041481767 0.0803948881593526 0.0828449993326745 0.0891669117231293 0.0838809284348574 0.0874370417565038 0.0703136792833441 0.0805085639697917 0.0841934831759449 0.0842190674620298 0.0859539885922516 0.0842440733661801 0.0813270473474926 0.0800424846574959 0.0809654832138629 0.0807302689813534 0.081746563063955 0.0811547556117238 0.0809191923640295 0.081118718603386 0.0809695863681753 0.0762471301213151 0.08354089974135 0.0844020020647595 0.0854511358441171 0.0867918648310363 0.0874581122521711 0.0873089033548186 0.0871182186718469 0.0894267241168378 0.0936005798755571 0.0936585840709041 0.0945213795665929
