Data/Derived/envs/TM.asc
ncols        557
nrows        164
xllcorner    -67.318750000000
yllcorner    17.868750000000
cellsize     0.004166666670
NODATA_value  -3.3999999999999999612e+38
[rows 68 to 84 of 164, columns 78 to 116 of 557]
32.056667327880859375 32.123332977294921875 32.00333404541015625 32.15000152587890625 32.426666259765625 32.806667327880859375 32.720001220703125 32.366664886474609375 32.17333221435546875 32.1399993896484375 32.4333343505859375 32.659999847412109375 32.81333160400390625 32.666667938232421875 32.45999908447265625 32.18666839599609375 32 31.940000534057617188 31.99666595458984375 31.979999542236328125 31.793333053588867188 31.866666793823242188 31.953332901000976562 31.829999923706054688 31.559999465942382812 31.18000030517578125 31.053333282470703125 30.93000030517578125 30.866666793823242188 31.100000381469726562 31.156665802001953125 31.023332595825195312 30.756666183471679688 30.573333740234375 30.626667022705078125 30.623332977294921875 30.613332748413085938 30.623332977294921875 30.53333282470703125
31.973333358764648438 31.89666748046875 31.923334121704101562 32.020000457763671875 32.39666748046875 32.590000152587890625 32.4566650390625 32.0433349609375 31.693332672119140625 31.700000762939453125 31.953332901000976562 32.4633331298828125 32.740001678466796875 32.773334503173828125 32.733333587646484375 32.6100006103515625 32.450000762939453125 32.453334808349609375 32.5366668701171875 32.343334197998046875 32.130001068115234375 32.276668548583984375 32.453334808349609375 32.336666107177734375 32.06999969482421875 31.75333404541015625 31.346666336059570312 31.076665878295898438 31.076665878295898438 31.326665878295898438 31.45999908447265625 31.126667022705078125 30.690000534057617188 30.426666259765625 30.409999847412109375 30.453332901000976562 30.506666183471679688 30.49666595458984375 30.326665878295898438
31.770000457763671875 31.780000686645507812 31.846666336059570312 32.10666656494140625 32.373332977294921875 32.413333892822265625 32.1399993896484375 31.696666717529296875 31.443332672119140625 31.270000457763671875 31.723333358764648438 32.17333221435546875 32.46666717529296875 32.583332061767578125 32.70999908447265625 32.740001678466796875 32.586666107177734375 32.54000091552734375 32.6699981689453125 32.5666656494140625 32.486667633056640625 32.5433349609375 32.54000091552734375 32.450000762939453125 32.263332366943359375 32.06333160400390625 31.613332748413085938 31.313333511352539062 31.280000686645507812 31.6100006103515625 31.543333053588867188 31.159999847412109375 30.670000076293945312 30.186666488647460938 30.14666748046875 30.243333816528320312 30.346666336059570312 30.299999237060546875 30.133333206176757812
31.636667251586914062 31.70999908447265625 31.93000030517578125 32.166667938232421875 32.236667633056640625 32.060001373291015625 31.833333969116210938 31.469999313354492188 31.123332977294921875 31.129999160766601562 31.54000091552734375 32.056667327880859375 32.090000152587890625 32.163333892822265625 32.5 32.5666656494140625 32.42333221435546875 32.333332061767578125 32.453334808349609375 32.483333587646484375 32.546665191650390625 32.49666595458984375 32.323333740234375 32.133335113525390625 32.2433319091796875 32.1399993896484375 31.923334121704101562 31.626667022705078125 31.68000030517578125 31.766666412353515625 31.60666656494140625 31.163333892822265625 30.600000381469726562 30.25333404541015625 29.950000762939453125 30.04000091552734375 30.096666336059570312 30.1100006103515625 29.886667251586914062
31.633333206176757812 31.78333282470703125 32.03333282470703125 32.11333465576171875 31.913333892822265625 31.649999618530273438 31.623332977294921875 31.409999847412109375 31.136667251586914062 31.016666412353515625 31.479999542236328125 31.796667098999023438 31.670000076293945312 31.729999542236328125 32.029998779296875 32.39666748046875 32.31999969482421875 32.1699981689453125 32.0433349609375 32.1399993896484375 32.340000152587890625 32.403331756591796875 32.276668548583984375 32.2566680908203125 32.2566680908203125 32.296665191650390625 32.046665191650390625 31.886667251586914062 31.793333053588867188 31.829999923706054688 31.520000457763671875 31.229999542236328125 30.89333343505859375 30.3600006103515625 30.076665878295898438 29.793333053588867188 29.85666656494140625 29.770000457763671875 29.683332443237304688
31.576665878295898438 31.796667098999023438 31.943332672119140625 31.883333206176757812 31.573333740234375 31.350000381469726562 31.476667404174804688 31.433332443237304688 31.129999160766601562 30.95999908447265625 31.21666717529296875 31.35333251953125 31.326665878295898438 31.409999847412109375 31.799999237060546875 32.159999847412109375 32.413333892822265625 32.0666656494140625 31.840000152587890625 31.719999313354492188 31.983333587646484375 32.09999847412109375 32.21666717529296875 32.240001678466796875 32.11333465576171875 31.956666946411132812 31.726667404174804688 31.526666641235351562 31.49666595458984375 31.579999923706054688 31.593334197998046875 31.416666030883789062 31.2133331298828125 30.940000534057617188 30.31999969482421875 29.916666030883789062 29.60666656494140625 29.566667556762695312 29.43000030517578125
31.54000091552734375 31.649999618530273438 31.696666717529296875 31.586666107177734375 31.366666793823242188 31.206666946411132812 31.29000091552734375 31.2866668701171875 31.066667556762695312 30.913333892822265625 31.0366668701171875 31.329999923706054688 31.43000030517578125 31.726667404174804688 31.920000076293945312 32.263332366943359375 32.34999847412109375 32.119998931884765625 31.68000030517578125 31.5 31.49666595458984375 31.706666946411132812 31.913333892822265625 31.976667404174804688 31.926666259765625 31.629999160766601562 31.3600006103515625 31.073333740234375 31.096666336059570312 31.316667556762695312 31.409999847412109375 31.3899993896484375 31.409999847412109375 31.133333206176757812 30.813333511352539062 30.25333404541015625 29.926666259765625 29.6100006103515625 29.403333663940429688
31.473333358764648438 31.43000030517578125 31.35666656494140625 31.126667022705078125 30.986665725708007812 30.89666748046875 30.950000762939453125 31.016666412353515625 30.993333816528320312 31.030000686645507812 31.260000228881835938 31.49666595458984375 31.899999618530273438 32.03333282470703125 32.203334808349609375 32.336666107177734375 32.366664886474609375 32.0800018310546875 31.64666748046875 31.183332443237304688 31.030000686645507812 31.14333343505859375 31.446666717529296875 31.706666946411132812 31.75 31.70999908447265625 31.420000076293945312 31.083333969116210938 30.916666030883789062 30.986665725708007812 31.026666641235351562 31.093334197998046875 31.123332977294921875 31.239999771118164062 31.04000091552734375 30.780000686645507812 30.343334197998046875 30.079999923706054688 29.673334121704101562
31.333333969116210938 31.306667327880859375 31.113332748413085938 30.953332901000976562 30.693332672119140625 30.489999771118164062 30.600000381469726562 30.763334274291992188 30.986665725708007812 31.190000534057617188 31.386667251586914062 31.7133331298828125 31.950000762939453125 32.016666412353515625 31.989999771118164062 32.159999847412109375 32.193332672119140625 31.873332977294921875 31.5 30.96666717529296875 30.590000152587890625 30.613332748413085938 30.899999618530273438 31.10333251953125 31.446666717529296875 31.649999618530273438 31.586666107177734375 31.340000152587890625 31.1399993896484375 30.879999160766601562 30.690000534057617188 30.623332977294921875 30.846666336059570312 30.986665725708007812 31.1399993896484375 30.976667404174804688 30.813333511352539062 30.4633331298828125 30.163333892822265625
31.229999542236328125 31.153333663940429688 31.133333206176757812 30.916666030883789062 30.60666656494140625 30.383333206176757812 30.39666748046875 30.729999542236328125 31.090000152587890625 31.423334121704101562 31.593334197998046875 31.873332977294921875 32.009998321533203125 31.85666656494140625 31.870000839233398438 31.946666717529296875 31.89333343505859375 31.676666259765625 31.363332748413085938 30.89333343505859375 30.363332748413085938 30.1399993896484375 30.223333358764648438 30.450000762939453125 30.806667327880859375 31.25 31.403333663940429688 31.370000839233398438 31.35666656494140625 31.026666641235351562 30.600000381469726562 30.3600006103515625 30.309999465942382812 30.556667327880859375 30.770000457763671875 30.829999923706054688 30.75 30.670000076293945312 30.39666748046875
31.03333282470703125 31.010000228881835938 30.940000534057617188 30.776666641235351562 30.4633331298828125 30.260000228881835938 30.523332595825195312 30.99666595458984375 31.433332443237304688 31.696666717529296875 31.829999923706054688 31.913333892822265625 31.9633331298828125 31.733333587646484375 31.590000152587890625 31.696666717529296875 31.586666107177734375 31.3600006103515625 31.183332443237304688 30.836666107177734375 30.35333251953125 29.850000381469726562 29.70999908447265625 29.833333969116210938 30.260000228881835938 30.700000762939453125 30.85666656494140625 31.093334197998046875 31.276666641235351562 31.176666259765625 30.739999771118164062 30.25 30 29.989999771118164062 30.25 30.306667327880859375 30.323333740234375 30.31999969482421875 30.399999618530273438
30.700000762939453125 30.729999542236328125 30.703332901000976562 30.53333282470703125 30.296667098999023438 30.409999847412109375 30.813333511352539062 31.190000534057617188 31.45999908447265625 31.576665878295898438 31.56999969482421875 31.78333282470703125 31.726667404174804688 31.5366668701171875 31.336666107177734375 31.260000228881835938 31.223333358764648438 30.943332672119140625 30.763334274291992188 30.530000686645507812 30.173334121704101562 29.629999160766601562 29.316667556762695312 29.483333587646484375 29.906665802001953125 30.326665878295898438 30.596666336059570312 30.876667022705078125 31.200000762939453125 31.129999160766601562 30.863332748413085938 30.31999969482421875 29.833333969116210938 29.64333343505859375 29.663333892822265625 29.726667404174804688 29.766666412353515625 29.920000076293945312 30.159999847412109375
30.166666030883789062 30.206666946411132812 30.379999160766601562 30.436666488647460938 30.4633331298828125 30.683332443237304688 31.086666107177734375 31.129999160766601562 30.95999908447265625 30.950000762939453125 31.14666748046875 31.43000030517578125 31.653333663940429688 31.346666336059570312 31.026666641235351562 30.829999923706054688 30.739999771118164062 30.486665725708007812 30.203332901000976562 29.926666259765625 29.68000030517578125 29.273332595825195312 29.126667022705078125 29.336666107177734375 29.81999969482421875 30.273332595825195312 30.726667404174804688 30.969999313354492188 31.086666107177734375 31.136667251586914062 30.876667022705078125 30.546667098999023438 30.10333251953125 29.620000839233398438 29.416666030883789062 29.229999542236328125 29.433332443237304688 29.729999542236328125 29.826665878295898438
29.7866668701171875 29.78333282470703125 30.06999969482421875 30.343334197998046875 30.6100006103515625 30.936666488647460938 31.166666030883789062 30.866666793823242188 30.5 30.450000762939453125 30.683332443237304688 31.206666946411132812 31.239999771118164062 31.233333587646484375 30.803333282470703125 30.486665725708007812 30.303333282470703125 30.010000228881835938 29.653333663940429688 29.29000091552734375 29.056667327880859375 28.923334121704101562 28.866666793823242188 29.186666488647460938 29.6100006103515625 30.18000030517578125 30.6100006103515625 30.879999160766601562 30.756666183471679688 30.770000457763671875 30.70999908447265625 30.506666183471679688 30.233333587646484375 29.943332672119140625 29.453332901000976562 29.296667098999023438 29.383333206176757812 29.653333663940429688 29.690000534057617188
29.850000381469726562 29.79000091552734375 29.993333816528320312 30.4633331298828125 30.71666717529296875 31.016666412353515625 31.173334121704101562 30.81999969482421875 30.370000839233398438 30.370000839233398438 30.676666259765625 30.81999969482421875 31.053333282470703125 31.006666183471679688 30.836666107177734375 30.543333053588867188 30.273332595825195312 29.8600006103515625 29.426666259765625 28.95999908447265625 28.729999542236328125 28.7133331298828125 28.809999465942382812 29.133333206176757812 29.593334197998046875 30.116666793823242188 30.623332977294921875 30.469999313354492188 30.226667404174804688 30.190000534057617188 30.303333282470703125 30.06999969482421875 30.059999465942382812 29.950000762939453125 29.616666793823242188 29.270000457763671875 29.329999923706054688 29.649999618530273438 29.670000076293945312
29.906665802001953125 29.690000534057617188 29.933332443237304688 30.309999465942382812 30.60333251953125 30.906665802001953125 31.066667556762695312 30.809999465942382812 30.433332443237304688 30.49666595458984375 30.676666259765625 30.719999313354492188 30.546667098999023438 30.690000534057617188 30.64666748046875 30.516666412353515625 30.46666717529296875 30.186666488647460938 29.74666595458984375 29.280000686645507812 28.976667404174804688 28.8899993896484375 28.93000030517578125 29.20999908447265625 29.723333358764648438 30.233333587646484375 30.526666641235351562 30.296667098999023438 29.79000091552734375 29.780000686645507812 29.78333282470703125 29.693332672119140625 29.593334197998046875 29.64666748046875 29.39666748046875 29.010000228881835938 29.1100006103515625 29.45999908447265625 29.780000686645507812
29.803333282470703125 29.613332748413085938 29.706666946411132812 29.883333206176757812 30.2133331298828125 30.553333282470703125 30.95999908447265625 30.743333816528320312 30.403333663940429688 30.363332748413085938 30.576665878295898438 30.409999847412109375 30.243333816528320312 30.186666488647460938 30.136667251586914062 30.276666641235351562 30.406665802001953125 30.436666488647460938 30.200000762939453125 29.75 29.31999969482421875 29.076665878295898438 28.906665802001953125 29.159999847412109375 29.60333251953125 30.10666656494140625 30.46666717529296875 30.299999237060546875 29.879999160766601562 29.633333206176757812 29.49666595458984375 29.306667327880859375 29.260000228881835938 29.35666656494140625 29.149999618530273438 28.920000076293945312 29.016666412353515625 29.530000686645507812 29.813333511352539062
