Data/Derived/envs/TM.asc
ncols        557
nrows        164
xllcorner    -67.318750000000
yllcorner    17.868750000000
cellsize     0.004166666670
NODATA_value  -3.3999999999999999612e+38
[rows 17 to 33 of 164, columns 78 to 116 of 557]
31.00333404541015625 31.076665878295898438 31.1399993896484375 31.24666595458984375 31.296667098999023438 31.336666107177734375 31.446666717529296875 31.596666336059570312 31.676666259765625 31.6100006103515625 31.510000228881835938 31.256666183471679688 31.223333358764648438 31.196666717529296875 31.196666717529296875 31.223333358764648438 31.273332595825195312 31.309999465942382812 31.373332977294921875 31.420000076293945312 31.559999465942382812 31.626667022705078125 31.64333343505859375 31.659999847412109375 31.653333663940429688 31.633333206176757812 31.590000152587890625 31.586666107177734375 31.600000381469726562 31.579999923706054688 31.54000091552734375 31.576665878295898438 31.576665878295898438 31.556667327880859375 31.576665878295898438 31.633333206176757812 31.773332595825195312 31.866666793823242188 31.969999313354492188
31.010000228881835938 31.059999465942382812 31.170000076293945312 31.276666641235351562 31.379999160766601562 31.436666488647460938 31.573333740234375 31.700000762939453125 31.6399993896484375 31.590000152587890625 31.373332977294921875 31.260000228881835938 31.21666717529296875 31.20999908447265625 31.21666717529296875 31.223333358764648438 31.270000457763671875 31.309999465942382812 31.31999969482421875 31.350000381469726562 31.423334121704101562 31.530000686645507812 31.46666717529296875 31.420000076293945312 31.423334121704101562 31.406665802001953125 31.39333343505859375 31.420000076293945312 31.456666946411132812 31.453332901000976562 31.453332901000976562 31.5 31.5 31.456666946411132812 31.436666488647460938 31.50333404541015625 31.613332748413085938 31.763334274291992188 31.846666336059570312
30.986665725708007812 31.086666107177734375 31.183332443237304688 31.313333511352539062 31.35666656494140625 31.403333663940429688 31.440000534057617188 31.456666946411132812 31.436666488647460938 31.326665878295898438 31.236665725708007812 31.153333663940429688 31.136667251586914062 31.136667251586914062 31.149999618530273438 31.193332672119140625 31.219999313354492188 31.276666641235351562 31.270000457763671875 31.233333587646484375 31.309999465942382812 31.350000381469726562 31.3899993896484375 31.329999923706054688 31.303333282470703125 31.316667556762695312 31.313333511352539062 31.316667556762695312 31.343334197998046875 31.336666107177734375 31.333333969116210938 31.379999160766601562 31.39333343505859375 31.363332748413085938 31.343334197998046875 31.386667251586914062 31.483333587646484375 31.586666107177734375 31.803333282470703125
30.8899993896484375 31.010000228881835938 31.046667098999023438 31.083333969116210938 31.14666748046875 31.14333343505859375 31.129999160766601562 31.29000091552734375 31.21666717529296875 31.229999542236328125 31.126667022705078125 31.049999237060546875 31.010000228881835938 31.03333282470703125 31.079999923706054688 31.083333969116210938 31.120000839233398438 31.1399993896484375 31.14666748046875 31.096666336059570312 31.086666107177734375 31.206666946411132812 31.25 31.263334274291992188 31.25 31.239999771118164062 31.226667404174804688 31.20999908447265625 31.193332672119140625 31.176666259765625 31.18000030517578125 31.200000762939453125 31.226667404174804688 31.223333358764648438 31.233333587646484375 31.260000228881835938 31.333333969116210938 31.446666717529296875 31.620000839233398438
30.813333511352539062 30.8899993896484375 30.909999847412109375 30.886667251586914062 30.923334121704101562 30.956666946411132812 31.10666656494140625 31.083333969116210938 31.149999618530273438 31.04000091552734375 31.00333404541015625 30.923334121704101562 30.926666259765625 30.989999771118164062 31.03333282470703125 31.053333282470703125 31.020000457763671875 31.043333053588867188 31.049999237060546875 31.026666641235351562 31.026666641235351562 31.079999923706054688 31.196666717529296875 31.2133331298828125 31.236665725708007812 31.236665725708007812 31.219999313354492188 31.196666717529296875 31.186666488647460938 31.176666259765625 31.170000076293945312 31.186666488647460938 31.186666488647460938 31.223333358764648438 31.229999542236328125 31.266666412353515625 31.313333511352539062 31.406665802001953125 31.520000457763671875
30.79000091552734375 30.899999618530273438 30.879999160766601562 30.850000381469726562 30.879999160766601562 30.979999542236328125 31.046667098999023438 31.123332977294921875 30.976667404174804688 30.969999313354492188 30.933332443237304688 30.936666488647460938 30.956666946411132812 31.006666183471679688 31.063333511352539062 31.059999465942382812 31.049999237060546875 31.056667327880859375 31.06999969482421875 31.056667327880859375 31.046667098999023438 31.083333969116210938 31.126667022705078125 31.166666030883789062 31.190000534057617188 31.20999908447265625 31.2133331298828125 31.21666717529296875 31.21666717529296875 31.21666717529296875 31.2133331298828125 31.226667404174804688 31.239999771118164062 31.263334274291992188 31.293333053588867188 31.336666107177734375 31.376667022705078125 31.403333663940429688 31.513334274291992188
30.78333282470703125 30.843334197998046875 30.85666656494140625 30.846666336059570312 30.81999969482421875 30.886667251586914062 31.030000686645507812 31.063333511352539062 30.933332443237304688 30.93000030517578125 30.953332901000976562 30.96666717529296875 31.00333404541015625 31.049999237060546875 31.076665878295898438 31.076665878295898438 31.06999969482421875 31.093334197998046875 31.100000381469726562 31.079999923706054688 31.06999969482421875 31.079999923706054688 31.086666107177734375 31.10666656494140625 31.133333206176757812 31.159999847412109375 31.18000030517578125 31.203332901000976562 31.2133331298828125 31.206666946411132812 31.200000762939453125 31.21666717529296875 31.236665725708007812 31.266666412353515625 31.280000686645507812 31.336666107177734375 31.373332977294921875 31.413333892822265625 31.473333358764648438
30.663333892822265625 30.676666259765625 30.733333587646484375 30.74666595458984375 30.75333404541015625 30.829999923706054688 31.026666641235351562 31.026666641235351562 31.086666107177734375 30.943332672119140625 30.940000534057617188 30.946666717529296875 30.976667404174804688 31.010000228881835938 31.030000686645507812 31.030000686645507812 31.03333282470703125 31.049999237060546875 31.059999465942382812 31.049999237060546875 31.04000091552734375 31.0366668701171875 31.049999237060546875 31.059999465942382812 31.086666107177734375 31.093334197998046875 31.10666656494140625 31.136667251586914062 31.14666748046875 31.1399993896484375 31.1399993896484375 31.14333343505859375 31.176666259765625 31.203332901000976562 31.24666595458984375 31.276666641235351562 31.340000152587890625 31.373332977294921875 31.450000762939453125
30.556667327880859375 30.563333511352539062 30.653333663940429688 30.68000030517578125 30.693332672119140625 30.75 30.813333511352539062 30.950000762939453125 30.96666717529296875 30.943332672119140625 30.833333969116210938 30.826665878295898438 30.879999160766601562 30.923334121704101562 30.953332901000976562 30.96666717529296875 30.976667404174804688 31.00333404541015625 31.00333404541015625 31.013334274291992188 31 31.006666183471679688 31.016666412353515625 31.026666641235351562 31.03333282470703125 31.020000457763671875 31.03333282470703125 31.083333969116210938 31.100000381469726562 31.126667022705078125 31.136667251586914062 31.149999618530273438 31.170000076293945312 31.206666946411132812 31.2133331298828125 31.25 31.266666412353515625 31.323333740234375 31.3600006103515625
30.479999542236328125 30.523332595825195312 30.60666656494140625 30.620000839233398438 30.636667251586914062 30.703332901000976562 30.70999908447265625 30.799999237060546875 30.93000030517578125 30.876667022705078125 30.78333282470703125 30.74666595458984375 30.733333587646484375 30.816667556762695312 30.870000839233398438 30.899999618530273438 30.913333892822265625 30.923334121704101562 30.943332672119140625 30.950000762939453125 30.95999908447265625 30.973333358764648438 30.979999542236328125 31.00333404541015625 30.99666595458984375 31 31.016666412353515625 31.076665878295898438 31.116666793823242188 31.153333663940429688 31.18000030517578125 31.186666488647460938 31.2133331298828125 31.236665725708007812 31.24666595458984375 31.25333404541015625 31.303333282470703125 31.329999923706054688 31.379999160766601562
30.399999618530273438 30.479999542236328125 30.53333282470703125 30.553333282470703125 30.6100006103515625 30.653333663940429688 30.706666946411132812 30.700000762939453125 30.813333511352539062 30.78333282470703125 30.733333587646484375 30.75333404541015625 30.736665725708007812 30.723333358764648438 30.776666641235351562 30.81999969482421875 30.829999923706054688 30.836666107177734375 30.846666336059570312 30.879999160766601562 30.89666748046875 30.93000030517578125 30.95999908447265625 30.976667404174804688 31.00333404541015625 31.00333404541015625 31.046667098999023438 31.083333969116210938 31.1100006103515625 31.129999160766601562 31.163333892822265625 31.170000076293945312 31.200000762939453125 31.2133331298828125 31.229999542236328125 31.24666595458984375 31.2866668701171875 31.303333282470703125 31.426666259765625
30.386667251586914062 30.39333343505859375 30.43000030517578125 30.440000534057617188 30.46666717529296875 30.586666107177734375 30.636667251586914062 30.676666259765625 30.706666946411132812 30.7133331298828125 30.766666412353515625 30.81999969482421875 30.780000686645507812 30.733333587646484375 30.760000228881835938 30.793333053588867188 30.816667556762695312 30.806667327880859375 30.809999465942382812 30.829999923706054688 30.833333969116210938 30.873332977294921875 30.916666030883789062 30.946666717529296875 30.983333587646484375 31.020000457763671875 31.053333282470703125 31.076665878295898438 31.076665878295898438 31.093334197998046875 31.1100006103515625 31.1399993896484375 31.153333663940429688 31.18000030517578125 31.206666946411132812 31.24666595458984375 31.260000228881835938 31.303333282470703125 31.313333511352539062
30.309999465942382812 30.333333969116210938 30.306667327880859375 30.306667327880859375 30.39666748046875 30.443332672119140625 30.563333511352539062 30.626667022705078125 30.686666488647460938 30.700000762939453125 30.68000030517578125 30.743333816528320312 30.739999771118164062 30.703332901000976562 30.739999771118164062 30.793333053588867188 30.809999465942382812 30.799999237060546875 30.806667327880859375 30.793333053588867188 30.803333282470703125 30.836666107177734375 30.879999160766601562 30.916666030883789062 30.950000762939453125 31.00333404541015625 31.056667327880859375 31.073333740234375 31.079999923706054688 31.100000381469726562 31.120000839233398438 31.133333206176757812 31.136667251586914062 31.149999618530273438 31.183332443237304688 31.196666717529296875 31.25 31.25 31.329999923706054688
30.2866668701171875 30.25 30.263334274291992188 30.336666107177734375 30.383333206176757812 30.473333358764648438 30.5366668701171875 30.629999160766601562 30.696666717529296875 30.719999313354492188 30.700000762939453125 30.739999771118164062 30.763334274291992188 30.850000381469726562 30.843334197998046875 30.85333251953125 30.85666656494140625 30.843334197998046875 30.843334197998046875 30.8600006103515625 30.85333251953125 30.89666748046875 30.909999847412109375 30.926666259765625 30.946666717529296875 30.986665725708007812 31.030000686645507812 31.0366668701171875 31.06999969482421875 31.096666336059570312 31.116666793823242188 31.10666656494140625 31.113332748413085938 31.123332977294921875 31.123332977294921875 31.129999160766601562 31.136667251586914062 31.20999908447265625 31.239999771118164062
30.166666030883789062 30.21666717529296875 30.276666641235351562 30.399999618530273438 30.516666412353515625 30.543333053588867188 30.60333251953125 30.64666748046875 30.723333358764648438 30.726667404174804688 30.736665725708007812 30.780000686645507812 30.8899993896484375 30.956666946411132812 30.926666259765625 30.906665802001953125 30.886667251586914062 30.886667251586914062 30.899999618530273438 30.903333663940429688 30.93000030517578125 30.9633331298828125 30.986665725708007812 30.983333587646484375 31.00333404541015625 31.04000091552734375 31.03333282470703125 31.063333511352539062 31.096666336059570312 31.149999618530273438 31.14333343505859375 31.120000839233398438 31.066667556762695312 31.096666336059570312 31.1100006103515625 31.079999923706054688 31.1399993896484375 31.163333892822265625 31.243333816528320312
30.260000228881835938 30.243333816528320312 30.31999969482421875 30.4633331298828125 30.523332595825195312 30.583333969116210938 30.60333251953125 30.649999618530273438 30.71666717529296875 30.760000228881835938 30.799999237060546875 30.8600006103515625 30.946666717529296875 30.96666717529296875 30.920000076293945312 30.879999160766601562 30.89666748046875 30.916666030883789062 30.936666488647460938 30.936666488647460938 30.956666946411132812 30.976667404174804688 30.956666946411132812 30.973333358764648438 31.010000228881835938 31.020000457763671875 31.03333282470703125 31.0366668701171875 31.10333251953125 31.153333663940429688 31.170000076293945312 31.113332748413085938 31.086666107177734375 31.076665878295898438 31.066667556762695312 31.093334197998046875 31.126667022705078125 31.186666488647460938 31.186666488647460938
30.346666336059570312 30.3600006103515625 30.386667251586914062 30.476667404174804688 30.600000381469726562 30.586666107177734375 30.6399993896484375 30.673334121704101562 30.743333816528320312 30.806667327880859375 30.8899993896484375 30.969999313354492188 30.950000762939453125 30.943332672119140625 30.89333343505859375 30.903333663940429688 30.920000076293945312 30.913333892822265625 30.886667251586914062 30.906665802001953125 30.906665802001953125 30.8899993896484375 30.883333206176757812 30.879999160766601562 30.909999847412109375 30.926666259765625 30.9633331298828125 30.99666595458984375 31.04000091552734375 31.120000839233398438 31.116666793823242188 31.116666793823242188 31.073333740234375 31.066667556762695312 31.096666336059570312 31.093334197998046875 31.149999618530273438 31.183332443237304688 31.226667404174804688
