Data/Derived/envs/TM.asc
ncols        557
nrows        164
xllcorner    -67.318750000000
yllcorner    17.868750000000
cellsize     0.004166666670
NODATA_value  -3.3999999999999999612e+38
[rows 102 to 118 of 164, columns 156 to 194 of 557]
28.743333816528320312 28.803333282470703125 28.936666488647460938 28.8899993896484375 28.583333969116210938 28.35333251953125 27.976667404174804688 27.743333816528320312 27.696666717529296875 28.066667556762695312 28.696666717529296875 29.493333816528320312 29.8600006103515625 29.969999313354492188 30.20999908447265625 29.976667404174804688 29.506666183471679688 29.229999542236328125 28.89333343505859375 28.903333663940429688 29.280000686645507812 29.799999237060546875 29.8600006103515625 29.733333587646484375 29.363332748413085938 29.059999465942382812 28.916666030883789062 28.696666717529296875 28.670000076293945312 28.823333740234375 29.020000457763671875 29.010000228881835938 28.846666336059570312 28.35666656494140625 28.46666717529296875 29.00333404541015625 29.5366668701171875 29.936666488647460938 30.386667251586914062
28.6399993896484375 28.780000686645507812 28.840000152587890625 29.196666717529296875 29.149999618530273438 28.7866668701171875 28.6399993896484375 28.236665725708007812 27.913333892822265625 27.923334121704101562 28.350000381469726562 29.006666183471679688 29.64333343505859375 30.086666107177734375 30.306667327880859375 30.326665878295898438 30 29.723333358764648438 29.476667404174804688 29.056667327880859375 29.313333511352539062 29.809999465942382812 30.06999969482421875 29.866666793823242188 29.456666946411132812 29.120000839233398438 29.0366668701171875 29.00333404541015625 29.276666641235351562 29.54000091552734375 29.636667251586914062 29.623332977294921875 29.413333892822265625 29.06999969482421875 29.083333969116210938 29.64333343505859375 30.093334197998046875 30.5 30.956666946411132812
28.593334197998046875 28.586666107177734375 28.60666656494140625 29.049999237060546875 29.340000152587890625 29.276666641235351562 29.056667327880859375 28.873332977294921875 28.333333969116210938 27.993333816528320312 28.113332748413085938 28.596666336059570312 29.079999923706054688 29.780000686645507812 30.323333740234375 30.403333663940429688 30.409999847412109375 30.293333053588867188 29.7133331298828125 29.299999237060546875 29.35666656494140625 29.870000839233398438 29.973333358764648438 29.693332672119140625 29.263334274291992188 28.873332977294921875 28.836666107177734375 29.049999237060546875 29.446666717529296875 29.9633331298828125 30.223333358764648438 30.176666259765625 29.909999847412109375 29.653333663940429688 29.806667327880859375 30.2133331298828125 30.64333343505859375 31.006666183471679688 31.350000381469726562
28.7866668701171875 28.770000457763671875 28.549999237060546875 29.030000686645507812 29.523332595825195312 29.433332443237304688 29.443332672119140625 29.239999771118164062 28.726667404174804688 28.2866668701171875 28.350000381469726562 28.676666259765625 28.993333816528320312 29.549999237060546875 29.976667404174804688 30.260000228881835938 30.473333358764648438 30.513334274291992188 30.226667404174804688 29.766666412353515625 29.770000457763671875 30.056667327880859375 30.120000839233398438 29.809999465942382812 29.523332595825195312 29.316667556762695312 29.176666259765625 29.21666717529296875 29.70999908447265625 30.239999771118164062 30.576665878295898438 30.566667556762695312 30.276666641235351562 30.06999969482421875 30.326665878295898438 30.7133331298828125 31.059999465942382812 31.326665878295898438 31.559999465942382812
29.06999969482421875 29.149999618530273438 28.973333358764648438 29.093334197998046875 29.623332977294921875 29.803333282470703125 29.683332443237304688 29.306667327880859375 28.829999923706054688 28.553333282470703125 28.723333358764648438 28.879999160766601562 28.8899993896484375 29.186666488647460938 29.453332901000976562 29.683332443237304688 30.113332748413085938 30.493333816528320312 30.53333282470703125 30.39666748046875 30.39333343505859375 30.530000686645507812 30.479999542236328125 30.376667022705078125 30.219999313354492188 30.006666183471679688 29.733333587646484375 29.56999969482421875 29.773332595825195312 30.35333251953125 30.756666183471679688 30.729999542236328125 30.406665802001953125 30.196666717529296875 30.530000686645507812 30.943332672119140625 31.176666259765625 31.43000030517578125 31.64666748046875
29.456666946411132812 29.626667022705078125 29.316667556762695312 29.200000762939453125 29.586666107177734375 29.953332901000976562 29.886667251586914062 29.420000076293945312 28.876667022705078125 28.829999923706054688 29.10666656494140625 29.006666183471679688 28.773332595825195312 28.883333206176757812 29.059999465942382812 29.173334121704101562 29.64666748046875 30.113332748413085938 30.446666717529296875 30.600000381469726562 30.780000686645507812 30.920000076293945312 30.870000839233398438 30.663333892822265625 30.723333358764648438 30.546667098999023438 30.153333663940429688 29.70999908447265625 29.773332595825195312 30.409999847412109375 30.813333511352539062 30.733333587646484375 30.296667098999023438 30.1399993896484375 30.3600006103515625 30.81999969482421875 31.190000534057617188 31.406665802001953125 31.706666946411132812
29.809999465942382812 29.943332672119140625 29.673334121704101562 29.223333358764648438 29.420000076293945312 30.020000457763671875 30.25 29.71666717529296875 29.29000091552734375 29.329999923706054688 29.453332901000976562 29.276666641235351562 28.979999542236328125 29.123332977294921875 29.18000030517578125 29.163333892822265625 29.420000076293945312 29.899999618530273438 30.29000091552734375 30.573333740234375 30.89333343505859375 31.149999618530273438 30.916666030883789062 30.79000091552734375 30.773332595825195312 30.829999923706054688 30.5 29.943332672119140625 29.916666030883789062 30.520000457763671875 30.96666717529296875 30.7133331298828125 30.35333251953125 30.053333282470703125 30.183332443237304688 30.50333404541015625 31.020000457763671875 31.453332901000976562 31.74666595458984375
30.229999542236328125 30.21666717529296875 30.06999969482421875 29.559999465942382812 29.559999465942382812 30.026666641235351562 30.450000762939453125 30.1399993896484375 29.686666488647460938 29.71666717529296875 29.793333053588867188 29.623332977294921875 29.376667022705078125 29.516666412353515625 29.600000381469726562 29.3600006103515625 29.53333282470703125 30.0366668701171875 30.450000762939453125 30.723333358764648438 31.049999237060546875 31.206666946411132812 30.989999771118164062 30.676666259765625 30.850000381469726562 31.026666641235351562 30.739999771118164062 30.193332672119140625 30.183332443237304688 30.719999313354492188 31.06999969482421875 30.986665725708007812 30.600000381469726562 30.25 29.989999771118164062 30.306667327880859375 30.85333251953125 31.416666030883789062 31.796667098999023438
30.3899993896484375 30.379999160766601562 30.383333206176757812 30.100000381469726562 29.760000228881835938 30.063333511352539062 30.49666595458984375 30.293333053588867188 29.8899993896484375 29.85333251953125 30.126667022705078125 29.953332901000976562 29.696666717529296875 29.796667098999023438 29.823333740234375 29.5 29.366666793823242188 29.806667327880859375 30.386667251586914062 30.7866668701171875 31.079999923706054688 31.323333740234375 31.053333282470703125 30.8600006103515625 31.093334197998046875 31.226667404174804688 30.899999618530273438 30.440000534057617188 30.29000091552734375 30.829999923706054688 31.2133331298828125 31.120000839233398438 30.7133331298828125 30.25333404541015625 30.046667098999023438 30.129999160766601562 30.809999465942382812 31.416666030883789062 31.843334197998046875
30.683332443237304688 30.53333282470703125 30.676666259765625 30.596666336059570312 30.256666183471679688 30.166666030883789062 30.530000686645507812 30.483333587646484375 30.063333511352539062 30.083333969116210938 30.276666641235351562 30.260000228881835938 30.026666641235351562 30.066667556762695312 30.176666259765625 29.663333892822265625 29.363332748413085938 29.43000030517578125 29.843334197998046875 30.329999923706054688 30.899999618530273438 31.206666946411132812 31.156665802001953125 30.936666488647460938 31.263334274291992188 31.426666259765625 31.030000686645507812 30.559999465942382812 30.693332672119140625 30.903333663940429688 31.316667556762695312 31.39333343505859375 30.956666946411132812 30.563333511352539062 30.306667327880859375 30.383333206176757812 30.823333740234375 31.373332977294921875 31.846666336059570312
30.956666946411132812 30.733333587646484375 30.89666748046875 31.013334274291992188 30.653333663940429688 30.350000381469726562 30.590000152587890625 30.763334274291992188 30.60666656494140625 30.476667404174804688 30.54000091552734375 30.613332748413085938 30.376667022705078125 30.506666183471679688 30.586666107177734375 30.196666717529296875 29.670000076293945312 29.49666595458984375 29.526666641235351562 29.933332443237304688 30.526666641235351562 31.243333816528320312 31.056667327880859375 30.99666595458984375 31.280000686645507812 31.46666717529296875 31.21666717529296875 30.899999618530273438 30.89333343505859375 31.093334197998046875 31.296667098999023438 31.469999313354492188 31.270000457763671875 30.920000076293945312 30.666666030883789062 30.583333969116210938 30.913333892822265625 31.3899993896484375 31.873332977294921875
31.236665725708007812 30.956666946411132812 30.99666595458984375 31.25333404541015625 31.053333282470703125 30.626667022705078125 30.719999313354492188 31.086666107177734375 31.093334197998046875 30.829999923706054688 30.773332595825195312 30.816667556762695312 30.739999771118164062 30.909999847412109375 30.913333892822265625 30.633333206176757812 30.329999923706054688 30.006666183471679688 29.8899993896484375 30.100000381469726562 30.75 31.219999313354492188 31.28333282470703125 30.946666717529296875 31.313333511352539062 31.60666656494140625 31.420000076293945312 31.273332595825195312 31.276666641235351562 31.236665725708007812 31.373332977294921875 31.553333282470703125 31.3899993896484375 31.100000381469726562 30.850000381469726562 30.766666412353515625 31.116666793823242188 31.556667327880859375 31.926666259765625
31.49666595458984375 31.309999465942382812 31.219999313354492188 31.379999160766601562 31.329999923706054688 30.979999542236328125 30.913333892822265625 31.25 31.3600006103515625 31.049999237060546875 30.840000152587890625 30.976667404174804688 31.020000457763671875 31.06999969482421875 31.186666488647460938 31.049999237060546875 30.866666793823242188 30.663333892822265625 30.513334274291992188 30.760000228881835938 31.149999618530273438 31.566667556762695312 31.296667098999023438 31.133333206176757812 31.350000381469726562 31.566667556762695312 31.653333663940429688 31.530000686645507812 31.593334197998046875 31.593334197998046875 31.6100006103515625 31.733333587646484375 31.616666793823242188 31.370000839233398438 31.126667022705078125 31.04000091552734375 31.276666641235351562 31.60666656494140625 31.986665725708007812
31.693332672119140625 31.556667327880859375 31.409999847412109375 31.43000030517578125 31.530000686645507812 31.31999969482421875 31.1399993896484375 31.39666748046875 31.520000457763671875 31.176666259765625 30.96666717529296875 31.073333740234375 31.186666488647460938 31.226667404174804688 31.39333343505859375 31.329999923706054688 31.336666107177734375 31.206666946411132812 31.183332443237304688 31.363332748413085938 31.670000076293945312 31.623332977294921875 31.5 31.3600006103515625 31.520000457763671875 31.756666183471679688 31.829999923706054688 31.840000152587890625 31.836666107177734375 31.850000381469726562 31.866666793823242188 31.899999618530273438 31.833333969116210938 31.68000030517578125 31.590000152587890625 31.49666595458984375 31.673334121704101562 31.940000534057617188 32.133335113525390625
31.78333282470703125 31.760000228881835938 31.493333816528320312 31.399999618530273438 31.520000457763671875 31.406665802001953125 31.166666030883789062 31.340000152587890625 31.549999237060546875 31.263334274291992188 31.079999923706054688 31.25 31.190000534057617188 31.29000091552734375 31.413333892822265625 31.563333511352539062 31.530000686645507812 31.576665878295898438 31.613332748413085938 31.833333969116210938 31.813333511352539062 31.666666030883789062 31.423334121704101562 31.526666641235351562 31.766666412353515625 31.870000839233398438 31.969999313354492188 31.976667404174804688 31.983333587646484375 31.973333358764648438 31.976667404174804688 32.009998321533203125 31.969999313354492188 31.953332901000976562 31.923334121704101562 31.946666717529296875 32.086666107177734375 32.229999542236328125 32.223331451416015625
31.863332748413085938 31.793333053588867188 31.690000534057617188 31.4633331298828125 31.596666336059570312 31.559999465942382812 31.299999237060546875 31.350000381469726562 31.523332595825195312 31.379999160766601562 31.229999542236328125 31.350000381469726562 31.31999969482421875 31.183332443237304688 31.386667251586914062 31.576665878295898438 31.7133331298828125 31.756666183471679688 31.870000839233398438 31.93000030517578125 31.979999542236328125 31.659999847412109375 31.506666183471679688 31.636667251586914062 31.816667556762695312 31.946666717529296875 31.99666595458984375 32.0433349609375 32.056667327880859375 32.06999969482421875 32.06333160400390625 32.086666107177734375 32.116664886474609375 32.0800018310546875 32.130001068115234375 32.2066650390625 32.306667327880859375 32.346668243408203125 32.273334503173828125
31.873332977294921875 31.833333969116210938 31.809999465942382812 31.586666107177734375 31.676666259765625 31.7866668701171875 31.600000381469726562 31.523332595825195312 31.663333892822265625 31.530000686645507812 31.520000457763671875 31.456666946411132812 31.45999908447265625 31.193332672119140625 31.323333740234375 31.489999771118164062 31.7133331298828125 31.93000030517578125 31.873332977294921875 32.04000091552734375 32.029998779296875 31.913333892822265625 31.823333740234375 31.850000381469726562 31.979999542236328125 32.00333404541015625 32.0433349609375 32.0666656494140625 32.10666656494140625 32.126667022705078125 32.13666534423828125 32.133335113525390625 32.163333892822265625 32.163333892822265625 32.196666717529296875 32.276668548583984375 32.35333251953125 32.369998931884765625 32.340000152587890625
