Data/Derived/envs/TM.asc
ncols        557
nrows        164
xllcorner    -67.318750000000
yllcorner    17.868750000000
cellsize     0.004166666670
NODATA_value  -3.3999999999999999612e+38
[rows 119 to 135 of 164, columns 117 to 155 of 557]
32.013332366943359375 31.940000534057617188 32.086666107177734375 32.25 32.24666595458984375 32.273334503173828125 32.28333282470703125 32.306667327880859375 32.203334808349609375 32.123332977294921875 32.086666107177734375 32.123332977294921875 32.163333892822265625 32.159999847412109375 32.259998321533203125 32.1100006103515625 31.726667404174804688 31.576665878295898438 31.54000091552734375 31.796667098999023438 31.943332672119140625 31.913333892822265625 31.823333740234375 31.85333251953125 31.850000381469726562 32.116664886474609375 32.483333587646484375 32.4933319091796875 32.4333343505859375 32.279998779296875 32.200000762939453125 32.026668548583984375 31.7866668701171875 31.556667327880859375 31.293333053588867188 31.323333740234375 31.5366668701171875 31.736665725708007812 31.979999542236328125
31.79000091552734375 31.726667404174804688 31.8899993896484375 32.126667022705078125 32.233333587646484375 32.336666107177734375 32.346668243408203125 32.2866668701171875 32.14666748046875 31.946666717529296875 31.833333969116210938 31.803333282470703125 31.8600006103515625 32.009998321533203125 32.119998931884765625 31.989999771118164062 31.590000152587890625 31.293333053588867188 31.453332901000976562 31.649999618530273438 31.806667327880859375 31.706666946411132812 31.64666748046875 31.50333404541015625 31.60666656494140625 31.923334121704101562 32.3600006103515625 32.473331451416015625 32.2066650390625 31.969999313354492188 31.71666717529296875 31.549999237060546875 31.46666717529296875 31.350000381469726562 31.28333282470703125 31.313333511352539062 31.39666748046875 31.54000091552734375 31.799999237060546875
31.8899993896484375 31.79000091552734375 31.85333251953125 32.0366668701171875 32.1833343505859375 32.310001373291015625 32.42333221435546875 32.42333221435546875 32.32666778564453125 32.00333404541015625 31.6399993896484375 31.506666183471679688 31.563333511352539062 31.719999313354492188 31.950000762939453125 32.009998321533203125 31.593334197998046875 31.566667556762695312 31.703332901000976562 31.876667022705078125 31.906665802001953125 31.686666488647460938 31.583333969116210938 31.676666259765625 31.796667098999023438 32.096668243408203125 32.439998626708984375 32.310001373291015625 31.866666793823242188 31.433332443237304688 31.116666793823242188 31.049999237060546875 31.159999847412109375 31.383333206176757812 31.363332748413085938 31.336666107177734375 31.303333282470703125 31.363332748413085938 31.719999313354492188
32.119998931884765625 32.016666412353515625 32.060001373291015625 32.220001220703125 32.2933349609375 32.3899993896484375 32.470001220703125 32.523334503173828125 32.34999847412109375 31.950000762939453125 31.649999618530273438 31.559999465942382812 31.546667098999023438 31.733333587646484375 31.886667251586914062 32 31.81999969482421875 31.766666412353515625 32.053333282470703125 32.259998321533203125 32.1100006103515625 31.899999618530273438 31.836666107177734375 32 32.24666595458984375 32.346668243408203125 32.306667327880859375 31.940000534057617188 31.436666488647460938 31.00333404541015625 30.693332672119140625 30.703332901000976562 31.043333053588867188 31.399999618530273438 31.483333587646484375 31.376667022705078125 31.423334121704101562 31.423334121704101562 31.75
32.36333465576171875 32.21666717529296875 32.14333343505859375 32.263332366943359375 32.29000091552734375 32.306667327880859375 32.34999847412109375 32.5066680908203125 32.35666656494140625 32.009998321533203125 31.85666656494140625 31.836666107177734375 31.8600006103515625 31.906665802001953125 32.090000152587890625 32.18666839599609375 32.096668243408203125 32.06999969482421875 32.276668548583984375 32.25 32.133335113525390625 31.920000076293945312 32.026668548583984375 32.259998321533203125 32.43000030517578125 32.376667022705078125 32.06999969482421875 31.566667556762695312 31.256666183471679688 30.96666717529296875 30.74666595458984375 30.739999771118164062 31.083333969116210938 31.453332901000976562 31.483333587646484375 31.39333343505859375 31.39333343505859375 31.453332901000976562 31.719999313354492188
32.376667022705078125 32.159999847412109375 31.943332672119140625 31.8899993896484375 31.936666488647460938 31.93000030517578125 32.056667327880859375 32.383335113525390625 32.4933319091796875 32.2933349609375 32.200000762939453125 32.090000152587890625 31.936666488647460938 32.0666656494140625 32.196666717529296875 32.366664886474609375 32.3899993896484375 32.40000152587890625 32.236667633056640625 32.166667938232421875 31.909999847412109375 31.870000839233398438 32.049999237060546875 32.409999847412109375 32.526668548583984375 32.409999847412109375 31.946666717529296875 31.616666793823242188 31.413333892822265625 31.29000091552734375 31.043333053588867188 31.056667327880859375 31.256666183471679688 31.543333053588867188 31.613332748413085938 31.45999908447265625 31.413333892822265625 31.473333358764648438 31.579999923706054688
32.373332977294921875 32.083332061767578125 31.75 31.706666946411132812 31.683332443237304688 31.7133331298828125 31.89666748046875 32.299999237060546875 32.546665191650390625 32.520000457763671875 32.416667938232421875 32.200000762939453125 32.013332366943359375 32.073333740234375 32.2433319091796875 32.39333343505859375 32.513332366943359375 32.416667938232421875 32.233333587646484375 31.99666595458984375 31.886667251586914062 31.840000152587890625 32.023334503173828125 32.369998931884765625 32.5433349609375 32.409999847412109375 32.023334503173828125 31.829999923706054688 31.743333816528320312 31.593334197998046875 31.313333511352539062 31.243333816528320312 31.336666107177734375 31.549999237060546875 31.623332977294921875 31.613332748413085938 31.620000839233398438 31.53333282470703125 31.49666595458984375
32.310001373291015625 32.116664886474609375 31.916666030883789062 31.773332595825195312 31.823333740234375 31.923334121704101562 32.0366668701171875 32.376667022705078125 32.60333251953125 32.633335113525390625 32.5433349609375 32.39333343505859375 32.2133331298828125 32.273334503173828125 32.35666656494140625 32.470001220703125 32.54000091552734375 32.3899993896484375 32.10666656494140625 31.973333358764648438 31.956666946411132812 31.829999923706054688 31.933332443237304688 32.220001220703125 32.513332366943359375 32.4199981689453125 32.20999908447265625 31.933332443237304688 31.89333343505859375 31.549999237060546875 31.373332977294921875 31.21666717529296875 31.186666488647460938 31.239999771118164062 31.56999969482421875 31.666666030883789062 31.770000457763671875 31.79000091552734375 31.556667327880859375
32.166667938232421875 32.090000152587890625 32.009998321533203125 32.04000091552734375 32.046665191650390625 32.086666107177734375 32.223331451416015625 32.43000030517578125 32.630001068115234375 32.659999847412109375 32.65000152587890625 32.54000091552734375 32.483333587646484375 32.443332672119140625 32.5066680908203125 32.5433349609375 32.560001373291015625 32.40000152587890625 32.130001068115234375 32.060001373291015625 32 31.926666259765625 31.876667022705078125 32.18666839599609375 32.450000762939453125 32.520000457763671875 32.200000762939453125 32.086666107177734375 31.803333282470703125 31.683332443237304688 31.5366668701171875 31.510000228881835938 31.303333282470703125 31.273332595825195312 31.266666412353515625 31.556667327880859375 31.656665802001953125 31.690000534057617188 31.71666717529296875
32.14333343505859375 32.10333251953125 32.156665802001953125 32.2133331298828125 32.2133331298828125 32.25333404541015625 32.279998779296875 32.476665496826171875 32.6100006103515625 32.67333221435546875 32.68000030517578125 32.6699981689453125 32.619998931884765625 32.6100006103515625 32.59999847412109375 32.619998931884765625 32.596668243408203125 32.406665802001953125 32.233333587646484375 32.14666748046875 32.133335113525390625 32.073333740234375 32.07666778564453125 32.2866668701171875 32.4933319091796875 32.470001220703125 32.299999237060546875 32.009998321533203125 31.913333892822265625 31.803333282470703125 31.840000152587890625 31.760000228881835938 31.596666336059570312 31.276666641235351562 31.276666641235351562 31.370000839233398438 31.506666183471679688 31.706666946411132812 31.666666030883789062
32.026668548583984375 32.00333404541015625 32.1100006103515625 32.2133331298828125 32.310001373291015625 32.3300018310546875 32.453334808349609375 32.553333282470703125 32.67333221435546875 32.68666839599609375 32.689998626708984375 32.693332672119140625 32.676666259765625 32.63666534423828125 32.61333465576171875 32.623332977294921875 32.479999542236328125 32.31333160400390625 32.196666717529296875 32.15000152587890625 32.176666259765625 32.223331451416015625 32.323333740234375 32.43666839599609375 32.549999237060546875 32.473331451416015625 32.18666839599609375 32.016666412353515625 31.956666946411132812 31.933332443237304688 31.926666259765625 31.8899993896484375 31.649999618530273438 31.450000762939453125 31.28333282470703125 31.39666748046875 31.596666336059570312 31.683332443237304688 31.93000030517578125
32.06333160400390625 32.053333282470703125 32.176666259765625 32.303333282470703125 32.380001068115234375 32.490001678466796875 32.56333160400390625 32.68000030517578125 32.696666717529296875 32.696666717529296875 32.703334808349609375 32.7066650390625 32.666667938232421875 32.633335113525390625 32.61333465576171875 32.53333282470703125 32.4199981689453125 32.29000091552734375 32.270000457763671875 32.310001373291015625 32.3600006103515625 32.439998626708984375 32.4933319091796875 32.556667327880859375 32.560001373291015625 32.5 32.299999237060546875 32.13666534423828125 32.0066680908203125 31.976667404174804688 31.906665802001953125 31.799999237060546875 31.673334121704101562 31.4633331298828125 31.273332595825195312 31.323333740234375 31.433332443237304688 31.6100006103515625 31.81999969482421875
32.20999908447265625 32.189998626708984375 32.259998321533203125 32.40000152587890625 32.513332366943359375 32.573333740234375 32.68000030517578125 32.7133331298828125 32.70999908447265625 32.7066650390625 32.70999908447265625 32.676666259765625 32.656665802001953125 32.619998931884765625 32.616664886474609375 32.590000152587890625 32.483333587646484375 32.453334808349609375 32.5 32.509998321533203125 32.529998779296875 32.5666656494140625 32.57666778564453125 32.5666656494140625 32.5666656494140625 32.529998779296875 32.4199981689453125 32.1399993896484375 31.943332672119140625 31.7133331298828125 31.673334121704101562 31.553333282470703125 31.413333892822265625 31.266666412353515625 31.163333892822265625 31.176666259765625 31.293333053588867188 31.436666488647460938 31.71666717529296875
32.1699981689453125 32.119998931884765625 32.279998779296875 32.450000762939453125 32.61333465576171875 32.689998626708984375 32.720001220703125 32.720001220703125 32.720001220703125 32.71666717529296875 32.700000762939453125 32.663333892822265625 32.626667022705078125 32.619998931884765625 32.616664886474609375 32.61333465576171875 32.586666107177734375 32.57666778564453125 32.590000152587890625 32.5800018310546875 32.590000152587890625 32.583332061767578125 32.5800018310546875 32.57666778564453125 32.57666778564453125 32.56999969482421875 32.4566650390625 32.279998779296875 31.936666488647460938 31.809999465942382812 31.690000534057617188 31.663333892822265625 31.530000686645507812 31.366666793823242188 31.323333740234375 31.3899993896484375 31.46666717529296875 31.559999465942382812 31.776666641235351562
32.119998931884765625 32.2133331298828125 32.3600006103515625 32.56999969482421875 32.68000030517578125 32.720001220703125 32.729999542236328125 32.726665496826171875 32.726665496826171875 32.720001220703125 32.700000762939453125 32.663333892822265625 32.64333343505859375 32.6399993896484375 32.633335113525390625 32.630001068115234375 32.623332977294921875 32.619998931884765625 32.6100006103515625 32.6100006103515625 32.60666656494140625 32.59999847412109375 32.596668243408203125 32.593334197998046875 32.593334197998046875 32.590000152587890625 32.56999969482421875 32.450000762939453125 32.240001678466796875 31.986665725708007812 31.886667251586914062 31.833333969116210938 31.733333587646484375 31.629999160766601562 31.56999969482421875 31.636667251586914062 31.743333816528320312 31.806667327880859375 31.903333663940429688
32.3600006103515625 32.413333892822265625 32.526668548583984375 32.630001068115234375 32.70999908447265625 32.729999542236328125 32.729999542236328125 32.726665496826171875 32.726665496826171875 32.720001220703125 32.71666717529296875 32.693332672119140625 32.689998626708984375 32.68666839599609375 32.6833343505859375 32.676666259765625 32.67333221435546875 32.666667938232421875 32.663333892822265625 32.656665802001953125 32.653331756591796875 32.65000152587890625 32.64666748046875 32.6399993896484375 32.6399993896484375 32.633335113525390625 32.633335113525390625 32.583332061767578125 32.446666717529296875 32.240001678466796875 32.020000457763671875 31.89666748046875 31.850000381469726562 31.719999313354492188 31.723333358764648438 31.813333511352539062 31.913333892822265625 32.046665191650390625 32.116664886474609375
32.549999237060546875 32.6399993896484375 32.666667938232421875 32.720001220703125 32.733333587646484375 32.736667633056640625 32.729999542236328125 32.726665496826171875 32.726665496826171875 32.720001220703125 32.68000030517578125 32.70999908447265625 32.7066650390625 32.7066650390625 32.696666717529296875 32.696666717529296875 32.70999908447265625 32.70999908447265625 32.7066650390625 32.693332672119140625 32.68666839599609375 32.68000030517578125 32.67333221435546875 32.666667938232421875 32.653331756591796875 32.64666748046875 32.630001068115234375 32.630001068115234375 32.583332061767578125 32.45999908447265625 32.240001678466796875 32.03333282470703125 31.85333251953125 31.899999618530273438 31.8600006103515625 31.920000076293945312 32.026668548583984375 32.093334197998046875 32.1699981689453125
