Data/tmin/PRISM_tmin_pr_1963-1995_normal_450mM1_05_asc.asc
ncols 557
nrows 164
xllcorner -67.31875000000
yllcorner 17.86875000000
cellsize 0.00416666667
NODATA_value -9999
[rows 72 to 107 of 164, columns 328 to 409 of 557]
2016 2019 2019 2017 2022 2023 2020 2016 2013 2010 2005 2001 1985 1980 1955 1933 1918 1921 1912 1917 1926 1930 1928 1938 1958 1950 1926 1908 1884 1870 1856 1850 1856 1892 1938 1984 2016 2046 2062 2069 2039 1985 1944 1918 1913 1933 1963 1989 2029 2063 2087 2104 2113 2126 2152 2176 2191 2200 2213 2220 2215 2200 2202 2215 2228 2215 2204 2211 2222 2245 2275 2293 2304 2310 2314 2315 2315 2314 2311 2308 2304 2300
2002 2016 2010 2012 2014 2019 2021 2022 2021 2019 2018 2014 2011 2002 1997 1982 1970 1969 1961 1966 1968 1963 1973 1991 1993 1969 1950 1940 1920 1892 1872 1862 1878 1907 1946 1988 2028 2067 2097 2114 2092 2056 2022 1999 1989 2008 2025 2038 2066 2095 2118 2131 2133 2146 2165 2189 2203 2209 2221 2229 2228 2221 2224 2226 2214 2189 2204 2225 2249 2269 2287 2301 2306 2312 2312 2313 2314 2313 2311 2308 2304 2301
1991 2003 2008 2002 2005 2013 2019 2023 2024 2023 2022 2022 2019 2016 2017 2011 2004 2001 1996 2001 2003 1999 2010 2027 2031 2009 1998 1993 1960 1927 1895 1880 1885 1905 1934 1964 1992 2035 2083 2123 2126 2107 2085 2069 2060 2074 2082 2082 2098 2121 2141 2154 2161 2162 2172 2190 2210 2217 2227 2235 2237 2233 2230 2229 2201 2180 2200 2246 2268 2283 2296 2305 2309 2307 2306 2309 2310 2311 2309 2303 2301 2298
1973 1993 1997 1998 1998 2005 2014 2022 2024 2023 2022 2020 2013 2011 2013 2018 2022 2020 2021 2026 2030 2033 2038 2051 2055 2048 2042 2027 1998 1964 1934 1910 1905 1923 1941 1964 1985 2015 2068 2120 2144 2135 2122 2115 2117 2121 2122 2111 2116 2138 2159 2173 2178 2174 2170 2191 2209 2222 2228 2235 2242 2237 2234 2235 2219 2197 2219 2251 2278 2292 2303 2306 2304 2299 2301 2305 2311 2311 2307 2302 2295 2294
1970 1985 1996 1996 2000 2007 2015 2022 2024 2024 2023 2018 2009 1999 2001 2015 2024 2030 2034 2040 2045 2049 2055 2062 2069 2067 2066 2056 2032 2006 1974 1951 1946 1953 1975 1998 2022 2048 2088 2136 2153 2151 2140 2139 2146 2152 2146 2133 2129 2138 2164 2184 2189 2180 2174 2193 2212 2215 2214 2218 2238 2239 2238 2245 2246 2238 2250 2269 2287 2299 2304 2303 2295 2299 2302 2310 2312 2311 2308 2302 2295 2292
1960 1974 1987 1995 2002 2011 2018 2021 2023 2024 2025 2024 2018 2010 2009 2017 2029 2032 2034 2041 2046 2055 2060 2064 2069 2077 2078 2075 2064 2039 2013 1994 1986 1997 2010 2037 2064 2096 2127 2153 2165 2161 2156 2156 2164 2170 2169 2156 2141 2138 2153 2180 2194 2187 2184 2199 2211 2207 2195 2203 2227 2245 2245 2252 2261 2264 2274 2284 2293 2299 2302 2296 2293 2298 2309 2312 2311 2309 2307 2302 2297 2291
1946 1961 1978 1992 1999 2010 2018 2019 2018 2020 2024 2025 2025 2023 2018 2025 2033 2032 2033 2031 2040 2053 2058 2059 2063 2071 2075 2085 2082 2070 2053 2038 2033 2035 2049 2068 2095 2123 2151 2166 2170 2170 2164 2168 2177 2184 2182 2177 2164 2152 2161 2179 2195 2199 2198 2207 2218 2215 2210 2207 2240 2256 2256 2259 2261 2270 2279 2286 2294 2298 2299 2293 2293 2301 2308 2308 2308 2306 2304 2301 2296 2292
1929 1945 1967 1981 1994 2007 2015 2011 2011 2015 2021 2024 2026 2023 2020 2025 2033 2039 2034 2032 2037 2050 2058 2054 2053 2053 2065 2079 2085 2087 2082 2072 2066 2074 2085 2102 2118 2142 2157 2167 2173 2171 2169 2173 2184 2188 2185 2182 2177 2174 2174 2187 2198 2205 2206 2213 2218 2225 2218 2224 2241 2258 2263 2261 2265 2269 2277 2286 2291 2295 2292 2292 2294 2302 2304 2304 2304 2303 2301 2298 2295 2290
1930 1935 1958 1979 1993 2007 2011 2003 1999 2010 2018 2024 2025 2024 2020 2025 2031 2041 2045 2042 2047 2060 2064 2062 2056 2056 2060 2074 2076 2083 2092 2092 2090 2100 2114 2126 2138 2146 2157 2166 2171 2176 2174 2181 2187 2190 2191 2189 2190 2191 2196 2198 2206 2210 2213 2215 2223 2228 2228 2231 2247 2257 2263 2267 2266 2271 2273 2280 2288 2289 2288 2288 2294 2298 2299 2300 2300 2299 2297 2295 2292 2289
1942 1942 1956 1977 1996 2008 2013 2005 2000 2007 2019 2024 2025 2024 2024 2021 2033 2039 2047 2050 2055 2062 2070 2072 2073 2069 2074 2072 2054 2071 2086 2098 2104 2110 2119 2129 2133 2136 2145 2160 2170 2175 2178 2183 2187 2191 2193 2196 2199 2202 2204 2207 2210 2213 2217 2222 2226 2232 2237 2241 2251 2256 2261 2265 2267 2266 2266 2275 2284 2288 2286 2287 2289 2292 2295 2295 2295 2294 2293 2291 2289 2287
1966 1957 1959 1974 1988 2000 2014 2014 2007 2009 2019 2026 2025 2025 2024 2028 2034 2045 2049 2051 2057 2063 2067 2070 2069 2076 2076 2067 2049 2053 2072 2092 2103 2105 2108 2117 2119 2124 2133 2151 2161 2169 2173 2179 2183 2188 2192 2196 2200 2203 2206 2208 2211 2215 2220 2223 2227 2234 2238 2244 2251 2256 2261 2265 2266 2264 2265 2270 2281 2284 2285 2284 2282 2284 2289 2290 2289 2290 2289 2289 2287 2285
1991 1974 1970 1971 1977 1985 2010 2022 2019 2018 2021 2027 2027 2027 2029 2033 2045 2049 2050 2054 2059 2063 2064 2057 2051 2055 2074 2070 2057 2057 2065 2080 2097 2106 2106 2108 2122 2125 2135 2143 2152 2155 2156 2162 2167 2173 2186 2194 2199 2203 2206 2209 2212 2216 2219 2218 2222 2226 2224 2231 2238 2254 2262 2266 2269 2270 2267 2275 2277 2281 2283 2281 2279 2281 2284 2285 2287 2287 2289 2289 -9999 -9999
2004 1996 1984 1982 1976 1980 2001 2023 2030 2029 2028 2031 2030 2031 2034 2040 2049 2052 2052 2060 2063 2066 2067 2054 2038 2038 2044 2056 2057 2062 2058 2073 2097 2106 2107 2115 2116 2136 2142 2152 2155 2152 2148 2146 2149 2157 2171 2186 2195 2201 2205 2208 2212 2215 2216 2213 2211 2212 2210 2209 2223 2242 2260 2266 2270 2274 2278 2278 2281 2280 2280 2281 2281 2282 2283 2284 2284 2287 2287 -9999 -9999 -9999
2015 2007 2002 1998 1992 1990 2005 2020 2034 2038 2038 2037 2041 2040 2043 2046 2053 2052 2057 2064 2069 2069 2070 2066 2046 2027 2018 2015 2038 2054 2059 2082 2105 2118 2118 2113 2119 2130 2145 2153 2162 2164 2160 2163 2160 2162 2171 2180 2190 2198 2203 2207 2211 2215 2216 2211 2212 2214 2211 2214 2222 2240 2257 2265 2269 2274 2277 2281 2281 -9999 2279 2279 2280 2282 2282 2283 2283 2284 -9999 -9999 -9999 -9999
2019 2016 2012 2011 2008 2005 2011 2021 2031 2040 2043 2046 2048 2051 2052 2056 2059 2059 2062 2069 2072 2072 2073 2070 2060 2032 2005 2001 2023 2051 2065 2089 2121 2128 2129 2130 2129 2139 2148 2155 2157 2159 2169 2173 2176 2177 2180 2186 2192 2197 2201 2205 2209 2214 2217 2217 2218 2221 2221 2224 2230 2243 2255 2263 2267 2272 2275 2277 -9999 -9999 -9999 -9999 2278 2279 2280 -9999 2281 -9999 -9999 -9999 -9999 -9999
2024 2023 2021 2021 2019 2019 2019 2026 2033 2042 2049 2050 2054 2057 2060 2063 2064 2066 2067 2070 2072 2072 2071 2070 2061 2046 2021 2015 2043 2066 2079 2105 2126 2134 2138 2141 2143 2150 2154 2153 2148 2152 2162 2173 2177 2181 2184 2188 2192 2195 2199 2204 2210 2214 2218 2221 2223 2226 2226 2230 2237 2239 2253 2259 2263 -9999 -9999 -9999 -9999 -9999 -9999 -9999 -9999 -9999 -9999 -9999 -9999 -9999 -9999 -9999 -9999 -9999
2028 2027 2024 2027 2026 2023 2027 2031 2038 2045 2052 2055 2058 2063 2066 2067 2069 2070 2071 2072 2074 2071 2068 2067 2064 2051 2040 2033 2055 2085 2089 2113 2130 2131 2140 2145 2149 2153 2157 2156 2152 2152 2165 2173 2176 2179 2183 2186 2190 2193 2198 2203 2210 2215 2218 2221 2224 2226 2229 2234 2235 2241 2247 2256 2260 -9999 -9999 -9999 -9999 -9999 -9999 -9999 -9999 -9999 -9999 -9999 -9999 -9999 -9999 -9999 -9999 -9999
2025 2020 2019 2016 2017 2022 2027 2036 2042 2050 2057 2059 2062 2066 2069 2071 2073 2074 2076 2078 2077 2076 2075 2074 2072 2067 2050 2043 2053 2068 2081 2094 2119 2122 2133 2144 2149 2152 2154 2159 2158 2161 2168 2172 2175 2178 2181 2184 2188 2192 2196 2203 2209 2214 2219 2223 2225 2228 2231 2235 2240 2239 2248 2252 -9999 -9999 -9999 -9999 -9999 -9999 -9999 -9999 -9999 -9999 -9999 -9999 -9999 -9999 -9999 -9999 -9999 -9999
2013 2003 1991 1995 1994 2008 2023 2036 2046 2052 2058 2061 2064 2065 2068 2071 2073 2074 2080 2083 2086 2084 2081 2082 2082 2077 2070 2053 2058 2071 2068 2083 2105 2115 2126 2140 2146 2147 2148 2152 2155 2163 2167 2170 2173 2176 2179 2182 2187 2191 2195 2202 2208 2212 -9999 -9999 -9999 -9999 2233 2235 2238 2242 2245 -9999 -9999 -9999 -9999 -9999 -9999 -9999 -9999 -9999 -9999 -9999 -9999 -9999 -9999 -9999 -9999 -9999 -9999 -9999
1997 1976 1967 1956 1966 1983 2008 2026 2040 2047 2051 2058 2058 2060 2058 2065 2068 2072 2079 2088 2090 2091 2093 2092 2092 2091 2086 2079 2080 2094 2090 2083 2098 2108 2119 2127 2140 2139 2131 2132 2144 2156 2165 2168 2171 2174 2177 2182 2186 2190 2196 2201 2207 2210 -9999 -9999 -9999 -9999 -9999 -9999 -9999 2241 -9999 -9999 -9999 -9999 -9999 -9999 -9999 -9999 -9999 -9999 -9999 -9999 -9999 -9999 -9999 -9999 -9999 -9999 -9999 -9999
1993 1979 1955 1949 1938 1959 1982 2008 2026 2035 2044 2050 2053 2045 2046 2053 2061 2065 2077 2082 2085 2090 2095 2104 2107 2105 2105 2097 2100 2112 2108 2090 2098 2106 2107 2112 2123 2120 2111 2115 2132 2154 2163 2167 2170 2173 2176 2181 2185 2190 2195 2201 2204 -9999 -9999 -9999 -9999 -9999 -9999 -9999 -9999 -9999 -9999 -9999 -9999 -9999 -9999 -9999 -9999 -9999 -9999 -9999 -9999 -9999 -9999 -9999 -9999 -9999 -9999 -9999 -9999 -9999
1998 1988 1979 1950 1934 1934 1960 1987 2010 2025 2038 2044 2037 2032 2028 2038 2052 2062 2071 2079 2077 2077 2088 2101 2111 2116 2119 2116 2114 2121 2118 2104 2100 2103 2105 2104 2108 2113 2103 2114 2132 2153 2161 2165 2169 2173 2177 2181 2186 2190 2195 2198 -9999 -9999 -9999 -9999 -9999 -9999 -9999 -9999 -9999 -9999 -9999 -9999 -9999 -9999 -9999 -9999 -9999 -9999 -9999 -9999 -9999 -9999 -9999 -9999 -9999 -9999 -9999 -9999 -9999 -9999
1996 1994 1984 1964 1923 1912 1931 1958 1991 2013 2029 2030 2017 2005 2005 2019 2037 2054 2070 2076 2077 2073 2080 2095 2110 2115 2124 2125 2125 2128 2129 2119 2112 2110 2113 2116 2124 2123 2124 2128 2138 2150 2157 2163 2166 2172 2177 2182 2186 2190 2193 -9999 -9999 -9999 -9999 -9999 -9999 -9999 -9999 -9999 -9999 -9999 -9999 -9999 -9999 -9999 -9999 -9999 -9999 -9999 -9999 -9999 -9999 -9999 -9999 -9999 -9999 -9999 -9999 -9999 -9999 -9999
1986 1984 1983 1962 1924 1896 1912 1943 1972 2000 2022 2012 1992 1979 1981 1995 2020 2043 2060 2072 2077 2076 2083 2097 2110 2117 2124 2128 2129 2131 2131 2131 2125 2117 2123 2133 2136 2142 2141 2142 2144 2151 2157 2161 2167 2173 2178 2182 2186 2188 -9999 -9999 -9999 -9999 -9999 -9999 -9999 -9999 -9999 -9999 -9999 -9999 -9999 -9999 -9999 -9999 -9999 -9999 -9999 -9999 -9999 -9999 -9999 -9999 -9999 -9999 -9999 -9999 -9999 -9999 -9999 -9999
1971 1957 1959 1953 1914 1891 1901 1928 1956 1987 2009 2008 1983 1966 1969 1982 2005 2029 2051 2063 2070 2073 2085 2100 2111 2117 2123 2128 2130 2131 2132 2133 2130 2124 2127 2134 2141 2145 2147 2149 2151 2155 2159 2164 2168 2174 2178 2180 -9999 -9999 -9999 -9999 -9999 -9999 -9999 -9999 -9999 -9999 -9999 -9999 -9999 -9999 -9999 -9999 -9999 -9999 -9999 -9999 -9999 -9999 -9999 -9999 -9999 -9999 -9999 -9999 -9999 -9999 -9999 -9999 -9999 -9999
1947 1934 1935 1931 1913 1891 1896 1916 1943 1974 2006 2012 1999 1981 1979 1990 2010 2029 2045 2053 2062 2070 2086 2102 2113 2118 2123 2127 2130 2131 2132 2133 2134 2132 2132 2138 2141 2144 2148 2151 2153 2156 2160 2164 2169 2174 2177 -9999 -9999 -9999 -9999 -9999 -9999 -9999 -9999 -9999 -9999 -9999 -9999 -9999 -9999 -9999 -9999 -9999 -9999 -9999 -9999 -9999 -9999 -9999 -9999 -9999 -9999 -9999 -9999 -9999 -9999 -9999 -9999 -9999 -9999 -9999
1945 1928 1921 1918 1907 1892 1893 1908 1934 1960 1990 2009 2008 1994 1996 2006 2019 2031 2041 2047 2056 2071 2090 2103 2108 2116 2123 2127 2129 2125 2130 2131 2134 2136 2137 2139 2141 2144 2148 2151 2154 2157 2160 2165 2170 2174 2176 -9999 -9999 -9999 -9999 -9999 -9999 -9999 -9999 -9999 -9999 -9999 -9999 -9999 -9999 -9999 -9999 -9999 -9999 -9999 -9999 -9999 -9999 -9999 -9999 -9999 -9999 -9999 -9999 -9999 -9999 -9999 -9999 -9999 -9999 -9999
1947 1931 1926 1914 1910 1908 1903 1918 1933 1952 1974 1996 2003 2002 2005 2017 2027 2036 2044 2050 2060 2076 2090 2095 2100 2112 2122 2126 2122 2117 2121 2130 2132 2134 2135 2140 2142 2145 2148 2151 2154 2158 2162 2166 2171 2173 -9999 -9999 -9999 -9999 -9999 -9999 -9999 -9999 -9999 -9999 -9999 -9999 -9999 -9999 -9999 -9999 -9999 -9999 -9999 -9999 -9999 -9999 -9999 -9999 -9999 -9999 -9999 -9999 -9999 -9999 -9999 -9999 -9999 -9999 -9999 -9999
1930 1925 1917 1914 1919 1925 1930 1937 1953 1965 1982 1999 2008 2009 2018 2025 2032 2039 2045 2051 2060 2076 2086 2088 2092 2107 2116 2117 2111 2102 2115 2126 2131 2131 2133 2138 2143 2146 2148 2151 2155 2159 2163 2168 2170 -9999 -9999 -9999 -9999 -9999 -9999 -9999 -9999 -9999 -9999 -9999 -9999 -9999 -9999 -9999 -9999 -9999 -9999 -9999 -9999 -9999 -9999 -9999 -9999 -9999 -9999 -9999 -9999 -9999 -9999 -9999 -9999 -9999 -9999 -9999 -9999 -9999
1918 1903 1900 1898 1910 1927 1940 1953 1969 1982 1999 2009 2017 2021 2025 2031 2035 2041 2044 2049 2063 2075 2076 2077 2082 2093 2095 2087 2082 2087 2107 2123 2129 2130 2133 2141 2144 2147 2150 2153 2156 2160 2165 2168 2170 -9999 -9999 -9999 -9999 -9999 -9999 -9999 -9999 -9999 -9999 -9999 -9999 -9999 -9999 -9999 -9999 -9999 -9999 -9999 -9999 -9999 -9999 -9999 -9999 -9999 -9999 -9999 -9999 -9999 -9999 -9999 -9999 -9999 -9999 -9999 -9999 -9999
1920 1899 1886 1887 1899 1914 1931 1952 1971 1988 2002 2014 2020 2021 2023 2027 2038 2040 2045 2054 2067 2065 2053 2053 2063 2071 2067 2066 2071 2087 2110 2122 2122 2122 2128 2140 2145 2149 2150 2151 2158 2162 2166 2169 -9999 -9999 -9999 -9999 -9999 -9999 -9999 -9999 -9999 -9999 -9999 -9999 -9999 -9999 -9999 -9999 -9999 -9999 -9999 -9999 -9999 -9999 -9999 -9999 -9999 -9999 -9999 -9999 -9999 -9999 -9999 -9999 -9999 -9999 -9999 -9999 -9999 -9999
1929 1907 1896 1901 1903 1910 1925 1946 1967 1989 2008 2020 2024 2021 2014 2025 2032 2042 2043 2052 2059 2044 2026 2029 2048 2056 2065 2078 2091 2106 2119 2122 2113 2114 2124 2136 2147 2149 2146 2148 2155 2163 2168 2170 -9999 -9999 -9999 -9999 -9999 -9999 -9999 -9999 -9999 -9999 -9999 -9999 -9999 -9999 -9999 -9999 -9999 -9999 -9999 -9999 -9999 -9999 -9999 -9999 -9999 -9999 -9999 -9999 -9999 -9999 -9999 -9999 -9999 -9999 -9999 -9999 -9999 -9999
1925 1916 1916 1923 1926 1921 1931 1949 1968 1989 2012 2026 2031 2019 2016 2022 2036 2040 2042 2048 2050 2034 2018 2030 2049 2059 2069 2085 2101 2110 2121 2123 2121 2119 2128 2141 2148 2148 2148 2147 2156 2164 2168 2171 2173 -9999 -9999 -9999 -9999 -9999 -9999 -9999 -9999 -9999 -9999 -9999 -9999 -9999 -9999 -9999 -9999 -9999 -9999 -9999 -9999 -9999 -9999 -9999 -9999 -9999 -9999 -9999 -9999 -9999 -9999 -9999 -9999 -9999 -9999 -9999 -9999 -9999
1919 1920 1929 1945 1941 1935 1936 1948 1966 1989 2014 2033 2039 2035 2030 2038 2049 2051 2054 2054 2054 2044 2042 2057 2073 2075 2076 2087 2098 2110 2125 2136 2132 2135 2139 2147 2150 2152 2153 2156 2163 2167 2171 2172 -9999 -9999 -9999 -9999 -9999 -9999 -9999 -9999 -9999 -9999 -9999 -9999 -9999 -9999 -9999 -9999 -9999 -9999 -9999 -9999 -9999 -9999 -9999 -9999 -9999 -9999 -9999 -9999 -9999 -9999 -9999 -9999 -9999 -9999 -9999 -9999 -9999 -9999
1916 1924 1936 1948 1953 1948 1943 1949 1965 1988 2013 2036 2048 2048 2049 2060 2066 2069 2070 2069 2063 2065 2081 2095 2103 2100 2096 2099 2111 2124 2137 2145 2147 2146 2150 2153 2155 2155 2158 2163 2167 2171 2172 -9999 -9999 -9999 -9999 -9999 -9999 -9999 -9999 -9999 -9999 -9999 -9999 -9999 -9999 -9999 -9999 -9999 -9999 -9999 -9999 -9999 -9999 -9999 -9999 -9999 -9999 -9999 -9999 -9999 -9999 -9999 -9999 -9999 -9999 -9999 -9999 -9999 -9999 -9999
1915 1918 1929 1943 1958 1966 1965 1968 1983 2003 2027 2047 2059 2058 2064 2075 2085 2091 2095 2095 2092 2100 2115 2129 2125 2118 2120 2125 2134 2142 2148 2152 2152 2154 2157 2159 2161 2160 2163 2167 2171 2173 -9999 -9999 -9999 -9999 -9999 -9999 -9999 -9999 -9999 -9999 -9999 -9999 -9999 -9999 -9999 -9999 -9999 -9999 -9999 -9999 -9999 -9999 -9999 -9999 -9999 -9999 -9999 -9999 -9999 -9999 -9999 -9999 -9999 -9999 -9999 -9999 -9999 -9999 -9999 -9999
