Data/tmin/PRISM_tmin_pr_1963-1995_normal_450mM1_03_asc.asc
ncols 557
nrows 164
xllcorner -67.31875000000
yllcorner 17.86875000000
cellsize 0.00416666667
NODATA_value -9999
[rows 36 to 71 of 164, columns 0 to 81 of 557]
-9999 -9999 -9999 -9999 -9999 -9999 -9999 -9999 -9999 -9999 -9999 -9999 -9999 -9999 -9999 -9999 -9999 -9999 -9999 -9999 -9999 -9999 -9999 -9999 -9999 -9999 1908 1904 1898 1890 1881 1871 1862 1853 1848 1843 1852 1845 1836 1822 1805 1789 1779 1776 1776 1774 1775 1774 1777 1778 1778 1781 1785 1782 1782 1782 1789 1796 1802 1815 1819 1818 1818 1825 1835 1845 1841 1840 1844 1850 1858 1861 1862 1858 1857 1853 1854 1853 1848 1842 1835 1835
-9999 -9999 -9999 -9999 -9999 -9999 -9999 -9999 -9999 -9999 -9999 -9999 -9999 -9999 -9999 -9999 -9999 -9999 -9999 -9999 -9999 -9999 -9999 -9999 1927 1920 1911 1902 1895 1884 1875 1864 1851 1841 1836 1834 1835 1831 1819 1804 1791 1779 1774 1774 1774 1771 1767 1761 1760 1756 1756 1757 1760 1761 1759 1759 1763 1767 1777 1788 1792 1787 1785 1795 1809 1819 1817 1816 1823 1829 1837 1838 1834 1832 1831 1829 1832 1831 1828 1823 1819 1822
-9999 -9999 -9999 -9999 -9999 -9999 -9999 -9999 -9999 -9999 -9999 -9999 -9999 -9999 -9999 -9999 -9999 -9999 -9999 -9999 -9999 1948 1944 1937 1930 1922 1911 1903 1892 1881 1871 1858 1845 1837 1828 1825 1821 1813 1799 1790 1781 1774 1775 1776 1774 1772 1767 1760 1750 1745 1742 1741 1742 1741 1740 1740 1741 1748 1757 1769 1767 1759 1758 1767 1785 1794 1791 1789 1797 1807 1810 1808 1804 1797 1798 1800 1807 1812 1810 1809 1804 1808
-9999 -9999 -9999 -9999 -9999 -9999 -9999 -9999 -9999 -9999 -9999 -9999 -9999 -9999 -9999 -9999 -9999 1964 1962 1959 1955 1950 1945 1938 1930 1921 1912 1902 1891 1879 1867 1856 1841 1830 1823 1808 1804 1795 1784 1780 1775 1776 1776 1776 1776 1772 1768 1755 1745 1739 1737 1737 1735 1733 1731 1728 1729 1730 1740 1749 1743 1737 1736 1744 1762 1772 1765 1762 1771 1781 1784 1781 1776 1768 1768 1774 1785 1793 1799 1799 1799 1800
-9999 -9999 -9999 -9999 -9999 -9999 -9999 -9999 -9999 -9999 -9999 -9999 -9999 1966 1963 1963 1964 1966 1963 1960 1956 1950 1945 1938 1929 1919 1909 1898 1887 1873 1860 1844 1835 1824 1810 1797 1788 1783 1778 1776 1776 1776 1775 1773 1773 1770 1765 1760 1748 1740 1738 1735 1729 1726 1722 1720 1717 1716 1721 1727 1720 1717 1715 1722 1739 1747 1739 1735 1744 1755 1758 1759 1751 1744 1747 1754 1764 1772 1780 1788 1783 1785
-9999 -9999 -9999 -9999 -9999 -9999 -9999 -9999 -9999 -9999 -9999 -9999 1970 1968 1962 1960 1963 1963 1964 1960 1954 1948 1943 1935 1926 1917 1906 1894 1880 1865 1845 1831 1820 1814 1805 1791 1783 1779 1777 1775 1775 1773 1769 1766 1763 1759 1758 1758 1754 1739 1724 1720 1717 1713 1711 1709 1707 1705 1704 1706 1699 1696 1697 1702 1715 1723 1715 1713 1721 1729 1736 1737 1735 1723 1725 1734 1744 1753 1762 1766 1772 1766
-9999 -9999 -9999 -9999 -9999 -9999 -9999 -9999 -9999 -9999 -9999 1969 1969 1965 1961 1958 1956 1958 1958 1956 1950 1941 1937 1930 1921 1913 1901 1887 1872 1856 1836 1816 1810 1807 1800 1790 1782 1777 1775 1773 1773 1770 1764 1760 1751 1740 1741 1751 1751 1731 1711 1700 1700 1700 1700 1696 1699 1694 1692 1690 1682 1680 1678 1682 1694 1701 1696 1695 1702 1707 1710 1721 1721 1714 1713 1723 1727 1737 1750 1755 1755 1755
-9999 -9999 -9999 -9999 -9999 -9999 -9999 -9999 -9999 -9999 1966 1967 1960 1956 1950 1946 1948 1946 1948 1948 1942 1937 1928 1922 1915 1905 1892 1877 1864 1848 1826 1813 1807 1806 1801 1789 1780 1775 1772 1769 1768 1761 1756 1752 1743 1726 1727 1740 1746 1736 1714 1702 1694 1697 1690 1694 1693 1688 1682 1678 1674 1671 1667 1671 1677 1685 1677 1676 1680 1684 1688 1697 1711 1709 1713 1716 1720 1729 1737 1743 1747 1743
-9999 -9999 -9999 -9999 -9999 -9999 -9999 -9999 -9999 1964 1965 1960 1951 1940 1934 1932 1930 1935 1938 1940 1938 1929 1920 1911 1904 1895 1881 1868 1856 1841 1824 1807 1806 1804 1798 1788 1779 1773 1766 1761 1760 1755 1741 1740 1733 1712 1712 1722 1733 1735 1729 1715 1708 1700 1699 1695 1692 1685 1678 1675 1670 1667 1664 1663 1666 1669 1663 1661 1664 1667 1670 1679 1687 1692 1700 1710 1713 1716 1725 1731 1737 1740
-9999 -9999 -9999 -9999 -9999 -9999 -9999 -9999 1963 1963 1963 1958 1944 1933 1927 1918 1919 1921 1928 1929 1925 1915 1907 1897 1891 1880 1867 1856 1846 1834 1818 1807 1801 1798 1791 1784 1776 1766 1757 1751 1753 1747 1730 1729 1717 1700 1696 1709 1717 1720 1724 1723 1717 1712 1706 1700 1693 1684 1681 1676 1671 1667 1664 1661 1660 1661 1657 1657 1657 1658 1659 1660 1667 1671 1684 1700 1702 1698 1702 1710 1725 1730
-9999 -9999 -9999 -9999 -9999 -9999 -9999 -9999 -9999 1963 1963 1959 1950 1937 1930 1924 1915 1916 1916 1910 1902 1901 1896 1887 1878 1865 1853 1842 1836 1827 1818 1805 1799 1791 1786 1779 1768 1758 1751 1744 1747 1742 1725 1711 1704 1687 1697 1710 1712 1708 1702 1704 1705 1699 1696 1690 1682 1677 1676 1673 1671 1667 1664 1661 1658 1656 1655 1656 1655 1654 1655 1655 1656 1659 1671 1683 1685 1685 1693 1708 1718 1726
-9999 -9999 -9999 -9999 -9999 -9999 -9999 -9999 -9999 -9999 1963 1961 1954 1942 1933 1927 1922 1915 1905 1893 1886 1886 1886 1875 1861 1849 1838 1830 1826 1825 1816 1801 1794 1787 1778 1770 1759 1751 1745 1744 1741 1731 1708 1693 1680 1678 1694 1702 1702 1692 1685 1687 1685 1685 1685 1679 1669 1670 1669 1670 1668 1666 1663 1660 1658 1656 1655 1655 1654 1654 1653 1655 1655 1655 1658 1664 1670 1677 1699 1710 1713 1717
-9999 -9999 -9999 -9999 -9999 -9999 -9999 -9999 -9999 -9999 1962 1962 1960 1950 1940 1932 1925 1913 1896 1880 1871 1872 1871 1856 1844 1832 1826 1819 1818 1817 1806 1793 1784 1776 1769 1761 1752 1745 1746 1742 1735 1720 1694 1680 1673 1684 1696 1692 1682 1677 1670 1667 1676 1681 1684 1677 1671 1666 1667 1668 1665 1663 1660 1659 1658 1656 1655 1654 1654 1653 1653 1654 1654 1654 1655 1656 1659 1669 1689 1698 1704 1704
-9999 -9999 -9999 -9999 -9999 -9999 -9999 -9999 -9999 -9999 -9999 1962 1963 1958 1948 1940 1928 1910 1890 1871 1857 1852 1847 1837 1827 1819 1816 1807 1803 1799 1792 1776 1773 1762 1755 1747 1743 1741 1742 1733 1727 1706 1689 1677 1674 1684 1692 1679 1671 1662 1658 1665 1673 1680 1680 1676 1670 1668 1666 1664 1663 1661 1659 1658 1658 1656 1655 1654 1654 1654 1654 1654 1654 1654 1654 1655 1655 1660 1672 1684 1690 1699
-9999 -9999 -9999 -9999 -9999 -9999 -9999 -9999 -9999 -9999 -9999 -9999 1962 1961 1954 1944 1934 1912 1893 1871 1851 1837 1831 1821 1814 1811 1805 1798 1787 1781 1769 1761 1754 1744 1731 1725 1722 1728 1727 1721 1702 1689 1677 1670 1672 1676 1682 1675 1672 1670 1669 1672 1678 1673 1666 1666 1669 1667 1662 1662 1658 1658 1655 1655 1656 1655 1655 1655 1654 1655 1654 1654 1655 1655 1654 1654 1655 1657 1661 1665 1673 1678
-9999 -9999 -9999 -9999 -9999 -9999 -9999 -9999 -9999 -9999 -9999 -9999 1963 1962 1957 1949 1936 1922 1901 1881 1855 1838 1823 1816 1813 1808 1805 1793 1780 1764 1751 1735 1732 1719 1706 1695 1695 1706 1710 1698 1690 1675 1664 1671 1667 1676 1673 1670 1672 1669 1668 1671 1666 1658 1653 1659 1661 1659 1659 1654 1657 1652 1650 1649 1651 1652 1652 1653 1654 1654 1654 1654 1655 1655 1655 1655 1655 1656 1658 1659 1661 1664
-9999 -9999 -9999 -9999 -9999 -9999 -9999 -9999 -9999 -9999 -9999 -9999 -9999 1963 1959 1953 1941 1926 1913 1893 1869 1847 1832 1822 1820 1816 1807 1791 1774 1753 1730 1715 1705 1694 1681 1671 1673 1689 1692 1685 1679 1673 1668 1660 1667 1667 1666 1661 1659 1654 1656 1653 1653 1649 1645 1646 1649 1646 1648 1652 1649 1647 1645 1643 1648 1647 1650 1651 1651 1652 1652 1653 1654 1655 1655 1655 1656 1656 1657 1657 1658 1660
-9999 -9999 -9999 -9999 -9999 -9999 -9999 -9999 -9999 -9999 -9999 -9999 -9999 1961 1960 1954 1947 1933 1922 1905 1888 1866 1846 1836 1831 1828 1813 1796 1775 1751 1728 1703 1689 1673 1658 1651 1668 1684 1683 1678 1679 1675 1667 1661 1659 1660 1655 1651 1646 1640 1638 1646 1649 1648 1641 1637 1637 1639 1642 1647 1646 1644 1638 1645 1642 1646 1646 1649 1649 1647 1649 1651 1652 1652 1654 1654 1655 1655 1655 1656 1656 1656
-9999 -9999 -9999 -9999 -9999 -9999 -9999 -9999 -9999 -9999 -9999 -9999 -9999 -9999 1957 1957 1949 1939 1928 1917 1905 1890 1871 1854 1846 1836 1821 1800 1779 1751 1726 1707 1686 1666 1647 1646 1664 1684 1683 1681 1679 1676 1666 1656 1654 1657 1646 1643 1640 1636 1644 1652 1661 1659 1644 1637 1633 1635 1640 1648 1647 1640 1644 1638 1647 1645 1644 1645 1645 1645 1644 1646 1647 1647 1650 1650 1651 1650 1652 1653 1652 1653
-9999 -9999 -9999 -9999 -9999 -9999 -9999 -9999 -9999 -9999 -9999 -9999 -9999 -9999 -9999 1953 1950 1941 1932 1925 1916 1905 1889 1872 1856 1848 1837 1820 1797 1764 1734 1712 1691 1671 1657 1657 1670 1679 1678 1681 1680 1672 1660 1652 1659 1658 1649 1643 1645 1646 1645 1660 1667 1660 1650 1640 1637 1642 1644 1651 1648 1644 1639 1645 1643 1652 1645 1641 1645 1646 1644 1643 1642 1644 1645 1648 1649 1645 1647 1649 1649 1648
-9999 -9999 -9999 -9999 -9999 -9999 -9999 -9999 -9999 -9999 -9999 -9999 -9999 -9999 -9999 1950 1949 1943 1939 1928 1919 1910 1898 1881 1864 1853 1847 1834 1811 1777 1738 1712 1692 1685 1676 1677 1680 1684 1681 1697 1693 1686 1676 1665 1662 1669 1658 1653 1651 1649 1655 1655 1665 1662 1654 1649 1651 1651 1655 1656 1652 1649 1650 1647 1655 1657 1649 1641 1644 1649 1649 1643 1640 1640 1644 1647 1651 1649 1646 1646 1645 1648
-9999 -9999 -9999 -9999 -9999 -9999 -9999 -9999 -9999 -9999 -9999 -9999 -9999 -9999 -9999 -9999 1944 1944 1938 1928 1915 1904 1894 1880 1863 1852 1844 1834 1820 1785 1758 1733 1722 1711 1712 1703 1709 1700 1711 1711 1715 1705 1694 1673 1664 1669 1667 1655 1654 1661 1655 1653 1651 1649 1647 1651 1659 1665 1664 1667 1664 1661 1659 1654 1657 1664 1653 1640 1639 1651 1650 1645 1642 1638 1640 1645 1653 1650 1650 1648 1649 1656
-9999 -9999 -9999 -9999 -9999 -9999 -9999 -9999 -9999 -9999 -9999 -9999 -9999 -9999 -9999 -9999 1941 1938 1935 1925 1909 1896 1881 1872 1857 1846 1848 1842 1833 1821 1797 1782 1766 1758 1743 1742 1740 1744 1735 1742 1727 1720 1698 1675 1655 1670 1670 1656 1654 1668 1667 1651 1646 1641 1640 1650 1659 1668 1669 1669 1669 1665 1655 1647 1645 1657 1654 1643 1639 1645 1654 1648 1643 1639 1635 1641 1645 1648 1649 1651 1656 1663
-9999 -9999 -9999 -9999 -9999 -9999 -9999 -9999 -9999 -9999 -9999 -9999 -9999 -9999 -9999 -9999 -9999 1935 1932 1922 1910 1893 1881 1871 1856 1852 1852 1852 1849 1835 1823 1809 1796 1784 1773 1769 1770 1765 1761 1756 1749 1735 1719 1687 1669 1681 1674 1654 1657 1674 1673 1662 1647 1647 1640 1642 1661 1668 1669 1667 1669 1674 1666 1646 1639 1642 1645 1641 1637 1645 1652 1659 1654 1641 1641 1648 1652 1650 1655 1654 1661 1667
-9999 -9999 -9999 -9999 -9999 -9999 -9999 -9999 -9999 -9999 -9999 -9999 -9999 -9999 -9999 -9999 -9999 -9999 1928 1923 1914 1904 1895 1883 1872 1864 1867 1864 1856 1845 1829 1812 1803 1796 1791 1789 1791 1782 1776 1770 1763 1755 1738 1715 1696 1694 1681 1658 1662 1675 1685 1665 1659 1649 1644 1640 1650 1662 1663 1653 1665 1677 1675 1657 1638 1635 1641 1641 1639 1640 1654 1663 1667 1659 1655 1662 1664 1665 1660 1661 1662 1664
-9999 -9999 -9999 -9999 -9999 -9999 -9999 -9999 -9999 -9999 -9999 -9999 -9999 -9999 -9999 -9999 -9999 -9999 -9999 1918 1913 1908 1902 1898 1888 1884 1881 1872 1864 1851 1835 1817 1804 1799 1798 1799 1801 1794 1785 1781 1771 1763 1754 1740 1722 1717 1697 1677 1671 1681 1682 1679 1657 1653 1647 1643 1651 1653 1652 1649 1654 1671 1670 1658 1642 1648 1651 1654 1647 1636 1639 1659 1666 1668 1670 1675 1675 1670 1670 1662 1664 1662
-9999 -9999 -9999 -9999 -9999 -9999 -9999 -9999 -9999 -9999 -9999 -9999 -9999 -9999 -9999 -9999 -9999 -9999 -9999 -9999 1908 1904 1900 1897 1893 1890 1883 1876 1866 1855 1840 1823 1806 1800 1798 1801 1803 1800 1794 1789 1779 1768 1760 1751 1741 1731 1719 1702 1690 1689 1697 1686 1671 1658 1654 1652 1648 1649 1647 1648 1650 1655 1651 1652 1649 1650 1661 1662 1659 1648 1652 1654 1657 1660 1664 1673 1673 1669 1665 1664 1659 1660
-9999 -9999 -9999 -9999 -9999 -9999 -9999 -9999 -9999 -9999 -9999 -9999 -9999 -9999 -9999 -9999 -9999 -9999 -9999 -9999 -9999 1900 1897 1892 1891 1887 1883 1876 1866 1855 1844 1826 1810 1801 1799 1800 1804 1803 1799 1797 1784 1772 1764 1755 1748 1741 1731 1720 1709 1707 1710 1706 1693 1681 1674 1663 1652 1646 1651 1659 1656 1651 1649 1661 1662 1662 1654 1661 1662 1659 1659 1661 1647 1646 1649 1662 1660 1657 1662 1657 1652 1650
-9999 -9999 -9999 -9999 -9999 -9999 -9999 -9999 -9999 -9999 -9999 -9999 -9999 -9999 -9999 -9999 -9999 -9999 -9999 -9999 -9999 -9999 -9999 -9999 -9999 -9999 1880 1875 1865 1855 1844 1830 1812 1802 1799 1799 1802 1803 1801 1797 1788 1775 1766 1759 1753 1746 1736 1725 1720 1721 1719 1715 1709 1706 1696 1681 1667 1662 1674 1681 1678 1670 1664 1676 1671 1663 1658 1650 1654 1648 1652 1649 1649 1646 1647 1649 1648 1646 1650 1649 1644 1647
-9999 -9999 -9999 -9999 -9999 -9999 -9999 -9999 -9999 -9999 -9999 -9999 -9999 -9999 -9999 -9999 -9999 -9999 -9999 -9999 -9999 -9999 -9999 -9999 -9999 -9999 -9999 -9999 1860 1853 1844 1832 1817 1805 1800 1799 1801 1803 1800 1798 1788 1779 1770 1763 1758 1751 1743 1733 1728 1726 1719 1712 1710 1707 1708 1695 1692 1696 1689 1696 1685 1677 1673 1670 1665 1657 1647 1653 1644 1642 1637 1643 1653 1658 1646 1653 1650 1648 1650 1641 1638 1643
-9999 -9999 -9999 -9999 -9999 -9999 -9999 -9999 -9999 -9999 -9999 -9999 -9999 -9999 -9999 -9999 -9999 -9999 -9999 -9999 -9999 -9999 -9999 -9999 -9999 -9999 -9999 -9999 1859 1852 1844 1834 1821 1810 1802 1800 1801 1803 1802 1796 1791 1783 1775 1768 1762 1756 1748 1741 1735 1729 1717 1710 1702 1703 1691 1692 1695 1701 1702 1687 1674 1666 1661 1662 1651 1648 1651 1653 1652 1648 1641 1634 1649 1650 1645 1641 1646 1652 1646 1640 1642 1643
-9999 -9999 -9999 -9999 -9999 -9999 -9999 -9999 -9999 -9999 -9999 -9999 -9999 -9999 -9999 -9999 -9999 -9999 -9999 -9999 -9999 -9999 -9999 -9999 -9999 -9999 -9999 -9999 1857 1852 1844 1835 1826 1815 1805 1801 1802 1804 1805 1799 1793 1788 1782 1774 1767 1759 1751 1738 1734 1726 1719 1710 1704 1695 1691 1676 1683 1685 1686 1689 1674 1653 1649 1654 1653 1645 1649 1651 1649 1645 1635 1632 1639 1643 1631 1635 1635 1644 1647 1644 1651 1655
-9999 -9999 -9999 -9999 -9999 -9999 -9999 -9999 -9999 -9999 -9999 -9999 -9999 -9999 -9999 -9999 -9999 -9999 -9999 -9999 -9999 -9999 -9999 -9999 -9999 -9999 -9999 -9999 -9999 1849 1844 1836 1828 1818 1807 1801 1801 1805 1807 1802 1796 1792 1787 1780 1772 1763 1748 1736 1725 1722 1713 1706 1696 1695 1693 1686 1671 1667 1670 1674 1671 1654 1642 1654 1654 1647 1648 1651 1633 1631 1629 1624 1628 1621 1627 1623 1627 1638 1642 1645 1654 1662
-9999 -9999 -9999 -9999 -9999 -9999 -9999 -9999 -9999 -9999 -9999 -9999 -9999 -9999 -9999 -9999 -9999 -9999 -9999 -9999 -9999 -9999 -9999 -9999 -9999 -9999 -9999 -9999 -9999 1848 1844 1836 1828 1820 1809 1802 1802 1805 1808 1803 1799 1795 1791 1784 1776 1766 1755 1738 1727 1719 1710 1698 1686 1687 1690 1689 1681 1663 1655 1664 1667 1657 1654 1656 1653 1637 1633 1631 1625 1621 1622 1623 1617 1614 1614 1624 1621 1631 1640 1646 1658 1663
-9999 -9999 -9999 -9999 -9999 -9999 -9999 -9999 -9999 -9999 -9999 -9999 -9999 -9999 -9999 -9999 -9999 -9999 -9999 -9999 -9999 -9999 -9999 -9999 -9999 -9999 -9999 -9999 -9999 -9999 1841 1836 1828 1821 1811 1803 1802 1804 1807 1804 1801 1798 1793 1789 1781 1772 1758 1744 1733 1720 1704 1689 1680 1674 1679 1680 1679 1673 1658 1651 1655 1658 1658 1663 1646 1629 1619 1619 1618 1625 1627 1626 1614 1606 1611 1615 1615 1624 1636 1646 1656 1659
-9999 -9999 -9999 -9999 -9999 -9999 -9999 -9999 -9999 -9999 -9999 -9999 -9999 -9999 -9999 -9999 -9999 -9999 -9999 -9999 -9999 -9999 -9999 -9999 -9999 -9999 -9999 -9999 -9999 -9999 -9999 1832 1827 1821 1813 1804 1802 1804 1806 1806 1804 1799 1795 1791 1785 1774 1759 1745 1732 1715 1693 1672 1662 1658 1654 1660 1672 1671 1664 1655 1648 1651 1657 1652 1643 1626 1615 1608 1614 1620 1627 1622 1611 1598 1598 1603 1609 1618 1630 1637 1644 1649
