Data/tmin/PRISM_tmin_pr_1963-1995_normal_450mM1_09_asc.asc
ncols 557
nrows 164
xllcorner -67.31875000000
yllcorner 17.86875000000
cellsize 0.00416666667
NODATA_value -9999
[rows 0 to 35 of 164, columns 82 to 163 of 557]
-9999 -9999 -9999 -9999 -9999 -9999 -9999 -9999 -9999 -9999 -9999 -9999 -9999 -9999 -9999 -9999 -9999 -9999 -9999 -9999 -9999 -9999 -9999 -9999 -9999 -9999 -9999 -9999 -9999 -9999 -9999 -9999 -9999 -9999 -9999 -9999 -9999 -9999 -9999 -9999 -9999 -9999 -9999 -9999 -9999 -9999 -9999 -9999 -9999 -9999 -9999 -9999 -9999 -9999 -9999 -9999 -9999 -9999 -9999 -9999 -9999 -9999 -9999 -9999 -9999 -9999 -9999 -9999 -9999 -9999 -9999 -9999 -9999 -9999 -9999 -9999 -9999 -9999 -9999 -9999 -9999 -9999
-9999 -9999 -9999 -9999 -9999 -9999 -9999 -9999 -9999 -9999 -9999 -9999 -9999 -9999 -9999 -9999 -9999 -9999 -9999 -9999 -9999 -9999 -9999 -9999 -9999 -9999 -9999 -9999 -9999 -9999 -9999 -9999 -9999 -9999 -9999 -9999 -9999 -9999 -9999 -9999 -9999 -9999 -9999 -9999 -9999 -9999 -9999 -9999 -9999 -9999 -9999 -9999 -9999 -9999 -9999 -9999 -9999 -9999 -9999 -9999 -9999 -9999 -9999 -9999 -9999 -9999 -9999 -9999 -9999 -9999 -9999 -9999 -9999 -9999 -9999 -9999 -9999 -9999 -9999 -9999 -9999 -9999
-9999 -9999 -9999 -9999 -9999 -9999 -9999 -9999 -9999 -9999 -9999 -9999 -9999 -9999 -9999 -9999 -9999 -9999 -9999 -9999 -9999 -9999 -9999 -9999 -9999 -9999 -9999 -9999 -9999 -9999 -9999 -9999 -9999 -9999 -9999 -9999 -9999 -9999 -9999 -9999 -9999 -9999 -9999 -9999 -9999 -9999 -9999 -9999 -9999 -9999 -9999 -9999 -9999 -9999 -9999 -9999 -9999 -9999 -9999 -9999 -9999 -9999 -9999 -9999 -9999 -9999 -9999 -9999 -9999 -9999 -9999 -9999 -9999 -9999 -9999 -9999 -9999 -9999 -9999 -9999 -9999 -9999
-9999 -9999 -9999 -9999 -9999 -9999 -9999 -9999 -9999 -9999 -9999 -9999 -9999 -9999 -9999 -9999 -9999 -9999 -9999 -9999 -9999 -9999 -9999 -9999 -9999 -9999 -9999 -9999 -9999 -9999 -9999 -9999 -9999 -9999 -9999 -9999 -9999 -9999 -9999 -9999 -9999 -9999 -9999 -9999 -9999 -9999 -9999 -9999 -9999 -9999 -9999 -9999 -9999 -9999 -9999 -9999 -9999 -9999 -9999 -9999 -9999 -9999 -9999 -9999 -9999 -9999 -9999 -9999 -9999 -9999 -9999 -9999 -9999 -9999 -9999 -9999 -9999 -9999 -9999 -9999 -9999 -9999
-9999 -9999 -9999 -9999 -9999 -9999 -9999 -9999 -9999 -9999 -9999 -9999 -9999 -9999 -9999 -9999 -9999 -9999 -9999 -9999 -9999 -9999 -9999 -9999 -9999 -9999 -9999 -9999 -9999 -9999 -9999 -9999 -9999 -9999 -9999 -9999 -9999 -9999 -9999 -9999 -9999 -9999 -9999 -9999 -9999 -9999 -9999 -9999 -9999 -9999 -9999 -9999 -9999 -9999 -9999 -9999 -9999 -9999 -9999 -9999 -9999 -9999 -9999 -9999 -9999 -9999 -9999 -9999 -9999 -9999 -9999 -9999 -9999 -9999 -9999 -9999 -9999 -9999 -9999 -9999 -9999 -9999
-9999 -9999 -9999 -9999 -9999 -9999 -9999 -9999 -9999 -9999 -9999 -9999 -9999 -9999 -9999 -9999 -9999 -9999 -9999 -9999 -9999 -9999 -9999 -9999 -9999 -9999 -9999 -9999 -9999 -9999 -9999 -9999 -9999 -9999 -9999 -9999 -9999 -9999 -9999 -9999 -9999 -9999 -9999 -9999 -9999 -9999 -9999 -9999 -9999 -9999 -9999 -9999 -9999 -9999 -9999 -9999 -9999 -9999 -9999 -9999 -9999 -9999 -9999 -9999 -9999 -9999 -9999 -9999 -9999 -9999 -9999 -9999 -9999 -9999 -9999 -9999 -9999 -9999 -9999 -9999 -9999 -9999
-9999 -9999 -9999 -9999 -9999 -9999 -9999 -9999 -9999 -9999 -9999 -9999 -9999 -9999 -9999 -9999 -9999 -9999 -9999 -9999 -9999 -9999 -9999 -9999 -9999 -9999 -9999 -9999 -9999 -9999 -9999 -9999 -9999 -9999 -9999 -9999 -9999 -9999 -9999 -9999 -9999 -9999 -9999 -9999 -9999 -9999 -9999 -9999 -9999 -9999 -9999 -9999 -9999 -9999 -9999 -9999 -9999 -9999 -9999 -9999 -9999 -9999 -9999 -9999 -9999 -9999 -9999 -9999 -9999 -9999 -9999 -9999 -9999 -9999 -9999 -9999 -9999 -9999 -9999 -9999 -9999 -9999
-9999 -9999 -9999 -9999 -9999 -9999 -9999 -9999 -9999 -9999 -9999 -9999 -9999 -9999 -9999 -9999 -9999 -9999 -9999 -9999 -9999 -9999 -9999 -9999 -9999 -9999 -9999 -9999 -9999 -9999 -9999 -9999 -9999 -9999 -9999 -9999 -9999 -9999 -9999 -9999 -9999 -9999 -9999 -9999 -9999 -9999 -9999 -9999 -9999 -9999 -9999 -9999 -9999 -9999 -9999 -9999 -9999 -9999 -9999 -9999 -9999 -9999 -9999 -9999 -9999 -9999 -9999 -9999 -9999 -9999 -9999 -9999 -9999 -9999 -9999 -9999 -9999 -9999 -9999 -9999 -9999 -9999
-9999 -9999 -9999 -9999 -9999 -9999 -9999 -9999 -9999 -9999 -9999 -9999 -9999 -9999 -9999 -9999 -9999 -9999 -9999 -9999 -9999 -9999 -9999 -9999 -9999 -9999 -9999 -9999 -9999 -9999 -9999 -9999 -9999 -9999 -9999 -9999 -9999 -9999 -9999 -9999 -9999 -9999 -9999 -9999 -9999 -9999 -9999 -9999 -9999 -9999 -9999 -9999 -9999 -9999 -9999 -9999 -9999 -9999 -9999 -9999 -9999 -9999 -9999 -9999 -9999 -9999 -9999 -9999 -9999 -9999 -9999 -9999 -9999 -9999 -9999 -9999 -9999 -9999 -9999 -9999 -9999 -9999
-9999 -9999 -9999 -9999 -9999 -9999 -9999 -9999 -9999 -9999 -9999 -9999 -9999 -9999 -9999 -9999 -9999 -9999 -9999 -9999 -9999 -9999 -9999 -9999 -9999 -9999 -9999 -9999 -9999 -9999 -9999 -9999 -9999 -9999 -9999 -9999 -9999 -9999 -9999 -9999 -9999 -9999 -9999 -9999 -9999 -9999 -9999 -9999 -9999 -9999 -9999 -9999 -9999 -9999 -9999 -9999 -9999 -9999 -9999 -9999 -9999 -9999 -9999 -9999 -9999 -9999 -9999 -9999 -9999 -9999 -9999 -9999 -9999 -9999 -9999 -9999 -9999 -9999 -9999 -9999 -9999 -9999
-9999 -9999 -9999 -9999 -9999 -9999 -9999 -9999 -9999 -9999 -9999 -9999 -9999 -9999 -9999 -9999 -9999 -9999 -9999 -9999 -9999 -9999 -9999 -9999 -9999 -9999 -9999 -9999 -9999 -9999 -9999 -9999 -9999 -9999 -9999 -9999 -9999 -9999 -9999 -9999 -9999 -9999 -9999 -9999 -9999 -9999 -9999 -9999 -9999 -9999 -9999 -9999 -9999 -9999 -9999 -9999 -9999 -9999 -9999 -9999 -9999 -9999 -9999 -9999 -9999 -9999 -9999 -9999 -9999 -9999 -9999 -9999 -9999 -9999 -9999 -9999 -9999 -9999 -9999 -9999 -9999 -9999
2254 2249 2244 2243 -9999 -9999 2226 2222 2218 2212 -9999 -9999 -9999 -9999 -9999 -9999 -9999 -9999 -9999 -9999 -9999 -9999 -9999 -9999 -9999 2164 2162 2160 2156 2152 2148 2149 -9999 -9999 -9999 -9999 -9999 2130 2128 2124 2123 2122 2121 2120 2120 2119 2118 2117 -9999 -9999 -9999 -9999 -9999 -9999 -9999 -9999 -9999 -9999 -9999 -9999 -9999 -9999 -9999 -9999 -9999 -9999 -9999 -9999 -9999 -9999 -9999 -9999 -9999 -9999 -9999 -9999 -9999 -9999 -9999 -9999 2127 2127
2261 2257 2254 2250 2250 2247 2238 2236 2230 2222 2217 2214 2213 2215 2214 -9999 -9999 -9999 -9999 2196 2192 2188 2183 2178 2173 2168 2165 2162 2158 2155 2153 2151 2151 2148 2145 2143 2140 2135 2132 2129 2125 2124 2123 2122 2121 2120 2120 2119 2120 2121 -9999 -9999 -9999 -9999 -9999 -9999 -9999 -9999 -9999 -9999 -9999 -9999 -9999 -9999 -9999 -9999 -9999 -9999 -9999 -9999 -9999 -9999 2123 2123 2123 2124 2125 2126 2127 2128 2128 2130
2262 2256 2252 2248 2248 2244 2239 2237 2236 2231 2230 2229 2228 2225 2227 2227 2227 2222 2215 2205 2200 2195 2189 2184 2179 2175 2172 2168 2164 2159 2156 2153 2148 2145 2143 2141 2138 2138 2136 2132 2131 2130 2128 2127 2127 2126 2126 2125 2125 2125 2127 2126 -9999 -9999 -9999 -9999 -9999 -9999 -9999 -9999 -9999 -9999 -9999 -9999 -9999 -9999 2120 -9999 -9999 -9999 2120 2120 2121 2121 2121 2122 2123 2124 2125 2126 2128 2130
2245 2240 2234 2237 2241 2237 2228 2222 2222 2225 2229 2230 2231 2232 2228 2230 2225 2220 2214 2208 2201 2196 2191 2185 2181 2177 2173 2169 2165 2161 2155 2150 2146 2143 2141 2139 2139 2138 2138 2137 2135 2134 2132 2132 2131 2130 2130 2129 2128 2127 2126 2125 2124 2122 -9999 -9999 -9999 -9999 -9999 -9999 -9999 -9999 -9999 -9999 -9999 2118 2119 2119 -9999 2118 2119 2119 2120 2121 2121 2121 2122 2123 2124 2126 2128 2131
2222 2218 2218 2224 2231 2227 2217 2207 2207 2210 2214 2217 2221 2223 2227 2225 2223 2218 2212 2206 2201 2196 2192 2187 2184 2180 2178 2174 2171 2165 2158 2151 2145 2141 2139 2138 2138 2141 2141 2141 2142 2141 2139 2138 2137 2136 2134 2134 2132 2130 2126 2125 2122 2121 2118 2117 2118 2119 2119 2120 2119 2119 2118 2118 2117 2117 2118 2117 2117 2117 2119 2119 2121 2123 2123 2121 2122 2124 2126 2127 2129 2130
2206 2206 2210 2217 2222 2222 2209 2204 2199 2200 2202 2204 2207 2213 2215 2217 2216 2214 2209 2204 2200 2196 2192 2188 2185 2183 2180 2178 2175 2171 2164 2158 2151 2144 2142 2140 2141 2141 2144 2147 2147 2148 2147 2144 2142 2141 2138 2138 2138 2134 2130 2127 2124 2121 2117 2116 2115 2116 2116 2117 2118 2117 2117 2119 2119 2119 2118 2118 2117 2116 2121 2120 2125 2127 2126 2121 2121 2122 2124 2125 2126 2127
2203 2206 2211 2218 2221 2216 2211 2200 2200 2199 2199 2200 2202 2203 2205 2206 2209 2208 2205 2202 2198 2195 2192 2189 2187 2185 2184 2181 2178 2176 2172 2167 2159 2153 2147 2147 2144 2144 2145 2147 2150 2151 2150 2147 2146 2144 2143 2142 2141 2139 2137 2136 2132 2127 2123 2119 2118 2116 2115 2116 2116 2117 2120 2123 2126 2125 2125 2124 2121 2122 2122 2125 2125 2129 2127 2123 2120 2121 2123 2122 2123 2125
2208 2211 2217 2222 2218 2215 2205 2201 2200 2199 2199 2200 2201 2203 2202 2203 2204 2205 2201 2198 2196 2194 2192 2190 2188 2187 2185 2182 2180 2179 2177 2172 2164 2156 2152 2145 2146 2145 2148 2152 2153 2155 2153 2151 2149 2148 2146 2145 2143 2140 2140 2140 2139 2138 2134 2134 2130 2125 2122 2119 2118 2118 2119 2126 2126 2124 2123 2123 2126 2124 2127 2125 2128 2128 2129 2126 2123 2123 2124 2123 2123 2124
2205 2208 2209 2207 2207 2202 2200 2199 2199 2199 2199 2199 2200 2201 2201 2200 2201 2200 2199 2196 2195 2194 2192 2191 2190 2189 2188 2185 2183 2182 2180 2177 2170 2163 2151 2148 2146 2150 2155 2158 2159 2159 2158 2154 2151 2147 2144 2142 2140 2139 2139 2139 2138 2139 2142 2143 2141 2136 2129 2123 2116 2115 2117 2120 2122 2118 2115 2119 2122 2127 2127 2127 2127 2128 2129 2127 2120 2119 2121 2121 2121 2124
2192 2192 2190 2199 2197 2199 2197 2197 2198 2198 2199 2199 2198 2198 2198 2197 2197 2199 2197 2195 2194 2193 2193 2193 2193 2193 2193 2191 2189 2188 2186 2183 2178 2170 2160 2155 2156 2158 2162 2164 2164 2164 2162 2158 2154 2148 2144 2143 2143 2142 2142 2141 2138 2137 2138 2141 2140 2135 2128 2121 2114 2112 2112 2118 2120 2119 2118 2118 2123 2124 2126 2127 2127 2128 2129 2124 2119 2118 2119 2120 2122 2126
2178 2180 2189 2189 2196 2193 2192 2193 2195 2197 2198 2198 2197 2196 2195 2194 2195 2195 2196 2195 2193 2193 2192 2192 2193 2193 2193 2192 2191 2188 2186 2183 2179 2172 2164 2161 2159 2164 2166 2167 2166 2166 2164 2161 2156 2152 2149 2148 2149 2150 2149 2147 2144 2140 2137 2137 2135 2131 2126 2120 2113 2113 2114 2117 2121 2120 2120 2120 2121 2123 2125 2126 2127 2125 2126 2122 2117 2119 2121 2122 2126 2131
2174 2180 2185 2191 2188 2189 2189 2190 2193 2196 2198 2198 2197 2197 2196 2195 2192 2193 2196 2194 2195 2193 2192 2192 2191 2192 2192 2191 2189 2188 2184 2180 2176 2173 2164 2159 2155 2159 2163 2164 2163 2163 2163 2161 2158 2155 2152 2150 2151 2153 2152 2151 2148 2144 2140 2137 2135 2135 2133 2128 2118 2114 2115 2118 2120 2120 2119 2119 2120 2122 2122 2123 2122 2123 2122 2120 2121 2122 2124 2127 2132 2138
2167 2173 2183 2186 2183 2186 2186 2188 2191 2195 2196 2196 2196 2197 2197 2194 2192 2192 2193 2194 2192 2193 2192 2193 2190 2190 2190 2188 2187 2185 2184 2181 2177 2173 2168 2159 2151 2157 2159 2158 2159 2159 2158 2157 2154 2152 2149 2147 2147 2149 2150 2149 2150 2148 2145 2143 2143 2143 2143 2136 2122 2115 2114 2116 2117 2117 2117 2117 2118 2117 2118 2117 2118 2117 2121 2121 2123 2125 2126 2130 2139 2144
2162 2169 2182 2184 2189 2185 2186 2186 2189 2191 2192 2192 2192 2191 2191 2191 2189 2189 2190 2188 2189 2188 2189 2188 2187 2184 2183 2182 2180 2180 2180 2180 2177 2173 2167 2162 2157 2160 2161 2159 2158 2157 2156 2154 2152 2150 2147 2145 2144 2146 2145 2147 2148 2150 2151 2151 2152 2151 2147 2140 2125 2116 2115 2114 2114 2115 2114 2115 2116 2117 2116 2117 2118 2119 2120 2122 2125 2125 2127 2130 2136 2140
2162 2167 2173 2180 2183 2184 2178 2179 2183 2189 2190 2190 2190 2189 2187 2189 2188 2188 2187 2186 2185 2184 2183 2185 2182 2180 2179 2177 2175 2174 2173 2174 2170 2171 2171 2167 2165 2167 2166 2162 2159 2157 2159 2157 2154 2150 2147 2146 2145 2145 2147 2145 2146 2148 2150 2152 2154 2152 2148 2143 2128 2119 2115 2115 2113 2113 2114 2115 2115 2115 2117 2118 2121 2121 2123 2126 2127 2128 2128 2130 2133 2134
2163 2167 2171 2175 2181 2178 2168 2165 2170 2179 2184 2185 2183 2182 2182 2181 2185 2184 2183 2184 2183 2181 2180 2179 2177 2176 2174 2172 2171 2169 2167 2165 2167 2168 2169 2164 2162 2164 2161 2158 2155 2156 2157 2157 2157 2149 2145 2143 2145 2146 2147 2145 2143 2144 2146 2146 2146 2148 2146 2141 2127 2117 2116 2115 2114 2114 2115 2115 2116 2116 2118 2121 2124 2126 2127 2129 2131 2132 2131 2132 2133 2134
2161 2166 2171 2171 2176 2172 2165 2164 2164 2165 2166 2166 2166 2166 2165 2167 2169 2171 2174 2176 2177 2178 2176 2173 2171 2169 2168 2165 2160 2157 2158 2158 2156 2159 2156 2155 2156 2159 2157 2154 2150 2147 2148 2148 2145 2140 2132 2133 2136 2138 2137 2135 2133 2132 2131 2128 2130 2135 2139 2137 2128 2116 2116 2115 2115 2115 2116 2116 2116 2118 2119 2122 2125 2125 2126 2128 2131 2133 2134 2134 2136 2135
2148 2156 2161 2160 2159 2161 2163 2168 2168 2160 2156 2155 2154 2152 2151 2150 2152 2156 2157 2161 2164 2166 2167 2164 2160 2158 2155 2151 2144 2141 2142 2145 2145 2146 2149 2147 2155 2150 2147 2146 2145 2144 2141 2138 2139 2130 2126 2124 2126 2125 2121 2119 2118 2117 2113 2110 2108 2117 2123 2130 2123 2121 2116 2116 2115 2116 2117 2117 2118 2119 2121 2122 2124 2125 2127 2127 2130 2132 2131 2131 2130 2131
2142 2148 2152 2151 2151 2151 2150 2156 2155 2148 2146 2146 2145 2142 2140 2136 2138 2137 2139 2140 2143 2148 2147 2144 2142 2140 2137 2131 2127 2122 2124 2123 2126 2127 2135 2139 2146 2140 2136 2137 2138 2137 2136 2134 2131 2127 2121 2115 2114 2108 2104 2102 2101 2097 2096 2093 2093 2099 2105 2112 2116 2113 2117 2116 2115 2116 2117 2118 2117 2118 2119 2121 2121 2123 2123 2124 2125 2125 2125 2124 2123 2123
2143 2144 2147 2146 2148 2147 2145 2145 2145 2150 2144 2141 2140 2136 2133 2132 2129 2129 2126 2126 2126 2127 2124 2121 2123 2122 2117 2113 2106 2103 2098 2097 2098 2107 2111 2120 2131 2127 2122 2125 2123 2122 2120 2122 2122 2117 2111 2106 2099 2097 2091 2090 2086 2084 2080 2081 2080 2084 2089 2093 2095 2100 2106 2114 2114 2114 2116 2116 2115 2115 2116 2117 2115 2114 2115 2111 2110 2112 2115 2115 2111 2113
2146 2146 2146 2145 2145 2144 2141 2140 2148 2153 2145 2137 2132 2130 2127 2123 2121 2120 2116 2111 2109 2105 2101 2098 2101 2106 2102 2093 2085 2079 2074 2072 2079 2085 2095 2099 2112 2116 2108 2107 2107 2103 2103 2103 2103 2097 2091 2087 2087 2085 2087 2084 2082 2075 2074 2074 2072 2073 2073 2076 2079 2083 2097 2108 2114 2114 2114 2114 2113 2114 2113 2105 2104 2100 2095 2092 2090 2095 2102 2102 2099 2097
2149 2147 2144 2140 2140 2138 2136 2138 2144 2148 2137 2125 2122 2118 2114 2110 2108 2105 2099 2095 2087 2085 2078 2076 2082 2086 2084 2074 2066 2056 2054 2052 2059 2069 2073 2082 2099 2099 2097 2087 2086 2086 2084 2084 2080 2073 2071 2072 2069 2071 2072 2072 2066 2066 2066 2067 2067 2064 2068 2069 2072 2079 2095 2099 2103 2111 2114 2114 2114 2113 2106 2094 2081 2080 2076 2072 2074 2078 2086 2089 2087 2087
2147 2140 2133 2133 2127 2129 2133 2131 2131 2132 2121 2115 2110 2103 2097 2093 2089 2085 2079 2071 2068 2060 2059 2057 2063 2066 2063 2057 2046 2043 2038 2040 2045 2049 2059 2064 2075 2089 2076 2066 2065 2064 2065 2064 2058 2052 2052 2052 2051 2050 2052 2051 2053 2048 2051 2053 2052 2057 2063 2066 2067 2077 2077 2078 2079 2090 2107 2112 2112 2113 2103 2078 2071 2063 2061 2062 2065 2070 2074 2078 2079 2079
2131 2124 2121 2116 2115 2120 2129 2127 2115 2108 2102 2096 2087 2082 2073 2069 2067 2061 2053 2049 2043 2039 2035 2039 2044 2044 2038 2032 2026 2022 2020 2023 2033 2040 2038 2048 2058 2067 2068 2053 2042 2045 2048 2045 2039 2034 2033 2032 2031 2031 2032 2034 2035 2034 2029 2027 2031 2038 2052 2060 2058 2057 2062 2049 2051 2069 2084 2100 2108 2107 2093 2069 2056 2056 2055 2055 2059 2062 2065 2068 2070 2074
2117 2113 2110 2108 2099 2108 2124 2122 2109 2097 2090 2083 2077 2064 2053 2052 2046 2040 2035 2030 2026 2018 2017 2020 2025 2022 2015 2009 2003 2003 2008 2015 2026 2031 2029 2027 2034 2053 2058 2039 2033 2032 2033 2030 2020 2012 2011 2008 2007 2010 2009 2017 2018 2012 2008 2006 2007 2017 2036 2035 2035 2032 2031 2031 2034 2046 2064 2082 2102 2103 2085 2053 2044 2046 2048 2053 2052 2055 2056 2061 2066 2067
