Data/tmin/PRISM_tmin_pr_1963-1995_normal_450mM1_02_asc.asc
ncols 557
nrows 164
xllcorner -67.31875000000
yllcorner 17.86875000000
cellsize 0.00416666667
NODATA_value -9999
[rows 108 to 143 of 164, columns 246 to 327 of 557]
1658 1650 1643 1649 1638 1617 1606 1591 1577 1603 1616 1600 1575 1545 1535 1542 1563 1582 1586 1577 1579 1591 1595 1579 1576 1569 1559 1555 1561 1563 1549 1540 1531 1504 1490 1496 1514 1514 1524 1522 1524 1521 1527 1537 1538 1540 1523 1513 1509 1506 1509 1508 1511 1508 1503 1500 1498 1503 1503 1503 1496 1502 1509 1517 1516 1518 1522 1531 1564 1610 1656 1674 1676 1680 1680 1677 1673 1677 1677 1675 1673 1666
1656 1651 1646 1639 1640 1626 1628 1608 1587 1600 1610 1587 1556 1534 1528 1555 1561 1576 1599 1586 1577 1582 1574 1562 1551 1549 1554 1561 1569 1562 1545 1529 1523 1500 1494 1506 1518 1521 1510 1519 1513 1513 1523 1522 1540 1540 1526 1507 1505 1515 1514 1513 1509 1506 1498 1499 1501 1515 1528 1526 1521 1521 1525 1523 1524 1520 1512 1519 1557 1607 1641 1656 1658 1664 1667 1662 1663 1667 1675 1678 1673 1670
1651 1643 1639 1641 1632 1641 1653 1638 1619 1625 1616 1602 1581 1575 1585 1586 1576 1579 1597 1587 1565 1578 1571 1555 1544 1536 1540 1544 1552 1543 1530 1521 1515 1502 1506 1517 1530 1515 1512 1509 1507 1515 1515 1525 1534 1542 1532 1523 1524 1525 1522 1511 1508 1505 1504 1506 1528 1541 1559 1549 1536 1531 1527 1524 1520 1514 1515 1529 1567 1607 1631 1638 1650 1662 1660 1662 1664 1669 1673 1677 1679 1677
1642 1644 1641 1637 1639 1641 1652 1640 1635 1618 1628 1625 1626 1629 1635 1631 1603 1605 1613 1594 1587 1592 1578 1550 1523 1519 1518 1523 1525 1531 1522 1513 1507 1501 1505 1511 1520 1521 1517 1512 1505 1511 1520 1522 1537 1541 1540 1536 1535 1528 1514 1503 1506 1509 1511 1535 1563 1595 1590 1567 1538 1531 1525 1516 1510 1505 1513 1542 1577 1611 1625 1636 1649 1663 1668 1668 1673 1673 1678 1685 1689 1695
1650 1647 1648 1645 1642 1650 1648 1630 1611 1616 1624 1651 1658 1659 1655 1644 1637 1633 1640 1614 1603 1606 1567 1525 1511 1512 1517 1521 1546 1544 1542 1527 1516 1496 1486 1479 1488 1513 1527 1516 1508 1513 1520 1529 1539 1543 1544 1542 1535 1522 1509 1504 1505 1510 1524 1564 1625 1643 1624 1579 1548 1540 1535 1524 1517 1507 1508 1528 1565 1598 1623 1635 1655 1666 1670 1674 1675 1683 1689 1694 1702 1709
1657 1660 1656 1649 1652 1656 1654 1629 1606 1611 1637 1661 1670 1666 1660 1653 1648 1653 1639 1612 1586 1566 1535 1506 1505 1515 1526 1535 1554 1572 1559 1551 1534 1515 1490 1455 1461 1487 1505 1505 1511 1518 1522 1534 1542 1545 1549 1544 1538 1526 1514 1508 1508 1512 1535 1602 1665 1676 1633 1595 1572 1565 1558 1552 1545 1530 1513 1525 1543 1587 1616 1642 1658 1667 1672 1674 1682 1691 1694 1700 1708 1720
1666 1671 1666 1652 1641 1651 1658 1649 1645 1648 1666 1676 1682 1683 1675 1674 1670 1656 1635 1587 1547 1527 1502 1492 1496 1526 1534 1547 1575 1577 1578 1565 1564 1544 1518 1484 1445 1455 1464 1489 1514 1523 1527 1531 1537 1545 1547 1547 1542 1532 1522 1518 1526 1531 1569 1631 1699 1703 1668 1645 1633 1617 1596 1599 1583 1562 1544 1535 1557 1586 1625 1646 1666 1675 1683 1688 1694 1691 1697 1703 1715 1731
1677 1677 1663 1644 1646 1642 1662 1672 1681 1696 1693 1696 1706 1699 1690 1692 1679 1655 1604 1566 1529 1525 1515 1497 1519 1545 1569 1579 1594 1599 1578 1579 1570 1561 1548 1505 1466 1436 1449 1488 1516 1524 1524 1522 1533 1543 1550 1548 1547 1539 1532 1537 1561 1587 1615 1672 1719 1740 1728 1718 1699 1666 1653 1647 1629 1609 1587 1576 1576 1602 1633 1652 1664 1679 1690 1701 1697 1697 1698 1714 1731 1745
1681 1678 1667 1673 1675 1682 1681 1690 1697 1704 1710 1714 1725 1708 1688 1687 1676 1632 1597 1564 1564 1575 1566 1556 1572 1604 1614 1616 1617 1600 1588 1580 1575 1558 1551 1533 1487 1450 1450 1479 1506 1506 1511 1522 1532 1546 1550 1548 1544 1541 1536 1552 1585 1621 1665 1701 1740 1766 1778 1765 1735 1712 1700 1700 1684 1658 1634 1612 1592 1600 1619 1634 1643 1662 1685 1697 1706 1706 1713 1727 1746 1758
1667 1660 1675 1684 1702 1706 1700 1699 1703 1709 1712 1730 1739 1721 1689 1678 1659 1651 1628 1625 1630 1641 1636 1623 1636 1653 1654 1635 1614 1599 1585 1592 1578 1559 1551 1548 1517 1465 1445 1466 1470 1479 1488 1505 1529 1542 1544 1544 1544 1547 1555 1568 1587 1619 1664 1713 1747 1782 1802 1789 1763 1751 1750 1747 1714 1682 1657 1634 1619 1604 1613 1615 1620 1640 1666 1692 1704 1713 1721 1735 1759 1782
1644 1659 1678 1699 1714 1716 1719 1721 1720 1720 1727 1743 1758 1735 1694 1665 1659 1658 1679 1684 1680 1686 1673 1671 1672 1665 1661 1633 1596 1569 1572 1584 1580 1568 1563 1562 1533 1485 1443 1444 1451 1451 1475 1500 1528 1538 1540 1543 1553 1569 1609 1630 1639 1645 1682 1726 1764 1796 1816 1812 1785 1787 1781 1761 1728 1683 1662 1669 1655 1640 1630 1627 1631 1643 1667 1692 1706 1710 1714 1735 1763 1790
1647 1670 1693 1704 1727 1743 1739 1736 1732 1723 1734 1759 1773 1753 1710 1674 1650 1664 1678 1696 1700 1696 1697 1691 1676 1662 1651 1620 1572 1548 1538 1548 1555 1564 1575 1571 1549 1491 1458 1435 1451 1472 1496 1540 1563 1565 1555 1545 1549 1583 1634 1680 1697 1709 1729 1761 1787 1809 1832 1827 1822 1812 1796 1768 1725 1684 1685 1703 1697 1669 1661 1662 1652 1650 1669 1699 1716 1724 1730 1744 1761 1766
1662 1686 1704 1718 1743 1768 1767 1757 1741 1735 1753 1781 1793 1773 1738 1709 1687 1665 1680 1700 1721 1724 1711 1706 1688 1673 1658 1627 1591 1564 1551 1540 1528 1549 1567 1572 1554 1521 1479 1479 1497 1528 1562 1592 1617 1611 1584 1562 1554 1567 1620 1658 1689 1721 1743 1751 1761 1780 1806 1829 1837 1840 1816 1776 1733 1698 1704 1734 1725 1708 1702 1694 1677 1649 1655 1694 1726 1751 1767 1778 1761 1744
1691 1718 1737 1750 1778 1794 1789 1772 1750 1743 1767 1796 1806 1790 1770 1750 1726 1701 1701 1730 1742 1740 1723 1704 1682 1679 1680 1659 1635 1618 1598 1565 1530 1528 1538 1549 1547 1539 1524 1519 1551 1588 1618 1643 1662 1650 1620 1592 1580 1573 1585 1603 1633 1678 1696 1687 1686 1704 1744 1785 1828 1844 1835 1799 1760 1723 1738 1765 1773 1761 1749 1735 1688 1644 1635 1665 1716 1757 1789 1799 1775 1745
1721 1742 1764 1786 1805 1816 1808 1791 1773 1768 1788 1815 1824 1815 1796 1781 1766 1749 1750 1762 1759 1737 1710 1676 1657 1652 1658 1669 1667 1648 1628 1594 1560 1541 1531 1528 1535 1535 1538 1545 1568 1609 1649 1688 1699 1682 1657 1636 1617 1585 1567 1568 1595 1631 1657 1642 1622 1643 1670 1728 1789 1839 1844 1825 1786 1767 1771 1802 1814 1806 1787 1752 1705 1655 1632 1661 1708 1759 1801 1819 1806 1785
1754 1766 1782 1804 1823 1836 1829 1819 1810 1807 1816 1832 1840 1828 1815 1803 1797 1790 1787 1780 1758 1730 1704 1682 1657 1642 1639 1659 1664 1655 1637 1623 1600 1584 1566 1541 1532 1536 1567 1576 1587 1603 1656 1704 1729 1712 1688 1669 1640 1592 1558 1566 1596 1630 1667 1669 1660 1647 1665 1702 1773 1832 1861 1850 1826 1803 1813 1834 1840 1823 1788 1748 1707 1670 1651 1666 1705 1752 1791 1820 1831 1824
1786 1789 1798 1808 1830 1844 1849 1844 1838 1835 1839 1840 1834 1825 1808 1803 1809 1809 1796 1780 1757 1738 1719 1706 1692 1667 1651 1652 1661 1658 1653 1642 1629 1622 1604 1580 1550 1557 1603 1649 1641 1640 1672 1728 1743 1720 1680 1657 1637 1588 1571 1595 1633 1658 1701 1736 1732 1728 1718 1733 1777 1834 1874 1876 1861 1844 1850 1861 1860 1828 1784 1740 1716 1694 1680 1687 1702 1741 1780 1810 1835 1847
1808 1814 1810 1814 1827 1847 1857 1858 1856 1854 1852 1841 1829 1807 1791 1781 1795 1806 1805 1790 1771 1750 1736 1719 1697 1684 1659 1648 1642 1649 1653 1651 1645 1647 1648 1628 1593 1587 1635 1689 1706 1690 1715 1752 1748 1692 1635 1597 1588 1582 1587 1638 1684 1707 1739 1779 1796 1793 1777 1764 1782 1835 1881 1904 1897 1886 1886 1889 1866 1831 1785 1763 1743 1743 1732 1722 1721 1739 1774 1802 1825 1842
1831 1835 1829 1827 1839 1852 1861 1866 1866 1864 1858 1845 1826 1814 1787 1773 1778 1792 1793 1783 1772 1753 1724 1705 1692 1676 1670 1644 1641 1652 1668 1675 1672 1682 1684 1673 1651 1634 1663 1708 1742 1747 1757 1774 1749 1684 1600 1564 1565 1594 1637 1686 1732 1753 1780 1809 1832 1835 1816 1790 1798 1837 1892 1917 1921 1916 1914 1896 1873 1833 1811 1792 1790 1786 1785 1773 1747 1764 1789 1812 1818 1825
1847 1848 1848 1846 1854 1862 1868 1870 1871 1869 1864 1848 1838 1821 1803 1782 1780 1775 1778 1774 1766 1743 1725 1715 1701 1699 1683 1668 1662 1682 1700 1712 1712 1713 1713 1708 1694 1678 1678 1714 1754 1779 1793 1792 1758 1699 1637 1592 1591 1617 1670 1707 1743 1781 1808 1838 1859 1864 1850 1832 1829 1863 1898 1922 1929 1927 1917 1910 1883 1859 1846 1833 1821 1826 1822 1801 1774 1780 1808 1815 1804 1795
1855 1856 1859 1862 1867 1871 1872 1873 1873 1871 1865 1858 1843 1836 1822 1810 1798 1792 1788 1781 1775 1757 1740 1742 1734 1722 1708 1688 1697 1712 1740 1751 1747 1748 1739 1729 1717 1700 1691 1711 1763 1799 1815 1801 1763 1723 1682 1645 1614 1620 1651 1697 1740 1793 1831 1858 1880 1892 1887 1876 1884 1894 1917 1928 1930 1928 1928 1917 1911 1896 1881 1867 1850 1858 1856 1826 1795 1810 1816 1805 1771 1764
1864 1865 1869 1871 1873 1874 1875 1876 1875 1873 1870 1861 1855 1849 1843 1834 1828 1814 1805 1788 1774 1762 1755 1759 1753 1741 1725 1724 1727 1755 1775 1784 1770 1756 1739 1735 1725 1722 1719 1738 1778 1820 1840 1824 1791 1760 1741 1706 1650 1638 1663 1706 1759 1811 1846 1875 1901 1918 1917 1911 1912 1921 1927 1929 1931 1930 1926 1929 1925 1918 1912 1895 1880 1887 1876 1849 1831 1836 1831 1785 1739 1730
1875 1874 1874 1874 1876 1877 1877 1877 1876 1875 1873 1868 1861 1859 1856 1850 1844 1832 1815 1790 1777 1770 1771 1779 1782 1768 1758 1758 1776 1793 1809 1789 1763 1738 1732 1730 1746 1753 1752 1771 1796 1836 1860 1855 1830 1817 1799 1756 1707 1696 1710 1737 1785 1820 1853 1887 1918 1940 1938 1927 1926 1926 1928 1929 1930 1929 1928 1926 1927 1925 1923 1914 1908 1905 1887 1859 1861 1868 1833 1781 1730 1714
1880 1880 1879 1879 1878 1878 1878 1879 1880 1879 1878 1874 1867 1865 1860 1854 1849 1845 1832 1815 1805 1802 1797 1804 1813 1804 1787 1792 1808 1826 1822 1792 1758 1747 1745 1762 1781 1799 1808 1814 1838 1856 1881 1878 1867 1854 1842 1802 1762 1771 1773 1790 1818 1856 1881 1906 1926 1938 1936 1928 1926 1925 1927 1927 1927 1927 1926 1925 1924 1924 1923 1922 1917 1911 1881 1857 1870 1875 1847 1795 1766 1751
1884 1884 1884 1882 1881 1880 1880 1881 1882 1882 1881 1878 1874 1868 1862 1855 1853 1851 1849 1837 1830 1829 1812 1807 1820 1825 1820 1825 1841 1856 1849 1820 1798 1787 1786 1790 1818 1839 1848 1866 1874 1890 1900 1901 1891 1883 1872 1845 1829 1835 1838 1832 1860 1885 1906 1918 1922 1927 1926 1925 1924 1925 1925 1926 1925 1925 1923 1922 1921 1921 1921 1921 1923 1918 1888 1868 1887 1899 1873 1849 1821 1809
1884 1887 1886 1885 1884 1883 1882 1883 1883 1882 1882 1882 1879 1876 1870 1866 1861 1862 1856 1848 1841 1839 1822 1806 1819 1843 1849 1858 1867 1878 1877 1862 1847 1828 1814 1814 1838 1867 1879 1893 1902 1906 1914 1915 1916 1907 1897 1883 1872 1883 1877 1877 1888 1905 1916 1920 1919 1921 1921 1922 1924 1924 1925 1925 1924 1923 1921 1920 1919 1919 1920 1923 1924 1914 1894 1884 1900 1911 1905 1885 1861 1820
1889 1888 1887 1886 1886 1885 1884 1883 1883 1883 1882 1882 1882 1880 1878 1877 1874 1869 1868 1860 1853 1854 1846 1830 1841 1861 1874 1872 1880 1885 1887 1885 1874 1860 1842 1841 1865 1887 1900 1905 1908 1908 1912 1922 1924 1922 1916 1912 1902 1901 1903 1903 1908 1915 1917 1916 1917 1918 1918 1919 1920 1922 1922 1923 1922 1921 1920 1919 1918 1917 1918 1922 1920 1910 1903 1900 1912 1916 1913 1891 1846 1790
1890 1889 1888 1887 1887 1886 1885 1884 1883 1883 1882 1882 1881 1881 1881 1881 1880 1877 1874 1871 1865 1866 1862 1860 1863 1873 1877 1880 1882 1885 1887 1890 1890 1883 1880 1876 1887 1902 1906 1908 1905 1906 1908 1912 1916 1917 1923 1923 1919 1908 1907 1908 1911 1912 1912 1913 1915 1916 1916 1916 1917 1917 1918 1919 1919 1918 1918 1917 1917 1917 1919 1921 1922 1916 1910 1916 1915 1914 1908 1887 1830 1781
1891 1890 1889 1888 1887 1887 1886 1885 1884 1883 1883 1882 1882 1880 1882 1883 1883 1881 1879 1878 1876 1874 1875 1873 1876 1878 1880 1881 1884 1885 1887 1888 1890 1891 1892 1890 1897 1902 1905 1903 1904 1904 1907 1908 1909 1909 1912 1918 1909 1905 1905 1906 1907 1908 1909 1911 1912 1913 1913 1914 1914 1914 1915 1915 1916 1915 1915 1915 1916 1917 1917 1918 1917 1916 1915 1915 1914 1914 1913 1892 1861 1824
1891 1890 1889 1888 1888 1887 1887 1886 1885 1884 1883 1883 1881 1882 1883 1884 1884 1884 1882 1882 1883 1882 1880 1880 1880 1880 1881 1882 1884 1885 1886 1888 1891 1889 1890 1896 1897 1900 1901 1902 1902 1904 1905 1906 1907 1905 1905 1904 1902 1902 1903 1904 1904 1905 1907 1908 1909 1910 1911 1911 1911 1912 1912 1913 1913 1914 1914 1915 1915 1915 1915 1914 1914 1914 1914 1914 1915 1916 1915 1911 1894 1882
1891 1890 1889 1888 1888 1887 1886 1886 1885 1885 1884 1884 1884 1883 1885 1885 1885 1885 1885 1885 1886 1885 1884 1883 1883 1882 1882 1883 1884 1885 1886 1889 1891 1891 1892 1895 1897 1898 1899 1900 1902 1903 1904 1903 1903 1903 1901 1900 1900 1900 1901 1902 1902 1903 1905 1906 1907 1908 1908 1909 1909 1910 1911 1912 1913 1913 1914 1914 1914 1914 1914 1914 1914 1913 1914 1915 1916 1918 1919 1918 1917 1915
1889 1889 1889 1888 1887 1886 1886 1885 1885 1885 1884 1884 1884 1883 1883 1885 1886 1886 1886 1886 1887 1887 1886 1885 1884 1884 1883 1884 1885 1886 1887 1888 1891 1889 1890 1895 1895 1895 1897 1898 1900 1901 1902 1901 1901 1900 1900 1899 1899 1899 1899 1900 1900 1901 1902 1904 1905 1906 1906 1907 1907 1908 1910 1911 1912 1913 1914 1914 1914 1915 1915 1914 1914 1914 1915 1917 1918 1920 1921 1922 1923 1924
1889 1889 1889 1888 1887 1886 1886 1885 1885 1885 1885 1885 1883 1881 1880 1883 1886 1887 1887 1887 1887 1887 1886 1885 1885 1884 1884 1885 1885 1886 1887 1887 1888 1888 1889 1892 1893 1894 1895 1897 1898 1899 1900 1900 1899 1899 1899 1899 1898 1898 1898 1898 1899 1900 1901 1902 1903 1904 1905 1905 1907 1908 1910 1911 1911 -9999 -9999 -9999 -9999 -9999 -9999 -9999 1914 1915 1917 1918 1920 1921 1922 1923 1925 1926
1889 1889 1889 1888 1887 1886 1886 1885 1885 1885 1885 1885 1884 1881 1879 1882 1885 1886 1887 1887 1887 1886 1886 1885 1884 1884 1884 1885 1885 1885 1886 1886 1887 1888 1889 1890 1891 1892 1894 1895 1896 1897 1898 1898 1898 1898 1898 1897 1897 1897 1898 1899 1899 1900 1900 1901 1902 1903 1904 1905 1907 1908 1909 1910 -9999 -9999 -9999 -9999 -9999 -9999 -9999 -9999 -9999 1916 1917 1919 1920 -9999 -9999 -9999 1926 1927
1889 1888 1888 1888 1887 1886 1886 1886 1886 1885 1885 1885 1884 1883 1881 1882 1885 1886 1887 1887 1886 1886 1885 1885 1884 1884 1884 1884 1884 1884 1885 1885 1886 1887 1888 1889 1890 1891 1892 1893 1894 1895 1896 1896 1896 1896 1896 1896 1897 1898 1898 1899 1900 1900 1901 1901 1902 1903 1904 1905 1907 1908 1908 -9999 -9999 -9999 -9999 -9999 -9999 -9999 -9999 -9999 -9999 -9999 1918 1919 -9999 -9999 -9999 -9999 -9999 -9999
1889 1888 1888 1887 1887 1887 1886 1886 1886 1886 1886 1886 1885 1884 1883 1884 1885 1886 1886 1886 1886 1885 1885 1885 1884 1884 1883 1883 1883 1883 1884 1885 1885 1886 1887 1888 1889 1890 1891 1892 1893 1893 1894 1894 1895 1895 1895 1896 1897 1898 -9999 -9999 -9999 -9999 1901 1902 1903 1903 1904 1906 1907 1908 -9999 -9999 -9999 -9999 -9999 -9999 -9999 -9999 -9999 -9999 -9999 -9999 -9999 -9999 -9999 -9999 -9999 -9999 -9999 -9999
