Data/tmin/PRISM_tmin_pr_1963-1995_normal_450mM1_annual_asc.asc
ncols 557
nrows 164
xllcorner -67.31875000000
yllcorner 17.86875000000
cellsize 0.00416666667
NODATA_value -9999
[rows 36 to 71 of 164, columns 0 to 81 of 557]
-9999 -9999 -9999 -9999 -9999 -9999 -9999 -9999 -9999 -9999 -9999 -9999 -9999 -9999 -9999 -9999 -9999 -9999 -9999 -9999 -9999 -9999 -9999 -9999 -9999 -9999 2055 2050 2044 2037 2031 2026 2021 2018 2014 2007 1998 1987 1976 1965 1951 1936 1924 1919 1920 1924 1929 1932 1935 1938 1940 1941 1943 1942 1941 1941 1949 1955 1960 1970 1971 1971 1972 1977 1983 1986 1985 1988 1993 1994 1996 1997 2000 2002 2004 1997 1991 1986 1980 1977 1973 1972
-9999 -9999 -9999 -9999 -9999 -9999 -9999 -9999 -9999 -9999 -9999 -9999 -9999 -9999 -9999 -9999 -9999 -9999 -9999 -9999 -9999 -9999 -9999 -9999 2076 2068 2059 2049 2041 2031 2025 2018 2011 2007 2002 1993 1982 1972 1960 1950 1936 1924 1914 1910 1910 1911 1912 1914 1916 1918 1918 1918 1920 1920 1918 1918 1925 1930 1937 1945 1946 1942 1941 1949 1960 1964 1963 1966 1969 1973 1976 1976 1976 1978 1979 1974 1971 1965 1961 1960 1957 1961
-9999 -9999 -9999 -9999 -9999 -9999 -9999 -9999 -9999 -9999 -9999 -9999 -9999 -9999 -9999 -9999 -9999 -9999 -9999 -9999 -9999 2096 2092 2086 2079 2070 2060 2051 2040 2028 2019 2010 2003 1995 1989 1980 1968 1956 1945 1934 1923 1913 1909 1907 1906 1906 1907 1905 1903 1902 1902 1901 1903 1902 1900 1900 1905 1910 1917 1924 1921 1914 1913 1922 1936 1941 1940 1941 1945 1950 1953 1951 1948 1945 1947 1950 1952 1953 1949 1947 1945 1948
-9999 -9999 -9999 -9999 -9999 -9999 -9999 -9999 -9999 -9999 -9999 -9999 -9999 -9999 -9999 -9999 -9999 2109 2107 2105 2101 2098 2093 2086 2079 2070 2060 2051 2039 2026 2015 2005 1993 1983 1975 1963 1952 1942 1930 1921 1913 1909 1907 1907 1907 1906 1905 1901 1895 1893 1892 1893 1891 1890 1888 1886 1890 1892 1899 1902 1897 1890 1889 1899 1911 1919 1916 1915 1921 1927 1929 1927 1922 1918 1920 1926 1937 1941 1942 1942 1937 1939
-9999 -9999 -9999 -9999 -9999 -9999 -9999 -9999 -9999 -9999 -9999 -9999 -9999 2114 2114 2113 2111 2110 2108 2105 2102 2097 2093 2086 2078 2068 2058 2047 2035 2020 2006 1992 1983 1970 1958 1948 1938 1929 1920 1913 1910 1907 1907 1907 1907 1906 1905 1902 1896 1891 1890 1888 1884 1882 1880 1878 1877 1878 1879 1882 1876 1870 1869 1876 1889 1895 1891 1892 1899 1905 1907 1904 1900 1898 1902 1908 1918 1926 1930 1930 1925 1927
-9999 -9999 -9999 -9999 -9999 -9999 -9999 -9999 -9999 -9999 -9999 -9999 2114 2114 2114 2113 2112 2110 2108 2105 2100 2095 2090 2084 2075 2066 2055 2042 2028 2011 1993 1979 1968 1956 1945 1935 1927 1919 1913 1910 1908 1907 1906 1906 1906 1905 1903 1902 1898 1891 1881 1879 1877 1875 1871 1870 1867 1864 1864 1863 1858 1853 1851 1856 1865 1871 1867 1870 1879 1884 1884 1885 1883 1881 1887 1893 1902 1911 1916 1916 1913 1914
-9999 -9999 -9999 -9999 -9999 -9999 -9999 -9999 -9999 -9999 -9999 2114 2114 2112 2112 2110 2108 2107 2106 2101 2096 2088 2085 2078 2070 2062 2050 2035 2019 2002 1982 1967 1957 1947 1938 1927 1920 1913 1910 1909 1908 1906 1906 1905 1904 1900 1898 1898 1896 1884 1872 1869 1872 1868 1865 1859 1858 1853 1850 1848 1843 1838 1835 1838 1845 1850 1847 1850 1859 1862 1863 1869 1867 1868 1873 1880 1887 1896 1905 1903 1902 1901
-9999 -9999 -9999 -9999 -9999 -9999 -9999 -9999 -9999 -9999 2112 2113 2107 2105 2100 2097 2098 2098 2097 2097 2090 2085 2077 2072 2064 2055 2041 2026 2011 1994 1974 1960 1949 1945 1937 1927 1919 1914 1910 1909 1907 1906 1905 1904 1901 1895 1891 1892 1891 1885 1872 1868 1866 1867 1856 1855 1851 1844 1839 1836 1831 1827 1823 1824 1829 1834 1831 1833 1839 1840 1842 1848 1853 1852 1859 1868 1873 1884 1892 1893 1889 1889
-9999 -9999 -9999 -9999 -9999 -9999 -9999 -9999 -9999 2112 2112 2108 2100 2089 2084 2080 2079 2084 2089 2090 2087 2078 2071 2062 2055 2045 2030 2016 2005 1987 1970 1953 1947 1943 1939 1929 1924 1918 1913 1910 1907 1905 1903 1901 1897 1888 1882 1880 1881 1884 1881 1871 1869 1860 1857 1851 1846 1839 1833 1830 1825 1821 1818 1817 1819 1822 1819 1819 1822 1823 1824 1832 1834 1837 1847 1856 1863 1870 1878 1880 1880 1881
-9999 -9999 -9999 -9999 -9999 -9999 -9999 -9999 2111 2112 2111 2107 2095 2083 2075 2066 2066 2070 2078 2080 2077 2067 2059 2050 2042 2031 2017 2007 1997 1985 1967 1953 1944 1941 1936 1932 1928 1922 1917 1917 1909 1904 1900 1897 1889 1878 1869 1867 1868 1874 1876 1873 1868 1865 1859 1852 1846 1837 1834 1829 1824 1820 1816 1814 1814 1814 1812 1811 1812 1813 1813 1816 1819 1822 1832 1847 1847 1849 1856 1861 1868 1873
-9999 -9999 -9999 -9999 -9999 -9999 -9999 -9999 -9999 2112 2112 2110 2102 2087 2079 2072 2064 2064 2066 2065 2059 2056 2049 2040 2030 2017 2005 1994 1991 1985 1972 1958 1950 1942 1938 1934 1930 1927 1928 1922 1914 1903 1896 1891 1880 1868 1863 1863 1862 1862 1858 1858 1858 1854 1850 1844 1836 1831 1830 1826 1824 1819 1816 1813 1811 1809 1807 1807 1807 1806 1807 1808 1809 1810 1822 1830 1832 1833 1843 1855 1861 1867
-9999 -9999 -9999 -9999 -9999 -9999 -9999 -9999 -9999 -9999 2111 2111 2104 2093 2083 2077 2071 2066 2058 2049 2046 2043 2038 2027 2015 2004 1994 1986 1988 1990 1981 1965 1957 1947 1940 1935 1933 1935 1930 1925 1909 1898 1890 1881 1872 1860 1856 1853 1852 1848 1846 1845 1846 1842 1841 1834 1825 1825 1824 1823 1821 1819 1815 1812 1809 1807 1805 1806 1805 1804 1804 1806 1806 1806 1810 1816 1817 1823 1839 1849 1849 1852
-9999 -9999 -9999 -9999 -9999 -9999 -9999 -9999 -9999 -9999 2111 2111 2109 2099 2091 2084 2077 2066 2052 2039 2034 2030 2024 2010 2000 1992 1986 1981 1985 1990 1980 1966 1957 1948 1942 1936 1937 1939 1932 1915 1903 1892 1879 1871 1861 1855 1849 1842 1838 1837 1832 1834 1839 1839 1839 1832 1826 1821 1822 1821 1819 1816 1813 1811 1810 1807 1805 1804 1804 1804 1804 1805 1805 1805 1806 1808 1809 1817 1832 1840 1841 1841
-9999 -9999 -9999 -9999 -9999 -9999 -9999 -9999 -9999 -9999 -9999 2110 2110 2107 2100 2092 2080 2066 2048 2033 2019 2013 2004 1994 1986 1981 1982 1973 1975 1977 1968 1957 1954 1944 1938 1931 1933 1933 1920 1905 1894 1883 1871 1860 1852 1846 1843 1835 1832 1829 1827 1831 1835 1837 1835 1831 1825 1822 1820 1818 1816 1814 1812 1811 1809 1807 1805 1805 1805 1804 1805 1804 1805 1805 1805 1806 1807 1811 1822 1832 1836 1841
-9999 -9999 -9999 -9999 -9999 -9999 -9999 -9999 -9999 -9999 -9999 -9999 2109 2109 2106 2098 2087 2068 2050 2029 2012 1998 1991 1983 1978 1978 1978 1972 1965 1961 1950 1943 1939 1929 1917 1910 1910 1915 1905 1894 1883 1874 1863 1852 1844 1838 1835 1832 1833 1835 1834 1835 1837 1830 1822 1822 1824 1821 1816 1816 1812 1812 1810 1809 1809 1807 1806 1807 1808 1809 1807 1806 1806 1808 1805 1805 1806 1808 1813 1818 1824 1829
-9999 -9999 -9999 -9999 -9999 -9999 -9999 -9999 -9999 -9999 -9999 -9999 2109 2109 2107 2103 2091 2075 2056 2036 2013 1998 1987 1981 1978 1978 1982 1974 1963 1951 1935 1923 1919 1905 1891 1879 1883 1891 1891 1882 1875 1866 1856 1845 1838 1832 1831 1829 1831 1834 1833 1832 1825 1816 1810 1814 1816 1814 1813 1809 1812 1807 1806 1805 1806 1806 1807 1808 1810 1810 1810 1808 1809 1809 1808 1806 1806 1808 1810 1812 1814 1818
-9999 -9999 -9999 -9999 -9999 -9999 -9999 -9999 -9999 -9999 -9999 -9999 -9999 2108 2107 2102 2094 2080 2064 2045 2025 2007 1994 1986 1986 1986 1984 1974 1957 1936 1915 1899 1889 1876 1864 1853 1857 1872 1877 1873 1864 1858 1847 1835 1832 1829 1825 1822 1822 1820 1821 1815 1812 1807 1803 1803 1806 1803 1805 1810 1808 1805 1802 1801 1805 1804 1805 1807 1809 1810 1810 1810 1810 1810 1809 1808 1807 1809 1810 1810 1811 1814
-9999 -9999 -9999 -9999 -9999 -9999 -9999 -9999 -9999 -9999 -9999 -9999 -9999 2106 2104 2102 2096 2086 2073 2057 2040 2022 2006 1997 1994 1993 1988 1972 1952 1928 1904 1883 1867 1852 1838 1830 1842 1859 1869 1864 1858 1848 1838 1829 1827 1824 1820 1816 1812 1810 1806 1809 1810 1807 1801 1799 1798 1799 1802 1808 1808 1803 1796 1804 1801 1804 1803 1805 1806 1806 1808 1809 1809 1810 1809 1809 1809 1809 1810 1810 1811 1812
-9999 -9999 -9999 -9999 -9999 -9999 -9999 -9999 -9999 -9999 -9999 -9999 -9999 -9999 2102 2101 2097 2090 2080 2068 2054 2041 2024 2011 2005 1999 1988 1972 1952 1924 1901 1880 1860 1841 1824 1821 1834 1853 1857 1857 1850 1841 1832 1826 1822 1821 1815 1810 1809 1803 1807 1812 1820 1817 1804 1798 1797 1796 1800 1808 1808 1801 1805 1797 1806 1803 1801 1802 1803 1805 1803 1805 1805 1806 1809 1807 1807 1808 1808 1809 1810 1811
-9999 -9999 -9999 -9999 -9999 -9999 -9999 -9999 -9999 -9999 -9999 -9999 -9999 -9999 -9999 2097 2095 2091 2083 2075 2065 2054 2040 2026 2013 2005 1997 1987 1967 1935 1903 1881 1860 1840 1832 1830 1840 1848 1847 1846 1843 1837 1829 1823 1822 1821 1816 1810 1807 1806 1805 1817 1823 1817 1807 1800 1799 1802 1803 1810 1808 1807 1800 1807 1803 1810 1805 1799 1803 1807 1805 1803 1801 1804 1805 1808 1809 1806 1805 1807 1808 1808
-9999 -9999 -9999 -9999 -9999 -9999 -9999 -9999 -9999 -9999 -9999 -9999 -9999 -9999 -9999 2095 2093 2090 2086 2075 2067 2059 2049 2035 2020 2010 2006 1996 1977 1942 1904 1876 1857 1854 1848 1853 1858 1861 1852 1855 1850 1844 1836 1828 1823 1825 1822 1816 1809 1805 1811 1813 1822 1817 1810 1807 1808 1807 1812 1813 1810 1807 1809 1804 1811 1813 1808 1800 1802 1811 1811 1803 1800 1800 1804 1809 1814 1812 1807 1806 1805 1810
-9999 -9999 -9999 -9999 -9999 -9999 -9999 -9999 -9999 -9999 -9999 -9999 -9999 -9999 -9999 -9999 2090 2089 2083 2075 2064 2056 2047 2034 2020 2010 2003 1996 1982 1950 1922 1897 1887 1878 1885 1880 1884 1878 1877 1869 1867 1860 1852 1835 1823 1826 1827 1817 1810 1815 1812 1812 1810 1807 1805 1809 1811 1816 1818 1822 1818 1815 1811 1806 1809 1816 1811 1801 1799 1812 1812 1807 1803 1797 1800 1807 1816 1814 1813 1810 1812 1814
-9999 -9999 -9999 -9999 -9999 -9999 -9999 -9999 -9999 -9999 -9999 -9999 -9999 -9999 -9999 -9999 2088 2085 2081 2073 2061 2050 2038 2028 2015 2004 2005 1999 1992 1982 1961 1946 1932 1927 1913 1912 1908 1909 1896 1896 1882 1876 1858 1838 1819 1829 1831 1818 1813 1822 1821 1806 1803 1799 1798 1806 1812 1818 1820 1823 1822 1816 1805 1798 1798 1810 1811 1803 1800 1805 1815 1812 1805 1801 1795 1800 1809 1811 1813 1816 1816 1821
-9999 -9999 -9999 -9999 -9999 -9999 -9999 -9999 -9999 -9999 -9999 -9999 -9999 -9999 -9999 -9999 -9999 2082 2080 2071 2062 2048 2037 2028 2013 2008 2009 2008 2005 1993 1982 1969 1957 1945 1936 1930 1929 1923 1919 1912 1906 1893 1879 1850 1833 1846 1841 1821 1817 1831 1828 1815 1803 1801 1796 1800 1814 1820 1823 1819 1822 1822 1814 1801 1796 1799 1803 1802 1796 1801 1810 1817 1814 1803 1800 1808 1813 1814 1817 1817 1820 1819
-9999 -9999 -9999 -9999 -9999 -9999 -9999 -9999 -9999 -9999 -9999 -9999 -9999 -9999 -9999 -9999 -9999 -9999 2077 2073 2065 2057 2048 2037 2027 2020 2022 2019 2012 2001 1986 1969 1958 1950 1943 1942 1941 1937 1932 1927 1922 1915 1900 1877 1861 1861 1852 1828 1825 1836 1843 1821 1813 1802 1796 1795 1806 1819 1818 1812 1819 1824 1823 1810 1795 1793 1799 1801 1798 1796 1808 1817 1822 1815 1813 1817 1822 1821 1819 1819 1818 1818
-9999 -9999 -9999 -9999 -9999 -9999 -9999 -9999 -9999 -9999 -9999 -9999 -9999 -9999 -9999 -9999 -9999 -9999 -9999 2069 2065 2060 2054 2050 2042 2038 2036 2028 2021 2009 1993 1974 1960 1951 1948 1948 1950 1947 1943 1937 1931 1925 1916 1904 1886 1885 1867 1848 1836 1844 1844 1838 1815 1808 1801 1799 1803 1807 1810 1807 1811 1821 1816 1809 1798 1803 1808 1812 1804 1795 1798 1815 1820 1824 1822 1827 1826 1823 1822 1819 1819 1817
-9999 -9999 -9999 -9999 -9999 -9999 -9999 -9999 -9999 -9999 -9999 -9999 -9999 -9999 -9999 -9999 -9999 -9999 -9999 -9999 2061 2057 2053 2050 2047 2045 2039 2032 2024 2013 1998 1980 1964 1955 1950 1951 1953 1954 1950 1944 1938 1932 1924 1916 1907 1898 1889 1871 1857 1854 1861 1848 1832 1818 1815 1808 1802 1802 1805 1807 1808 1808 1804 1805 1804 1809 1818 1818 1815 1804 1809 1813 1815 1817 1820 1826 1824 1821 1819 1815 1813 1813
-9999 -9999 -9999 -9999 -9999 -9999 -9999 -9999 -9999 -9999 -9999 -9999 -9999 -9999 -9999 -9999 -9999 -9999 -9999 -9999 -9999 2053 2050 2046 2046 2042 2039 2033 2024 2013 2002 1985 1968 1958 1953 1952 1954 1956 1955 1950 1944 1935 1928 1921 1914 1908 1899 1887 1875 1874 1876 1870 1856 1844 1837 1826 1809 1805 1811 1819 1816 1811 1809 1820 1822 1821 1813 1819 1818 1814 1814 1817 1806 1805 1807 1817 1815 1813 1814 1809 1805 1802
-9999 -9999 -9999 -9999 -9999 -9999 -9999 -9999 -9999 -9999 -9999 -9999 -9999 -9999 -9999 -9999 -9999 -9999 -9999 -9999 -9999 -9999 -9999 -9999 -9999 -9999 2037 2032 2023 2014 2003 1989 1973 1960 1955 1953 1955 1957 1957 1953 1947 1938 1930 1925 1920 1913 1903 1892 1887 1888 1887 1881 1874 1869 1860 1845 1830 1825 1838 1842 1838 1830 1825 1834 1829 1821 1818 1812 1815 1807 1811 1809 1808 1805 1807 1809 1808 1807 1809 1806 1803 1806
-9999 -9999 -9999 -9999 -9999 -9999 -9999 -9999 -9999 -9999 -9999 -9999 -9999 -9999 -9999 -9999 -9999 -9999 -9999 -9999 -9999 -9999 -9999 -9999 -9999 -9999 -9999 -9999 2019 2013 2004 1992 1977 1965 1958 1956 1955 1958 1959 1957 1950 1941 1934 1929 1925 1918 1910 1901 1896 1894 1887 1880 1876 1872 1872 1860 1858 1860 1855 1860 1848 1838 1832 1826 1818 1812 1806 1812 1804 1803 1798 1804 1812 1817 1808 1813 1811 1809 1811 1805 1802 1805
-9999 -9999 -9999 -9999 -9999 -9999 -9999 -9999 -9999 -9999 -9999 -9999 -9999 -9999 -9999 -9999 -9999 -9999 -9999 -9999 -9999 -9999 -9999 -9999 -9999 -9999 -9999 -9999 2018 2012 2005 1995 1982 1971 1962 1958 1957 1959 1960 1959 1953 1946 1939 1934 1929 1924 1915 1909 1904 1898 1886 1879 1870 1869 1857 1858 1860 1865 1866 1852 1839 1828 1819 1818 1804 1802 1810 1807 1807 1805 1803 1796 1811 1812 1808 1805 1808 1813 1807 1804 1803 1806
-9999 -9999 -9999 -9999 -9999 -9999 -9999 -9999 -9999 -9999 -9999 -9999 -9999 -9999 -9999 -9999 -9999 -9999 -9999 -9999 -9999 -9999 -9999 -9999 -9999 -9999 -9999 -9999 2017 2012 2005 1996 1987 1976 1966 1960 1958 1959 1962 1961 1956 1950 1945 1939 1933 1927 1919 1907 1903 1895 1889 1879 1873 1862 1857 1841 1846 1847 1849 1855 1839 1817 1812 1810 1808 1806 1805 1807 1801 1803 1796 1795 1800 1806 1797 1800 1800 1805 1805 1799 1806 1809
-9999 -9999 -9999 -9999 -9999 -9999 -9999 -9999 -9999 -9999 -9999 -9999 -9999 -9999 -9999 -9999 -9999 -9999 -9999 -9999 -9999 -9999 -9999 -9999 -9999 -9999 -9999 -9999 -9999 2010 2005 1998 1990 1980 1968 1961 1959 1961 1963 1962 1959 1954 1950 1944 1937 1930 1917 1905 1894 1891 1883 1876 1865 1862 1859 1850 1832 1824 1831 1839 1837 1821 1804 1810 1806 1802 1805 1804 1789 1789 1785 1778 1783 1784 1792 1790 1793 1800 1795 1794 1801 1808
-9999 -9999 -9999 -9999 -9999 -9999 -9999 -9999 -9999 -9999 -9999 -9999 -9999 -9999 -9999 -9999 -9999 -9999 -9999 -9999 -9999 -9999 -9999 -9999 -9999 -9999 -9999 -9999 -9999 2009 2005 1998 1990 1982 1971 1962 1961 1962 1964 1964 1961 1957 1953 1948 1941 1933 1923 1907 1896 1888 1880 1867 1854 1850 1855 1855 1843 1824 1817 1828 1830 1821 1815 1810 1803 1792 1789 1785 1781 1775 1775 1772 1773 1775 1780 1788 1787 1791 1791 1792 1798 1804
-9999 -9999 -9999 -9999 -9999 -9999 -9999 -9999 -9999 -9999 -9999 -9999 -9999 -9999 -9999 -9999 -9999 -9999 -9999 -9999 -9999 -9999 -9999 -9999 -9999 -9999 -9999 -9999 -9999 -9999 2003 1998 1990 1983 1973 1964 1962 1963 1965 1965 1963 1960 1955 1952 1945 1938 1926 1913 1902 1889 1872 1856 1842 1832 1838 1846 1845 1837 1821 1812 1811 1810 1812 1815 1801 1789 1777 1774 1771 1777 1778 1777 1771 1769 1775 1780 1777 1782 1787 1791 1794 1804
-9999 -9999 -9999 -9999 -9999 -9999 -9999 -9999 -9999 -9999 -9999 -9999 -9999 -9999 -9999 -9999 -9999 -9999 -9999 -9999 -9999 -9999 -9999 -9999 -9999 -9999 -9999 -9999 -9999 -9999 -9999 1995 1989 1983 1975 1965 1962 1964 1964 1965 1964 1961 1957 1953 1948 1938 1925 1912 1900 1883 1862 1838 1823 1811 1812 1821 1834 1838 1829 1817 1804 1801 1808 1807 1802 1786 1777 1767 1768 1776 1782 1778 1772 1764 1764 1767 1767 1770 1780 1783 1793 1799
