Data/tmin/PRISM_tmin_pr_1963-1995_normal_450mM1_04_asc.asc
ncols 557
nrows 164
xllcorner -67.31875000000
yllcorner 17.86875000000
cellsize 0.00416666667
NODATA_value -9999
[rows 108 to 143 of 164, columns 246 to 327 of 557]
1754 1748 1744 1740 1732 1715 1697 1677 1659 1686 1703 1682 1663 1629 1618 1624 1643 1660 1664 1654 1656 1669 1674 1661 1649 1641 1648 1638 1639 1631 1621 1616 1605 1577 1556 1564 1579 1600 1607 1613 1610 1611 1628 1636 1640 1627 1591 1561 1557 1554 1559 1557 1560 1556 1552 1554 1560 1562 1563 1563 1559 1563 1566 1569 1569 1571 1574 1587 1621 1675 1730 1754 1759 1763 1762 1757 1753 1754 1750 1744 1750 1762
1759 1748 1747 1744 1735 1729 1726 1687 1672 1694 1695 1675 1639 1617 1613 1637 1641 1656 1678 1663 1654 1655 1648 1626 1611 1614 1622 1639 1632 1622 1606 1596 1593 1565 1549 1567 1594 1601 1602 1604 1612 1613 1609 1602 1625 1620 1579 1549 1547 1562 1563 1566 1552 1550 1543 1550 1563 1575 1582 1581 1575 1575 1577 1576 1577 1573 1565 1573 1615 1669 1716 1736 1740 1744 1744 1738 1738 1740 1744 1748 1758 1769
1753 1741 1738 1733 1736 1739 1741 1722 1703 1712 1704 1681 1661 1655 1670 1665 1656 1659 1682 1673 1640 1651 1637 1611 1592 1581 1599 1603 1609 1600 1582 1578 1563 1556 1558 1580 1597 1590 1591 1597 1610 1612 1593 1587 1609 1613 1589 1570 1570 1577 1575 1559 1551 1549 1553 1560 1584 1596 1616 1603 1589 1583 1580 1576 1573 1567 1568 1583 1622 1668 1702 1716 1728 1737 1733 1733 1734 1738 1738 1748 1755 1774
1755 1749 1739 1740 1733 1743 1750 1733 1725 1709 1709 1704 1708 1717 1720 1716 1684 1693 1707 1686 1670 1663 1645 1603 1568 1564 1562 1572 1577 1583 1573 1556 1554 1554 1566 1577 1581 1587 1590 1594 1598 1603 1595 1587 1603 1604 1597 1588 1587 1579 1566 1551 1545 1552 1562 1588 1620 1653 1651 1624 1591 1583 1578 1569 1563 1559 1567 1596 1633 1669 1692 1708 1719 1734 1736 1736 1739 1738 1744 1747 1761 1773
1770 1760 1757 1743 1747 1748 1743 1721 1700 1698 1711 1738 1749 1752 1750 1734 1727 1727 1735 1711 1686 1677 1631 1573 1552 1552 1558 1575 1604 1606 1604 1582 1569 1553 1546 1542 1549 1573 1589 1581 1577 1589 1599 1600 1605 1604 1601 1596 1586 1573 1560 1551 1544 1552 1568 1617 1685 1705 1686 1636 1600 1592 1587 1578 1569 1561 1562 1581 1620 1654 1683 1696 1714 1727 1732 1738 1739 1747 1751 1762 1772 1792
1771 1763 1755 1749 1745 1751 1740 1713 1687 1700 1733 1763 1772 1767 1760 1751 1751 1749 1739 1706 1672 1640 1593 1555 1546 1556 1579 1596 1627 1643 1643 1629 1608 1580 1551 1516 1523 1547 1562 1563 1570 1592 1600 1606 1606 1606 1605 1597 1590 1578 1565 1559 1556 1557 1585 1657 1727 1738 1695 1650 1626 1618 1611 1605 1597 1583 1566 1576 1597 1642 1672 1698 1712 1717 1727 1731 1740 1748 1759 1774 1789 1809
1768 1767 1760 1745 1736 1740 1741 1723 1721 1734 1771 1786 1795 1797 1784 1780 1769 1748 1716 1667 1619 1588 1567 1552 1557 1589 1598 1622 1648 1661 1671 1657 1656 1629 1589 1548 1508 1515 1523 1546 1574 1592 1594 1590 1593 1600 1602 1597 1593 1584 1573 1569 1577 1585 1623 1691 1765 1767 1728 1702 1687 1669 1648 1651 1635 1615 1596 1584 1608 1636 1675 1699 1707 1718 1721 1732 1739 1752 1763 1778 1800 1819
1779 1771 1756 1733 1729 1731 1738 1743 1752 1778 1794 1812 1823 1812 1793 1786 1771 1735 1682 1639 1596 1591 1583 1569 1590 1615 1652 1666 1687 1697 1686 1682 1679 1666 1636 1580 1528 1497 1508 1544 1573 1587 1583 1574 1584 1596 1600 1598 1598 1589 1583 1589 1616 1643 1675 1735 1784 1806 1788 1775 1754 1719 1705 1698 1680 1662 1640 1624 1625 1652 1682 1699 1706 1709 1719 1730 1745 1760 1775 1792 1812 1832
1776 1777 1754 1754 1762 1776 1768 1766 1773 1793 1811 1832 1841 1823 1794 1781 1771 1716 1674 1639 1637 1646 1640 1628 1637 1676 1709 1723 1731 1716 1709 1692 1696 1677 1656 1614 1557 1511 1509 1535 1561 1564 1563 1573 1583 1597 1601 1598 1594 1591 1587 1604 1641 1678 1723 1759 1800 1826 1837 1822 1791 1767 1753 1751 1735 1710 1686 1659 1642 1652 1671 1686 1690 1702 1715 1728 1748 1771 1786 1805 1826 1849
1762 1750 1762 1768 1802 1814 1801 1784 1788 1801 1823 1847 1859 1837 1799 1775 1751 1731 1701 1703 1708 1720 1709 1689 1701 1718 1742 1733 1716 1707 1690 1699 1696 1683 1660 1637 1583 1528 1505 1524 1527 1533 1540 1555 1580 1593 1594 1595 1594 1597 1607 1621 1642 1673 1714 1764 1798 1835 1855 1841 1817 1806 1803 1798 1765 1734 1705 1680 1667 1654 1664 1666 1673 1694 1713 1738 1759 1778 1793 1811 1839 1867
1727 1749 1758 1796 1824 1840 1832 1822 1817 1827 1839 1867 1877 1854 1802 1752 1736 1725 1750 1765 1771 1776 1758 1759 1754 1748 1739 1705 1666 1637 1640 1656 1667 1666 1671 1636 1591 1542 1503 1503 1509 1508 1529 1551 1581 1590 1591 1594 1604 1621 1660 1683 1693 1697 1731 1773 1811 1843 1864 1860 1836 1842 1833 1812 1778 1732 1707 1712 1702 1688 1680 1677 1683 1694 1720 1746 1764 1775 1783 1809 1840 1867
1738 1758 1785 1806 1846 1864 1861 1855 1851 1846 1862 1883 1890 1866 1814 1761 1725 1733 1744 1773 1797 1802 1802 1794 1785 1754 1731 1686 1634 1612 1595 1603 1608 1639 1649 1640 1603 1547 1516 1492 1505 1528 1551 1598 1621 1622 1609 1596 1601 1635 1686 1733 1752 1762 1779 1810 1836 1857 1879 1874 1874 1864 1846 1816 1774 1731 1728 1747 1743 1717 1710 1713 1701 1700 1721 1752 1773 1781 1792 1810 1830 1840
1771 1790 1803 1829 1859 1882 1885 1879 1866 1862 1878 1901 1902 1878 1844 1805 1777 1741 1751 1773 1807 1831 1823 1818 1795 1772 1745 1707 1666 1632 1616 1594 1580 1595 1633 1626 1607 1575 1533 1533 1551 1584 1624 1657 1684 1675 1642 1616 1605 1621 1674 1712 1743 1775 1794 1801 1810 1829 1853 1876 1885 1889 1861 1820 1776 1741 1746 1778 1772 1756 1752 1744 1727 1699 1708 1749 1780 1806 1823 1836 1825 1812
1803 1827 1845 1864 1893 1906 1903 1892 1873 1865 1891 1914 1914 1896 1874 1851 1820 1795 1790 1814 1840 1847 1834 1812 1787 1776 1770 1749 1718 1698 1671 1626 1580 1582 1589 1603 1600 1591 1577 1575 1611 1653 1686 1714 1731 1716 1682 1647 1632 1625 1639 1657 1686 1731 1746 1735 1731 1748 1789 1830 1873 1889 1878 1840 1801 1763 1779 1809 1820 1810 1799 1785 1737 1694 1689 1719 1770 1811 1845 1857 1835 1810
1834 1853 1874 1900 1921 1930 1927 1912 1896 1892 1911 1935 1936 1921 1903 1882 1863 1846 1851 1862 1863 1851 1824 1788 1761 1751 1751 1759 1757 1735 1711 1661 1619 1596 1588 1582 1588 1587 1592 1604 1631 1675 1719 1759 1769 1749 1719 1693 1668 1636 1620 1619 1645 1678 1702 1682 1657 1679 1709 1771 1832 1882 1886 1866 1825 1806 1812 1846 1861 1855 1837 1801 1754 1705 1682 1712 1759 1811 1854 1874 1866 1850
1869 1879 1896 1920 1942 1955 1949 1943 1933 1930 1942 1956 1956 1944 1926 1908 1894 1889 1894 1889 1875 1852 1823 1796 1765 1743 1735 1750 1751 1744 1722 1697 1665 1649 1628 1600 1588 1591 1627 1640 1654 1669 1723 1774 1800 1778 1751 1726 1692 1642 1607 1614 1640 1670 1707 1707 1692 1677 1698 1739 1811 1871 1899 1889 1865 1842 1853 1879 1887 1872 1837 1797 1756 1719 1701 1714 1755 1802 1842 1873 1890 1890
1899 1909 1919 1933 1954 1967 1971 1965 1962 1959 1964 1971 1968 1955 1937 1918 1918 1916 1919 1909 1891 1869 1846 1824 1800 1770 1747 1742 1746 1741 1736 1720 1704 1693 1673 1647 1613 1618 1665 1717 1708 1704 1736 1795 1808 1783 1739 1714 1688 1637 1618 1639 1675 1696 1740 1774 1765 1757 1747 1765 1811 1870 1910 1916 1901 1883 1892 1906 1905 1874 1830 1785 1761 1741 1726 1733 1750 1790 1829 1862 1893 1912
1924 1934 1938 1942 1959 1973 1981 1984 1981 1978 1978 1978 1972 1955 1934 1920 1926 1938 1938 1929 1907 1886 1862 1840 1808 1789 1757 1738 1730 1733 1739 1734 1727 1723 1722 1702 1666 1653 1701 1758 1773 1754 1778 1813 1809 1749 1691 1652 1639 1628 1630 1680 1725 1742 1774 1816 1828 1822 1804 1792 1813 1867 1917 1941 1936 1925 1928 1931 1907 1869 1824 1804 1785 1789 1778 1769 1769 1788 1822 1851 1881 1903
1944 1956 1954 1958 1966 1981 1989 1995 1995 1993 1988 1984 1975 1965 1942 1932 1936 1943 1943 1931 1911 1887 1855 1826 1805 1788 1772 1744 1737 1747 1759 1764 1758 1761 1760 1750 1727 1703 1731 1776 1809 1811 1821 1836 1808 1741 1655 1617 1612 1635 1674 1722 1766 1781 1808 1837 1863 1864 1841 1815 1824 1867 1922 1950 1956 1952 1953 1935 1908 1868 1846 1830 1832 1832 1831 1817 1792 1808 1831 1860 1872 1890
1963 1968 1975 1975 1984 1991 1998 2002 2004 2003 1997 1987 1983 1973 1961 1945 1943 1935 1936 1930 1913 1885 1860 1840 1819 1814 1794 1773 1766 1780 1794 1800 1798 1792 1792 1787 1771 1748 1744 1779 1816 1844 1856 1852 1816 1756 1691 1644 1638 1655 1703 1736 1770 1803 1829 1864 1887 1892 1875 1853 1852 1889 1928 1957 1965 1961 1953 1945 1918 1892 1881 1871 1863 1872 1868 1846 1819 1825 1855 1864 1862 1861
1976 1982 1987 1992 1998 2003 2006 2009 2010 2008 2004 1997 1989 1987 1981 1971 1960 1956 1951 1946 1933 1910 1884 1873 1856 1842 1821 1801 1803 1810 1834 1839 1832 1827 1819 1813 1794 1772 1756 1770 1821 1859 1875 1857 1818 1778 1735 1698 1663 1660 1684 1726 1766 1818 1856 1884 1908 1918 1908 1897 1907 1918 1951 1971 1972 1967 1964 1955 1946 1931 1910 1906 1893 1903 1901 1871 1841 1858 1869 1861 1831 1831
1991 1993 1998 2003 2006 2010 2013 2014 2014 2012 2010 2004 2000 2000 1996 1991 1986 1979 1974 1960 1943 1927 1913 1903 1883 1866 1845 1837 1835 1854 1869 1873 1855 1839 1824 1816 1805 1792 1783 1797 1834 1879 1897 1878 1844 1813 1794 1759 1703 1682 1701 1737 1787 1839 1872 1902 1928 1927 1926 1928 1932 1945 1961 1975 1979 1976 1972 1974 1968 1947 1940 1929 1923 1931 1918 1891 1877 1887 1889 1847 1802 1796
2004 2005 2007 2009 2012 2015 2017 2017 2017 2016 2014 2012 2008 2009 2008 2002 2000 1995 1982 1963 1950 1939 1933 1926 1915 1893 1878 1875 1883 1894 1904 1880 1852 1822 1812 1809 1818 1824 1819 1833 1855 1895 1916 1910 1883 1870 1852 1809 1758 1744 1750 1771 1816 1849 1881 1914 1934 1929 1925 1937 1947 1954 1969 1980 1982 1983 1982 1981 1973 1962 1955 1956 1952 1943 1923 1895 1904 1923 1896 1847 1796 1780
2012 2014 2014 2016 2017 2018 2019 2020 2021 2020 2020 2018 2015 2016 2013 2010 2006 2004 1997 1985 1977 1971 1963 1957 1949 1929 1909 1908 1918 1929 1921 1887 1851 1834 1823 1833 1852 1869 1873 1877 1899 1914 1940 1932 1921 1908 1895 1855 1814 1819 1815 1825 1850 1888 1912 1943 1955 1944 1943 1952 1953 1951 1961 1974 1981 1984 1988 1985 1980 1975 1975 1978 1966 1949 1910 1889 1912 1934 1913 1861 1831 1816
2019 2021 2022 2022 2022 2021 2022 2022 2024 2024 2023 2022 2021 2019 2016 2012 2012 2011 2011 2005 1999 1997 1983 1969 1968 1959 1944 1943 1953 1964 1949 1919 1893 1874 1864 1859 1886 1907 1913 1928 1934 1950 1958 1952 1939 1937 1925 1898 1881 1884 1880 1867 1892 1913 1943 1966 1975 1965 1967 1968 1954 1944 1952 1962 1976 1986 1990 1993 1990 1987 1985 1981 1969 1952 1919 1897 1927 1958 1939 1915 1885 1869
2020 2026 2026 2027 2025 2025 2025 2025 2026 2027 2027 2027 2026 2026 2023 2022 2019 2021 2018 2012 2008 2005 1992 1976 1978 1983 1979 1978 1982 1989 1985 1965 1942 1914 1894 1887 1910 1935 1942 1955 1965 1969 1974 1959 1945 1946 1948 1935 1925 1934 1921 1912 1917 1939 1959 1979 1982 1981 1980 1980 1970 1961 1962 1971 1979 1990 1996 1997 1997 1994 1988 1972 1957 1940 1920 1912 1943 1971 1975 1951 1924 1881
2028 2028 2029 2028 2029 2028 2028 2028 2028 2029 2030 2030 2031 2032 2031 2031 2030 2027 2026 2021 2015 2016 2012 1998 2000 2007 2006 1996 2000 2005 2003 1995 1969 1947 1924 1921 1941 1959 1963 1974 1983 1986 1983 1966 1956 1961 1960 1951 1957 1959 1956 1946 1957 1968 1983 1988 1988 1987 1989 1989 1986 1984 1986 1983 1990 1997 2001 2002 2003 2002 1992 1969 1949 1937 1933 1939 1970 1993 1987 1961 1912 1854
2030 2031 2030 2031 2031 2031 2031 2031 2031 2032 2032 2033 2034 2035 2037 2036 2035 2033 2031 2029 2025 2025 2023 2021 2020 2020 2016 2012 2011 2014 2014 2007 1998 1981 1974 1961 1974 1978 1980 1985 1993 1992 1990 1985 1978 1980 1973 1965 1970 1982 1979 1975 1982 1992 1994 1995 1993 1994 1995 1997 1998 1998 1999 1998 2000 2004 2007 2008 2008 2005 1989 1975 1961 1961 1957 1973 1994 2003 1992 1958 1900 1853
2033 2032 2033 2033 2033 2034 2034 2034 2034 2034 2035 2035 2036 2036 2038 2039 2039 2037 2035 2034 2033 2031 2032 2030 2028 2026 2024 2020 2022 2021 2017 2015 2012 2011 2001 1993 1992 1994 1991 1996 1999 1998 1995 1995 1995 1997 1993 1986 1996 1999 1997 1994 1998 2001 2000 2000 1999 1999 2002 2003 2005 2006 2008 2008 2008 2011 2012 2013 2011 2007 2002 1991 1991 1992 1989 1991 2006 2012 2002 1972 1936 1900
2035 2035 2035 2035 2035 2036 2036 2036 2036 2036 2036 2037 2036 2038 2039 2041 2041 2040 2039 2039 2038 2037 2036 2035 2032 2030 2029 2027 2026 2023 2021 2018 2017 2021 2017 2005 2004 2000 1999 2003 2004 2003 2002 2001 2002 2005 2006 2007 2010 2009 2008 2005 2008 2006 2005 2005 2005 2006 2007 2008 2010 2012 2013 2013 2014 2014 2016 2016 2016 2015 2012 2014 2013 2012 2009 2010 2017 2018 2014 2002 1979 1962
2037 2037 2037 2037 2037 2037 2037 2037 2038 2038 2038 2038 2039 2039 2041 2042 2043 2043 2043 2042 2042 2041 2039 2038 2036 2034 2032 2031 2029 2027 2024 2020 2019 2022 2020 2014 2009 2007 2009 2009 2009 2007 2006 2007 2008 2010 2013 2014 2015 2014 2013 2012 2012 2011 2010 2010 2010 2010 2012 2012 2014 2015 2016 2016 2016 2017 2018 2018 2019 2019 2019 2019 2019 2019 2019 2020 2021 2022 2024 2020 2013 2007
2038 2038 2038 2038 2037 2037 2037 2038 2038 2039 2039 2039 2039 2038 2038 2043 2044 2045 2045 2045 2044 2044 2043 2041 2039 2037 2035 2034 2033 2031 2029 2026 2024 2027 2026 2019 2018 2017 2015 2015 2013 2011 2010 2011 2012 2015 2015 2017 2019 2019 2018 2017 2017 2016 2015 2014 2013 2014 2015 2016 2017 2017 2018 2018 2019 2019 2020 2020 2020 2021 2021 2021 2022 2021 2022 2023 2024 2025 2026 2027 2027 2024
2039 2040 2040 2040 2039 2039 2039 2039 2040 2040 2041 2040 2038 2032 2031 2037 2044 2045 2046 2046 2046 2045 2044 2043 2041 2039 2037 2036 2036 2035 2033 2032 2030 2031 2029 2026 2024 2022 2021 2018 2017 2015 2015 2015 2016 2017 2018 2019 2021 2022 2022 2022 2021 2020 2018 2017 2017 2017 2018 2018 2019 2020 2020 2021 2021 -9999 -9999 -9999 -9999 -9999 -9999 -9999 2023 2024 2025 2026 2027 2028 2028 2028 2029 2030
2040 2041 2041 2041 2040 2040 2040 2040 2041 2042 2042 2042 2040 2032 2029 2036 2042 2045 2046 2046 2046 2046 2045 2045 2043 2041 2039 2039 2038 2037 2036 2035 2034 2032 2031 2029 2027 2026 2024 2022 2020 2019 2018 2019 2019 2020 2022 2023 2025 2025 2025 2024 2023 2022 2021 2020 2019 2020 2020 2020 2021 2021 2022 2022 -9999 -9999 -9999 -9999 -9999 -9999 -9999 -9999 -9999 2025 2027 2028 2028 -9999 -9999 -9999 2031 2032
2041 2041 2042 2042 2041 2041 2041 2042 2042 2043 2043 2043 2041 2036 2031 2036 2042 2045 2046 2046 2046 2046 2046 2046 2045 2043 2041 2041 2040 2040 2039 2037 2036 2034 2033 2031 2030 2029 2027 2026 2024 2023 2022 2022 2023 2025 2026 2027 2027 2027 2026 2025 2025 2024 2023 2022 2022 2021 2021 2022 2022 2023 2023 -9999 -9999 -9999 -9999 -9999 -9999 -9999 -9999 -9999 -9999 -9999 2028 2028 -9999 -9999 -9999 -9999 -9999 -9999
2041 2042 2042 2042 2042 2042 2043 2043 2044 2044 2044 2045 2043 2039 2037 2040 2043 2046 2046 2046 2046 2046 2046 2046 2045 2044 2043 2043 2042 2042 2041 2039 2038 2036 2035 2033 2032 2031 2030 2029 2028 2027 2027 2027 2028 2029 2030 2029 2028 2028 -9999 -9999 -9999 -9999 2024 2024 2023 2023 2023 2023 2023 2023 -9999 -9999 -9999 -9999 -9999 -9999 -9999 -9999 -9999 -9999 -9999 -9999 -9999 -9999 -9999 -9999 -9999 -9999 -9999 -9999
