Data/tmin/PRISM_tmin_pr_1963-1995_normal_450mM1_01_asc.asc
ncols 557
nrows 164
xllcorner -67.31875000000
yllcorner 17.86875000000
cellsize 0.00416666667
NODATA_value -9999
[rows 108 to 143 of 164, columns 164 to 245 of 557]
1586 1597 1605 1601 1585 1596 1598 1600 1603 1632 1656 1685 1714 1733 1721 1712 1708 1711 1699 1660 1660 1703 1731 1708 1681 1660 1666 1695 1741 1773 1795 1808 1806 1794 1779 1757 1749 1746 1749 1758 1758 1751 1735 1726 1712 1695 1686 1678 1677 1683 1684 1689 1683 1684 1687 1689 1703 1714 1714 1714 1706 1698 1690 1695 1705 1712 1705 1712 1713 1701 1691 1689 1692 1701 1696 1693 1667 1654 1649 1666 1684 1682
1611 1627 1641 1624 1612 1614 1622 1608 1618 1649 1674 1702 1732 1750 1739 1717 1724 1731 1706 1667 1672 1718 1744 1734 1708 1679 1663 1692 1739 1781 1805 1813 1806 1793 1768 1734 1710 1705 1707 1723 1726 1720 1713 1709 1703 1688 1678 1681 1689 1691 1691 1687 1684 1689 1698 1698 1695 1705 1711 1708 1707 1700 1692 1688 1707 1714 1713 1719 1716 1701 1687 1696 1713 1718 1713 1693 1677 1663 1657 1668 1686 1683
1627 1642 1659 1650 1631 1635 1638 1623 1617 1648 1689 1713 1742 1766 1751 1739 1750 1756 1728 1689 1685 1733 1760 1755 1723 1689 1669 1682 1734 1784 1811 1819 1812 1791 1755 1716 1686 1661 1656 1658 1662 1666 1674 1683 1686 1687 1694 1701 1708 1714 1706 1703 1707 1711 1714 1702 1700 1708 1712 1711 1706 1703 1697 1696 1707 1725 1725 1730 1726 1710 1701 1712 1727 1736 1723 1710 1692 1678 1664 1663 1673 1670
1632 1645 1660 1659 1653 1657 1667 1637 1624 1641 1659 1685 1730 1761 1763 1743 1772 1774 1743 1707 1720 1742 1775 1776 1747 1711 1690 1697 1736 1778 1813 1822 1816 1789 1759 1721 1698 1659 1629 1610 1598 1615 1634 1654 1676 1691 1709 1725 1731 1732 1727 1731 1732 1723 1715 1701 1705 1716 1726 1721 1719 1718 1712 1707 1716 1729 1733 1737 1732 1722 1719 1721 1729 1728 1719 1714 1701 1694 1676 1666 1665 1662
1666 1659 1663 1674 1671 1686 1692 1667 1640 1633 1629 1649 1696 1765 1752 1754 1772 1782 1756 1732 1736 1757 1767 1784 1764 1735 1715 1711 1740 1781 1813 1828 1824 1811 1786 1772 1746 1711 1667 1633 1611 1609 1629 1647 1663 1688 1712 1732 1743 1755 1751 1750 1740 1719 1701 1697 1703 1718 1729 1736 1737 1740 1732 1727 1729 1740 1746 1743 1731 1726 1719 1721 1719 1711 1713 1701 1699 1691 1685 1677 1674 1670
1702 1687 1678 1688 1694 1711 1713 1697 1684 1663 1649 1657 1714 1759 1771 1748 1777 1793 1776 1761 1767 1762 1772 1784 1773 1749 1727 1726 1754 1791 1820 1835 1831 1826 1814 1799 1782 1746 1711 1677 1651 1642 1646 1657 1673 1691 1714 1741 1760 1775 1774 1762 1743 1715 1700 1697 1700 1706 1724 1744 1755 1758 1753 1747 1748 1755 1756 1744 1725 1712 1711 1704 1703 1704 1698 1699 1689 1686 1684 1683 1681 1677
1731 1708 1694 1708 1719 1726 1741 1734 1726 1717 1702 1719 1750 1789 1773 1764 1780 1793 1797 1788 1792 1794 1791 1802 1794 1773 1756 1749 1772 1797 1823 1831 1833 1829 1822 1802 1784 1757 1726 1703 1683 1673 1677 1682 1691 1705 1732 1755 1778 1794 1790 1778 1757 1732 1718 1709 1702 1702 1720 1747 1766 1776 1765 1766 1766 1770 1761 1740 1717 1706 1703 1699 1699 1696 1700 1696 1689 1687 1686 1683 1684 1686
1750 1728 1713 1726 1740 1748 1762 1760 1767 1760 1764 1774 1796 1794 1786 1779 1789 1806 1812 1811 1814 1816 1816 1821 1814 1802 1795 1789 1802 1821 1831 1836 1833 1827 1807 1789 1766 1754 1736 1726 1710 1699 1702 1702 1704 1719 1741 1775 1795 1805 1804 1791 1772 1754 1741 1726 1714 1704 1714 1740 1768 1779 1780 1777 1788 1780 1768 1742 1719 1716 1712 1710 1707 1701 1700 1695 1693 1696 1694 1692 1694 1696
1764 1741 1728 1746 1749 1756 1773 1782 1783 1792 1795 1812 1806 1793 1774 1785 1804 1815 1824 1823 1827 1826 1826 1829 1828 1824 1822 1822 1831 1838 1839 1837 1838 1820 1800 1772 1757 1757 1761 1754 1742 1730 1735 1728 1727 1726 1743 1772 1795 1812 1808 1802 1788 1771 1762 1752 1735 1716 1722 1744 1778 1797 1796 1802 1795 1784 1760 1739 1724 1723 1725 1722 1722 1714 1707 1703 1701 1708 1712 1707 1712 1715
1765 1753 1743 1760 1759 1753 1770 1787 1796 1801 1813 1815 1819 1790 1777 1790 1807 1820 1826 1831 1833 1834 1834 1836 1838 1835 1839 1842 1848 1846 1841 1842 1839 1835 1812 1789 1778 1781 1784 1781 1762 1755 1763 1760 1752 1742 1743 1764 1790 1807 1818 1813 1798 1785 1781 1770 1757 1743 1740 1759 1784 1805 1813 1812 1801 1776 1758 1738 1731 1734 1731 1735 1736 1731 1725 1713 1712 1719 1717 1723 1730 1716
1780 1768 1770 1768 1771 1750 1764 1776 1794 1810 1809 1826 1824 1812 1804 1808 1821 1826 1830 1833 1838 1840 1841 1840 1843 1843 1845 1852 1854 1851 1845 1840 1844 1839 1833 1821 1807 1809 1804 1791 1771 1771 1784 1784 1776 1767 1763 1776 1796 1818 1830 1827 1813 1799 1792 1785 1779 1769 1769 1778 1793 1811 1823 1824 1806 1786 1767 1753 1742 1736 1737 1740 1751 1747 1736 1731 1723 1723 1725 1731 1735 1715
1783 1786 1780 1788 1777 1780 1766 1770 1791 1805 1820 1828 1839 1833 1827 1830 1832 1835 1837 1840 1842 1846 1846 1845 1848 1847 1849 1856 1860 1856 1851 1844 1840 1842 1838 1833 1825 1824 1816 1801 1786 1787 1803 1797 1783 1768 1772 1784 1801 1824 1835 1832 1817 1803 1795 1786 1789 1793 1794 1793 1802 1818 1834 1833 1819 1798 1783 1764 1746 1740 1731 1744 1752 1745 1741 1733 1728 1722 1723 1731 1735 1719
1774 1787 1798 1794 1804 1801 1794 1784 1794 1817 1828 1843 1850 1847 1846 1843 1843 1845 1846 1847 1848 1850 1852 1851 1852 1847 1848 1860 1864 1861 1855 1848 1844 1844 1843 1837 1831 1828 1825 1816 1807 1808 1814 1800 1774 1760 1765 1784 1809 1830 1839 1828 1811 1793 1776 1768 1782 1798 1804 1804 1803 1818 1837 1836 1818 1798 1774 1758 1739 1731 1730 1733 1740 1737 1733 1733 1721 1715 1720 1732 1737 1727
1781 1789 1808 1816 1821 1828 1820 1808 1816 1832 1844 1854 1856 1851 1847 1845 1843 1842 1845 1850 1854 1856 1858 1858 1851 1840 1840 1854 1867 1863 1858 1852 1850 1849 1846 1839 1830 1827 1826 1828 1826 1829 1827 1813 1791 1773 1776 1794 1816 1838 1844 1834 1817 1796 1775 1763 1766 1793 1812 1815 1817 1828 1843 1838 1814 1788 1764 1737 1724 1719 1716 1720 1725 1728 1727 1725 1716 1711 1718 1729 1737 1736
1803 1805 1818 1831 1839 1845 1841 1835 1838 1847 1856 1859 1856 1845 1839 1838 1836 1838 1840 1847 1856 1862 1863 1860 1850 1834 1830 1845 1861 1868 1864 1859 1855 1852 1847 1839 1828 1825 1826 1838 1841 1838 1833 1820 1812 1798 1794 1809 1830 1845 1848 1838 1827 1813 1800 1782 1786 1800 1816 1829 1828 1838 1847 1837 1815 1787 1757 1729 1711 1705 1700 1707 1722 1733 1734 1725 1714 1721 1717 1726 1735 1741
1823 1819 1827 1838 1849 1855 1853 1852 1854 1858 1861 1862 1853 1847 1840 1844 1844 1846 1847 1852 1861 1866 1868 1867 1859 1848 1840 1845 1858 1870 1871 1864 1854 1855 1851 1845 1835 1825 1830 1842 1849 1843 1833 1827 1825 1814 1803 1811 1831 1843 1849 1840 1829 1825 1817 1814 1807 1818 1826 1825 1827 1836 1848 1838 1815 1787 1752 1730 1719 1710 1709 1716 1732 1751 1751 1734 1729 1726 1725 1724 1744 1756
1816 1819 1819 1833 1847 1859 1861 1859 1862 1864 1865 1860 1852 1847 1848 1850 1852 1852 1857 1859 1867 1872 1874 1874 1872 1868 1863 1857 1865 1872 1871 1855 1844 1847 1858 1858 1848 1837 1834 1847 1853 1849 1841 1835 1841 1828 1813 1819 1822 1836 1850 1849 1837 1830 1825 1822 1822 1831 1831 1825 1819 1822 1842 1834 1808 1773 1743 1729 1738 1738 1734 1739 1752 1763 1768 1760 1746 1741 1739 1747 1764 1785
1812 1811 1812 1823 1843 1858 1864 1865 1866 1867 1866 1855 1847 1849 1853 1857 1857 1863 1864 1869 1874 1876 1878 1879 1880 1879 1879 1876 1873 1876 1869 1853 1836 1845 1858 1866 1859 1850 1843 1851 1858 1855 1849 1846 1846 1841 1829 1819 1816 1820 1842 1854 1844 1833 1829 1820 1824 1833 1842 1840 1826 1832 1840 1835 1804 1771 1742 1739 1749 1761 1764 1773 1779 1789 1790 1782 1761 1747 1751 1767 1787 1808
1824 1820 1818 1826 1844 1862 1867 1868 1870 1869 1859 1852 1845 1858 1864 1868 1869 1870 1873 1876 1879 1881 1883 1883 1884 1885 1885 1884 1881 1879 1875 1864 1852 1852 1862 1867 1867 1861 1859 1860 1864 1861 1856 1851 1854 1848 1840 1835 1816 1819 1843 1857 1849 1843 1835 1835 1830 1839 1851 1856 1854 1847 1851 1838 1816 1789 1767 1754 1759 1762 1771 1788 1808 1811 1807 1795 1776 1769 1779 1794 1815 1829
1843 1839 1831 1840 1854 1867 1872 1873 1873 1868 1863 1850 1854 1866 1874 1876 1877 1877 1880 1882 1884 1885 1886 1886 1886 1887 1887 1886 1884 1882 1880 1877 1871 1870 1873 1876 1877 1875 1871 1871 1871 1869 1864 1860 1857 1856 1851 1843 1834 1833 1850 1860 1858 1849 1849 1845 1847 1850 1857 1863 1862 1858 1856 1848 1836 1822 1804 1786 1765 1758 1766 1778 1810 1821 1816 1805 1798 1798 1814 1821 1833 1841
1863 1858 1856 1860 1868 1873 1874 1875 1876 1875 1870 1870 1869 1878 1882 1883 1882 1884 1885 1886 1887 1888 1888 1888 1888 1889 1889 1888 1887 1886 1884 1882 1881 1880 1881 1883 1884 1883 1882 1879 1878 1877 1876 1872 1869 1867 1865 1862 1853 1856 1861 1869 1865 1863 1859 1856 1859 1860 1862 1865 1864 1862 1859 1857 1855 1848 1833 1817 1797 1788 1780 1796 1807 1804 1808 1809 1809 1824 1834 1842 1846 1847
1871 1872 1872 1873 1875 1875 1876 1877 1878 1879 1879 1879 1881 1884 1886 1887 1887 1887 1888 1889 1890 1890 1890 1889 1890 1890 1890 1889 1888 1888 1887 1885 1884 1884 1884 1883 1885 1886 1885 1885 1883 1886 1885 1882 1879 1876 1873 1872 1869 1868 1868 1868 1868 1865 1857 1860 1865 1865 1867 1865 1867 1866 1862 1861 1862 1860 1852 1842 1830 1824 1828 1823 1812 1792 1787 1801 1812 1829 1846 1855 1859 1854
1876 1877 1878 1878 1878 1878 1878 1879 1880 1881 1882 1883 1885 1887 1889 1890 1890 1891 1891 1891 1891 1891 1891 1891 1891 1891 1891 1890 1890 1889 1889 1888 1887 1886 1886 1886 1885 1884 1889 1883 1885 1887 1888 1887 1883 1881 1878 1877 1875 1873 1870 1870 1870 1864 1858 1858 1866 1869 1867 1868 1868 1868 1867 1864 1865 1867 1863 1858 1852 1850 1851 1848 1833 1799 1799 1806 1806 1813 1837 1856 1866 1865
1878 1879 1880 1880 1879 1880 1881 1881 1883 1883 1884 1885 1887 1888 1890 1891 1892 1892 1892 1891 1892 1892 1892 1892 1892 1892 1891 1891 1890 1890 1890 1889 1889 1889 1888 1888 1887 1890 1889 1888 1884 1886 1887 1886 1887 1885 1883 1881 1880 1877 1875 1874 1874 1872 1865 1867 1872 1872 1872 1869 1869 1869 1868 1869 1869 1872 1871 1867 1864 1863 1863 1863 1855 1842 1838 1833 1813 1808 1818 1844 1865 1872
1881 1882 1883 1883 1882 1882 1883 1883 1884 1885 1886 1888 1889 1890 1891 1892 1893 1893 1893 1892 1893 1893 1893 1893 1892 1892 1892 1892 1891 1891 1891 1891 1890 1890 1890 1889 1889 1888 1891 1887 1887 1886 1885 1887 1886 1889 1887 1885 1883 1882 1881 1880 1879 1875 1871 1874 1875 1876 1875 1873 1872 1872 1872 1872 1872 1873 1874 1871 1868 1868 1867 1868 1866 1866 1866 1864 1849 1835 1838 1851 1863 1871
1883 1884 1885 1885 1885 1885 1885 1886 1886 1887 1888 1889 1890 1891 1892 1892 1893 1894 1894 1893 1894 1894 1893 1893 1893 1893 1893 1893 1892 1892 1892 1891 1891 1891 1891 1890 1890 1890 1890 1889 1889 1888 1887 1885 1887 1888 1888 1888 1886 1886 1884 1882 1879 1876 1876 1878 1880 1878 1877 1877 1876 1875 1875 1875 1874 1875 1875 1874 1872 1870 1870 1868 1870 1869 1869 1870 1870 1871 1870 1866 1871 1873
1886 1886 1887 1887 1887 1887 1887 1887 1887 1888 1889 1890 1891 1892 1892 1893 1893 1894 1894 1894 1894 1894 1894 1894 1894 1893 1893 1893 1893 1893 1893 1893 1893 1892 1892 1891 1891 1890 1891 1891 1890 1890 1889 1887 1885 1885 1886 1886 1887 1885 1882 1879 1880 1878 1881 1883 1881 1880 1880 1879 1877 1876 1876 1876 1877 1878 1878 1878 1876 1875 1874 1873 1871 1873 1870 1873 1876 1883 1886 1886 1883 1882
1888 1888 1888 1888 1889 1889 1889 1889 1889 1889 1890 1891 1892 1893 1893 1893 1894 1894 1894 1894 1895 1894 1894 1894 1894 1894 1894 1894 1894 1894 1894 1894 1894 1893 1893 1892 1892 1891 1891 1891 1891 1891 1890 1889 1887 1885 1883 1884 1883 1882 1879 1880 1880 1881 1884 1884 1883 1881 1880 1879 1878 1877 1877 1878 1878 1879 1880 1881 1880 1880 1879 1878 1880 1883 1883 1887 1890 1893 1895 1893 1892 1890
1890 1890 1890 1890 1890 1890 1890 1890 1890 1890 1891 1892 1892 1893 1893 1893 1894 1894 1894 1894 1894 1895 1894 1895 1895 1895 1895 1895 1895 1895 1895 1895 1894 1894 1894 1893 1892 1892 1892 1892 1892 1891 1891 1890 1889 1888 1886 1884 1882 1881 1880 1879 1881 1880 1883 1884 1882 1881 1879 1879 1878 1879 1880 1880 1880 1881 1883 1883 1884 1884 1884 1884 1886 1890 1894 1897 1897 1899 1898 1896 1895 1894
1891 1891 1891 1891 1891 1891 1891 1891 1891 1891 1892 1892 1893 1893 1893 1893 1894 1894 1894 1894 1895 1895 1895 1895 1895 1896 1896 1896 1895 1895 1895 1895 1894 -9999 -9999 -9999 -9999 1892 1892 -9999 -9999 -9999 -9999 1890 1890 1890 1888 1886 1884 1883 1881 1880 1880 1879 1881 1881 1881 1880 1880 1880 1880 1881 1882 1882 1882 1883 1885 1886 1887 1887 1887 1887 1887 1892 1896 1898 1899 1899 1899 1897 1896 1895
1892 1891 1891 1891 1891 1891 1891 1892 1892 1892 1892 1892 1893 1893 1893 1893 1894 1894 1894 1895 1895 1896 1896 1896 1896 1896 1896 1896 1896 1895 -9999 -9999 -9999 -9999 -9999 -9999 -9999 -9999 -9999 -9999 -9999 -9999 -9999 -9999 1890 1893 1892 1890 1889 1887 1886 1884 1883 1882 1882 1882 1882 1882 1883 1883 1883 1885 1885 1886 1886 1887 1888 1889 1889 1890 1889 1890 1890 1892 1896 1897 1897 1898 1898 1897 1897 1896
-9999 1892 1893 1892 1892 1892 1892 1892 1893 1893 1893 1893 1893 1893 1893 1894 1894 1894 1895 1895 1895 1895 1896 1896 1896 1896 1896 -9999 -9999 -9999 -9999 -9999 -9999 -9999 -9999 -9999 -9999 -9999 -9999 -9999 -9999 -9999 -9999 -9999 -9999 1898 1899 1898 1897 1895 1893 1891 1890 1889 1889 1888 1887 1887 1888 1888 1889 1890 1891 1892 1892 1893 1894 1894 1894 1894 1894 1894 1894 1893 1895 1894 1894 1894 1895 1896 1895 1895
-9999 -9999 1893 1894 1893 1894 1894 1894 1894 1893 1893 1893 1893 1893 1893 1893 1894 1894 1895 1895 1896 1896 1896 1896 1896 -9999 -9999 -9999 -9999 -9999 -9999 -9999 -9999 -9999 -9999 -9999 -9999 -9999 -9999 -9999 -9999 -9999 -9999 -9999 -9999 -9999 1901 1901 1900 1898 1897 1895 1893 1893 1892 1892 1890 1890 1890 1891 1892 1893 1894 1895 1895 1896 1896 1896 1896 1895 1895 1895 1895 -9999 -9999 1893 1893 1892 1894 1895 1896 1895
-9999 -9999 -9999 1894 1894 1893 1894 1894 1894 1893 1892 1892 1892 1892 1892 1892 1893 1893 1894 1894 -9999 -9999 -9999 -9999 -9999 -9999 -9999 -9999 -9999 -9999 -9999 -9999 -9999 -9999 -9999 -9999 -9999 -9999 -9999 -9999 -9999 -9999 -9999 -9999 -9999 -9999 1901 1901 1901 1900 1898 1897 1896 1895 1894 1893 1892 1892 1892 1892 1894 1895 1895 1896 1896 1896 1896 1896 1896 1895 -9999 -9999 -9999 -9999 -9999 -9999 1893 1892 1892 1894 1895 1895
-9999 -9999 -9999 -9999 1893 1892 1891 1892 -9999 -9999 -9999 1892 -9999 1892 1892 1892 1893 1893 -9999 -9999 -9999 -9999 -9999 -9999 -9999 -9999 -9999 -9999 -9999 -9999 -9999 -9999 -9999 -9999 -9999 -9999 -9999 -9999 -9999 -9999 -9999 -9999 -9999 -9999 -9999 -9999 -9999 1901 1901 1900 1900 1899 1899 1898 1897 1896 1894 1894 1894 1894 1896 1896 1897 1897 1897 1896 1896 1896 -9999 -9999 -9999 -9999 -9999 -9999 -9999 -9999 -9999 1892 1892 1893 1895 1896
-9999 -9999 -9999 -9999 -9999 -9999 -9999 -9999 -9999 -9999 -9999 -9999 -9999 -9999 1892 -9999 -9999 -9999 -9999 -9999 -9999 -9999 -9999 -9999 -9999 -9999 -9999 -9999 -9999 -9999 -9999 -9999 -9999 -9999 -9999 -9999 -9999 -9999 -9999 -9999 -9999 -9999 -9999 -9999 -9999 -9999 -9999 -9999 1901 1901 1900 1900 1900 1899 1899 1898 1897 1896 1896 1896 1897 1898 1897 1897 1897 -9999 -9999 -9999 -9999 -9999 -9999 -9999 -9999 -9999 -9999 -9999 -9999 -9999 -9999 1894 1895 1896
