Data/tmin/PRISM_tmin_pr_1963-1995_normal_450mM1_02_asc.asc
ncols 557
nrows 164
xllcorner -67.31875000000
yllcorner 17.86875000000
cellsize 0.00416666667
NODATA_value -9999
[rows 36 to 71 of 164, columns 82 to 163 of 557]
1814 1812 1807 1800 1788 1785 1792 1789 1783 1777 1774 1772 1760 1749 1732 1726 1720 1715 1707 1703 1694 1681 1679 1675 1679 1673 1668 1664 1661 1662 1671 1676 1685 1683 1674 1670 1675 1693 1703 1686 1676 1671 1665 1656 1650 1644 1639 1635 1639 1643 1648 1649 1651 1644 1642 1639 1638 1649 1657 1671 1657 1658 1659 1664 1667 1674 1685 1710 1738 1752 1733 1697 1679 1679 1684 1684 1684 1684 1690 1696 1701 1704
1804 1801 1797 1789 1779 1775 1770 1764 1755 1747 1744 1747 1748 1733 1717 1711 1705 1700 1696 1687 1677 1670 1663 1660 1656 1651 1650 1658 1652 1656 1660 1662 1663 1662 1652 1651 1656 1674 1689 1677 1659 1652 1641 1634 1633 1631 1627 1626 1629 1632 1636 1640 1639 1637 1635 1631 1633 1636 1656 1663 1655 1647 1650 1654 1659 1661 1667 1687 1717 1744 1742 1714 1677 1674 1674 1674 1673 1676 1682 1688 1690 1693
1790 1790 1779 1773 1767 1757 1750 1741 1732 1722 1717 1725 1730 1720 1699 1687 1685 1682 1675 1671 1662 1654 1652 1646 1640 1641 1644 1654 1656 1650 1647 1646 1643 1639 1638 1634 1641 1655 1679 1675 1658 1636 1625 1617 1620 1620 1619 1615 1615 1615 1620 1622 1626 1626 1628 1623 1625 1632 1647 1664 1650 1639 1641 1644 1646 1648 1653 1664 1690 1720 1746 1723 1689 1666 1668 1668 1666 1672 1678 1679 1682 1683
1777 1775 1768 1761 1753 1745 1732 1728 1718 1706 1702 1711 1718 1709 1688 1673 1664 1662 1661 1653 1647 1642 1643 1636 1640 1639 1641 1649 1649 1641 1638 1630 1621 1614 1614 1615 1620 1632 1658 1670 1645 1617 1602 1598 1597 1599 1600 1598 1597 1597 1603 1609 1609 1614 1614 1617 1619 1626 1651 1657 1643 1635 1637 1638 1635 1639 1640 1646 1658 1687 1727 1734 1692 1665 1659 1659 1660 1665 1670 1672 1673 1677
1751 1754 1749 1747 1744 1732 1723 1714 1702 1691 1692 1699 1708 1704 1691 1675 1663 1656 1650 1646 1640 1637 1633 1634 1635 1639 1636 1635 1635 1631 1627 1621 1607 1600 1599 1604 1606 1616 1643 1653 1631 1603 1590 1585 1581 1582 1584 1588 1588 1594 1599 1603 1606 1607 1612 1615 1619 1635 1652 1658 1634 1627 1634 1629 1627 1626 1629 1634 1638 1664 1716 1732 1700 1662 1654 1655 1656 1658 1660 1660 1662 1665
1729 1732 1732 1731 1732 1727 1718 1711 1696 1688 1688 1697 1698 1698 1694 1687 1675 1666 1655 1646 1642 1635 1631 1623 1630 1633 1629 1623 1623 1620 1618 1616 1606 1596 1598 1594 1601 1607 1628 1634 1612 1590 1583 1580 1578 1578 1583 1585 1593 1593 1595 1598 1603 1603 1609 1611 1616 1630 1651 1647 1625 1616 1617 1616 1610 1614 1617 1623 1628 1675 1713 1728 1687 1655 1646 1650 1649 1653 1652 1651 1651 1659
1713 1718 1716 1716 1719 1717 1714 1709 1700 1691 1692 1692 1691 1690 1689 1686 1683 1677 1668 1663 1659 1654 1644 1635 1626 1628 1623 1616 1611 1611 1608 1605 1598 1593 1588 1595 1601 1609 1624 1617 1595 1579 1574 1576 1580 1581 1584 1589 1593 1596 1591 1598 1601 1605 1603 1607 1611 1621 1639 1641 1624 1609 1610 1609 1607 1608 1611 1612 1641 1688 1730 1703 1666 1636 1639 1643 1645 1647 1647 1643 1643 1647
1694 1704 1706 1709 1708 1707 1704 1702 1693 1687 1681 1684 1683 1682 1680 1679 1678 1677 1675 1671 1672 1667 1661 1645 1632 1624 1620 1610 1607 1603 1600 1595 1592 1586 1585 1592 1604 1611 1619 1606 1582 1566 1566 1571 1576 1579 1578 1581 1587 1588 1593 1593 1605 1597 1594 1598 1605 1612 1621 1627 1616 1604 1603 1604 1607 1606 1605 1610 1640 1707 1717 1695 1642 1631 1636 1643 1645 1647 1644 1639 1635 1639
1686 1696 1701 1699 1700 1696 1695 1692 1683 1673 1671 1672 1674 1674 1674 1673 1674 1672 1671 1671 1669 1667 1664 1654 1637 1625 1621 1610 1603 1601 1595 1592 1589 1586 1585 1591 1600 1609 1608 1594 1569 1558 1559 1567 1573 1570 1568 1571 1573 1585 1583 1591 1587 1579 1576 1582 1591 1598 1603 1617 1603 1598 1600 1606 1603 1602 1600 1605 1634 1692 1720 1693 1665 1650 1641 1641 1643 1641 1634 1632 1629 1633
1687 1700 1699 1697 1695 1695 1691 1681 1675 1667 1662 1666 1668 1668 1669 1670 1668 1667 1664 1663 1660 1657 1657 1654 1640 1628 1617 1610 1603 1598 1595 1590 1588 1586 1585 1588 1598 1602 1596 1578 1564 1548 1552 1557 1560 1559 1560 1562 1571 1572 1578 1572 1569 1566 1565 1571 1579 1585 1601 1610 1603 1594 1593 1596 1596 1590 1592 1595 1617 1661 1703 1713 1696 1682 1656 1641 1639 1633 1628 1629 1630 1635
1696 1700 1702 1699 1698 1699 1694 1688 1679 1674 1664 1660 1660 1660 1663 1665 1664 1660 1658 1655 1651 1646 1647 1647 1641 1627 1617 1610 1605 1601 1594 1589 1586 1584 1582 1585 1592 1593 1583 1571 1556 1548 1543 1544 1545 1548 1554 1562 1559 1565 1564 1560 1562 1562 1572 1573 1577 1584 1596 1619 1603 1592 1588 1586 1585 1585 1586 1590 1593 1632 1668 1701 1707 1699 1665 1642 1638 1633 1625 1629 1632 1637
1693 1699 1703 1703 1702 1706 1705 1697 1696 1686 1671 1659 1655 1655 1658 1659 1657 1654 1651 1648 1644 1641 1639 1641 1637 1629 1617 1611 1609 1602 1595 1588 1584 1583 1582 1583 1587 1591 1580 1569 1561 1545 1539 1535 1534 1542 1554 1553 1554 1557 1558 1561 1560 1563 1572 1579 1579 1592 1605 1611 1606 1592 1580 1580 1583 1582 1584 1579 1583 1592 1635 1667 1694 1700 1676 1652 1634 1622 1619 1618 1622 1629
1682 1689 1689 1696 1699 1707 1714 1712 1707 1697 1679 1666 1658 1655 1655 1656 1654 1650 1647 1645 1642 1639 1639 1637 1635 1627 1618 1610 1605 1603 1595 1587 1584 1581 1580 1583 1586 1585 1578 1571 1561 1551 1538 1532 1534 1542 1550 1551 1545 1554 1564 1560 1558 1563 1567 1577 1591 1591 1600 1600 1588 1578 1568 1567 1570 1574 1570 1569 1571 1586 1608 1642 1682 1707 1699 1671 1635 1618 1608 1607 1606 1609
1667 1673 1680 1685 1698 1713 1719 1727 1720 1710 1693 1677 1666 1656 1653 1652 1653 1649 1645 1643 1640 1638 1637 1636 1633 1628 1618 1607 1602 1598 1597 1589 1586 1584 1583 1584 1585 1580 1572 1567 1565 1554 1539 1532 1533 1539 1548 1544 1542 1551 1551 1557 1561 1564 1579 1580 1577 1578 1573 1565 1563 1561 1557 1559 1561 1562 1566 1563 1570 1583 1592 1622 1655 1702 1707 1675 1634 1608 1602 1597 1591 1596
1637 1652 1660 1676 1691 1703 1719 1725 1728 1712 1696 1682 1666 1656 1651 1650 1650 1648 1644 1641 1639 1637 1635 1633 1630 1626 1618 1608 1597 1599 1596 1592 1589 1587 1585 1583 1581 1575 1568 1566 1566 1559 1546 1537 1533 1540 1545 1546 1542 1543 1547 1553 1570 1575 1575 1576 1566 1558 1551 1547 1550 1553 1558 1558 1555 1559 1560 1565 1572 1580 1591 1599 1634 1683 1702 1672 1622 1606 1597 1591 1591 1589
1613 1627 1639 1654 1671 1687 1703 1721 1722 1711 1692 1673 1664 1651 1648 1647 1647 1645 1642 1642 1639 1637 1632 1630 1628 1625 1619 1610 1605 1600 1599 1594 1592 1590 1586 1581 1578 1574 1569 1565 1566 1563 1555 1546 1543 1541 1544 1545 1542 1541 1543 1559 1564 1564 1562 1558 1560 1557 1554 1546 1551 1557 1561 1563 1557 1550 1557 1564 1571 1580 1587 1594 1621 1675 1689 1666 1632 1603 1600 1593 1591 1592
1600 1609 1617 1631 1648 1668 1688 1709 1720 1710 1694 1679 1662 1653 1646 1647 1647 1647 1647 1645 1645 1641 1637 1634 1631 1627 1622 1616 1609 1606 1603 1594 1590 1589 1585 1582 1577 1575 1572 1566 1562 1562 1555 1548 1542 1542 1543 1543 1544 1549 1552 1552 1554 1542 1540 1540 1545 1552 1550 1549 1552 1556 1561 1559 1557 1555 1558 1565 1573 1578 1582 1588 1617 1669 1682 1666 1645 1617 1598 1593 1588 1585
1595 1598 1604 1619 1637 1659 1685 1708 1718 1723 1706 1690 1674 1656 1649 1649 1651 1655 1656 1655 1652 1651 1648 1648 1644 1638 1629 1623 1619 1616 1612 1605 1596 1591 1588 1583 1579 1576 1571 1565 1561 1557 1552 1544 1541 1541 1543 1545 1552 1559 1554 1549 1541 1539 1534 1533 1536 1540 1543 1543 1549 1553 1555 1557 1555 1562 1559 1568 1573 1574 1572 1582 1618 1660 1649 1647 1648 1631 1609 1596 1591 1586
1595 1596 1601 1613 1634 1657 1682 1701 1718 1719 1716 1702 1687 1670 1658 1654 1658 1662 1668 1669 1665 1664 1663 1665 1663 1652 1643 1635 1630 1627 1624 1619 1609 1603 1595 1588 1580 1575 1572 1564 1560 1557 1550 1545 1543 1541 1544 1548 1553 1561 1552 1538 1538 1539 1536 1536 1534 1537 1536 1541 1547 1556 1560 1556 1557 1560 1566 1570 1572 1573 1572 1577 1617 1649 1632 1616 1653 1649 1636 1626 1619 1620
1595 1600 1602 1609 1629 1650 1672 1690 1704 1717 1713 1710 1698 1687 1673 1668 1661 1668 1674 1676 1680 1678 1678 1680 1676 1668 1658 1653 1649 1643 1641 1633 1625 1611 1603 1592 1583 1579 1574 1569 1561 1556 1551 1548 1546 1545 1546 1548 1554 1553 1548 1539 1541 1544 1539 1538 1539 1535 1538 1540 1548 1552 1556 1552 1550 1554 1559 1567 1573 1571 1570 1578 1610 1645 1622 1611 1636 1654 1644 1627 1627 1626
1602 1610 1608 1614 1620 1640 1655 1670 1688 1701 1704 1699 1699 1692 1687 1677 1677 1673 1679 1684 1685 1690 1690 1691 1687 1678 1673 1669 1666 1660 1654 1647 1634 1620 1606 1597 1587 1584 1580 1572 1564 1557 1553 1550 1549 1546 1551 1550 1550 1551 1543 1543 1538 1541 1538 1536 1537 1536 1540 1544 1546 1542 1541 1540 1537 1542 1544 1557 1563 1575 1585 1589 1609 1639 1629 1604 1636 1647 1636 1610 1584 1587
1614 1620 1622 1619 1627 1631 1645 1656 1670 1686 1687 1683 1678 1682 1679 1682 1680 1686 1688 1688 1688 1688 1692 1694 1693 1687 1685 1680 1675 1668 1659 1653 1642 1627 1612 1599 1589 1588 1583 1576 1568 1565 1556 1556 1552 1547 1549 1550 1546 1542 1543 1540 1536 1536 1533 1532 1530 1532 1539 1545 1540 1536 1530 1531 1535 1534 1545 1560 1577 1593 1609 1612 1620 1631 1621 1606 1620 1642 1647 1613 1583 1571
1623 1624 1625 1630 1628 1634 1637 1646 1657 1666 1668 1658 1656 1657 1665 1674 1686 1689 1695 1695 1691 1687 1689 1693 1693 1696 1693 1690 1684 1677 1668 1660 1654 1639 1622 1604 1596 1592 1591 1581 1580 1575 1571 1569 1565 1557 1556 1549 1544 1541 1541 1542 1533 1533 1532 1530 1527 1531 1538 1537 1533 1526 1521 1527 1532 1536 1552 1579 1589 1596 1604 1594 1602 1620 1608 1601 1614 1629 1630 1628 1597 1588
1624 1623 1626 1633 1635 1633 1639 1642 1643 1650 1649 1648 1645 1651 1661 1675 1685 1692 1697 1700 1697 1693 1694 1691 1693 1694 1698 1696 1694 1689 1680 1673 1664 1651 1629 1610 1597 1597 1594 1593 1593 1595 1585 1591 1583 1569 1562 1551 1543 1546 1551 1549 1538 1530 1531 1528 1529 1533 1535 1531 1521 1517 1515 1519 1527 1535 1549 1557 1564 1564 1552 1548 1559 1582 1591 1586 1604 1608 1623 1625 1622 1603
1620 1620 1626 1633 1637 1639 1639 1641 1641 1641 1649 1647 1653 1658 1667 1676 1686 1691 1697 1700 1701 1699 1697 1695 1691 1693 1697 1698 1698 1692 1691 1683 1676 1660 1636 1614 1602 1598 1598 1599 1604 1604 1600 1600 1595 1576 1566 1552 1549 1558 1567 1565 1548 1539 1533 1532 1530 1534 1533 1528 1525 1519 1511 1515 1519 1522 1518 1523 1518 1527 1532 1519 1541 1562 1569 1580 1590 1597 1600 1610 1609 1599
1618 1619 1626 1634 1639 1642 1643 1644 1644 1654 1658 1665 1662 1664 1672 1680 1690 1696 1702 1701 1702 1701 1701 1696 1693 1693 1693 1697 1692 1694 1690 1689 1678 1661 1638 1616 1609 1603 1599 1594 1595 1593 1588 1590 1582 1571 1561 1555 1555 1567 1584 1580 1566 1549 1540 1532 1527 1527 1528 1533 1526 1521 1518 1507 1506 1501 1501 1485 1495 1507 1517 1525 1533 1549 1561 1562 1574 1583 1584 1591 1587 1581
1618 1620 1630 1634 1640 1643 1644 1645 1654 1666 1686 1687 1687 1680 1681 1693 1702 1709 1706 1708 1705 1705 1702 1700 1698 1694 1695 1696 1697 1693 1695 1688 1676 1659 1639 1627 1620 1615 1606 1598 1590 1584 1577 1574 1568 1561 1557 1552 1550 1562 1576 1583 1578 1562 1545 1535 1527 1519 1526 1525 1527 1522 1519 1518 1502 1503 1487 1486 1479 1495 1509 1520 1539 1548 1549 1550 1555 1570 1585 1582 1577 1564
1617 1620 1629 1635 1637 1642 1643 1646 1656 1679 1695 1708 1705 1699 1696 1701 1714 1711 1705 1708 1710 1703 1705 1705 1704 1701 1698 1699 1697 1695 1695 1689 1677 1663 1650 1638 1632 1624 1614 1603 1593 1583 1576 1568 1561 1561 1555 1550 1544 1550 1569 1581 1584 1573 1556 1543 1534 1528 1521 1522 1516 1515 1522 1508 1506 1499 1491 1481 1487 1497 1507 1522 1539 1546 1545 1533 1554 1565 1583 1582 1572 1565
1606 1616 1628 1633 1635 1637 1637 1636 1648 1665 1688 1703 1712 1713 1710 1713 1716 1711 1696 1697 1700 1698 1700 1711 1707 1704 1701 1698 1694 1690 1691 1689 1677 1666 1655 1645 1637 1630 1619 1607 1595 1585 1580 1570 1569 1568 1568 1556 1546 1547 1564 1583 1589 1582 1564 1554 1541 1530 1522 1509 1509 1506 1505 1507 1500 1494 1481 1482 1494 1510 1517 1525 1541 1546 1542 1544 1553 1565 1565 1569 1565 1550
1595 1603 1624 1630 1633 1631 1627 1627 1633 1653 1675 1696 1712 1722 1722 1720 1721 1715 1696 1689 1686 1684 1699 1707 1707 1703 1700 1700 1693 1687 1690 1682 1676 1665 1654 1644 1638 1629 1620 1608 1595 1588 1585 1579 1574 1580 1577 1563 1546 1544 1559 1571 1581 1576 1565 1550 1541 1530 1520 1502 1491 1491 1494 1496 1497 1487 1470 1474 1488 1510 1518 1529 1538 1548 1551 1546 1558 1541 1542 1543 1538 1530
1590 1599 1614 1631 1633 1629 1621 1616 1629 1651 1675 1699 1714 1722 1724 1721 1723 1725 1708 1691 1680 1672 1685 1702 1701 1699 1702 1698 1693 1684 1684 1678 1673 1667 1657 1645 1637 1627 1616 1604 1593 1584 1586 1578 1572 1568 1563 1551 1537 1540 1548 1562 1569 1564 1554 1541 1527 1523 1514 1491 1480 1481 1491 1497 1498 1490 1479 1477 1484 1499 1514 1522 1532 1540 1546 1549 1539 1528 1535 1539 1546 1535
1610 1606 1623 1644 1658 1645 1626 1620 1628 1653 1683 1707 1720 1717 1715 1715 1720 1727 1718 1707 1692 1683 1680 1688 1687 1697 1694 1693 1681 1675 1676 1673 1667 1666 1656 1646 1637 1624 1608 1596 1583 1576 1573 1563 1549 1540 1533 1522 1521 1526 1538 1545 1552 1557 1541 1526 1518 1512 1503 1483 1477 1489 1495 1499 1497 1495 1492 1485 1480 1487 1504 1519 1529 1536 1551 1542 1530 1520 1523 1533 1539 1544
1622 1620 1637 1668 1683 1671 1653 1633 1629 1647 1672 1698 1705 1703 1691 1695 1710 1711 1705 1703 1713 1706 1702 1690 1685 1688 1694 1684 1674 1658 1665 1662 1661 1657 1651 1639 1629 1611 1597 1581 1566 1556 1552 1540 1529 1513 1506 1500 1501 1513 1521 1526 1540 1535 1527 1515 1507 1499 1488 1471 1479 1490 1494 1492 1490 1491 1484 1482 1479 1483 1492 1514 1529 1541 1547 1542 1515 1500 1510 1516 1532 1542
1629 1631 1655 1684 1697 1690 1673 1651 1634 1638 1646 1662 1671 1665 1659 1673 1690 1687 1672 1677 1696 1718 1722 1708 1696 1692 1686 1685 1666 1653 1648 1652 1650 1649 1640 1626 1610 1594 1578 1564 1547 1531 1527 1517 1506 1493 1482 1476 1483 1497 1506 1517 1514 1516 1507 1496 1492 1480 1469 1469 1479 1489 1485 1477 1472 1463 1461 1460 1474 1474 1484 1496 1513 1526 1536 1519 1496 1484 1489 1508 1525 1537
1629 1642 1667 1687 1702 1698 1689 1668 1652 1644 1639 1634 1645 1646 1642 1654 1669 1666 1656 1659 1678 1695 1719 1714 1701 1690 1679 1672 1662 1635 1632 1631 1633 1633 1629 1612 1594 1574 1559 1545 1525 1507 1500 1492 1483 1472 1462 1461 1469 1485 1505 1507 1509 1505 1503 1497 1485 1467 1462 1466 1482 1484 1475 1466 1452 1449 1435 1448 1459 1467 1467 1480 1490 1502 1509 1500 1476 1464 1475 1490 1513 1527
1630 1643 1663 1678 1687 1697 1697 1679 1675 1668 1648 1637 1634 1648 1646 1653 1663 1664 1671 1680 1680 1689 1696 1702 1699 1686 1671 1666 1649 1635 1617 1612 1609 1614 1610 1598 1578 1557 1541 1525 1504 1485 1478 1467 1456 1447 1446 1445 1460 1480 1495 1506 1504 1509 1513 1502 1486 1465 1459 1462 1473 1474 1468 1459 1451 1438 1439 1437 1446 1447 1454 1459 1469 1480 1488 1476 1460 1452 1457 1475 1495 1522
