Data/tmin/PRISM_tmin_pr_1963-1995_normal_450mM1_11_asc.asc
ncols 557
nrows 164
xllcorner -67.31875000000
yllcorner 17.86875000000
cellsize 0.00416666667
NODATA_value -9999
[rows 108 to 143 of 164, columns 82 to 163 of 557]
1828 1829 1834 1835 1846 1865 1886 1904 1907 1896 1897 1903 1889 1870 1863 1860 1857 1865 1866 1865 1859 1855 1835 1833 1842 1860 1855 1848 1839 1826 1813 1805 1820 1824 1815 1788 1761 1736 1732 1727 1697 1699 1742 1782 1797 1767 1737 1708 1682 1652 1637 1656 1648 1619 1614 1608 1624 1659 1668 1642 1623 1611 1610 1652 1709 1753 1767 1771 1773 1768 1743 1716 1722 1752 1760 1762 1762 1748 1753 1781 1799 1767
1836 1833 1829 1825 1830 1845 1865 1875 1883 1873 1881 1887 1879 1869 1856 1850 1852 1851 1855 1851 1855 1846 1836 1828 1839 1848 1859 1853 1846 1840 1815 1811 1820 1813 1808 1797 1789 1793 1794 1779 1754 1744 1782 1815 1798 1755 1718 1708 1676 1643 1631 1656 1684 1688 1683 1678 1675 1713 1727 1698 1681 1671 1658 1675 1709 1745 1786 1807 1811 1792 1770 1743 1747 1777 1780 1781 1781 1762 1758 1784 1814 1794
1851 1845 1840 1831 1835 1842 1856 1862 1861 1856 1861 1869 1870 1861 1849 1843 1842 1839 1840 1840 1843 1837 1825 1816 1813 1827 1842 1845 1832 1820 1803 1801 1813 1811 1803 1795 1799 1814 1829 1835 1806 1797 1819 1838 1824 1781 1773 1758 1728 1672 1652 1667 1695 1715 1731 1724 1715 1738 1763 1758 1742 1728 1707 1718 1740 1753 1787 1832 1838 1817 1790 1760 1774 1793 1799 1794 1803 1792 1768 1784 1823 1806
1859 1857 1853 1851 1849 1854 1860 1860 1851 1841 1843 1851 1859 1851 1840 1828 1827 1823 1832 1838 1837 1833 1818 1819 1818 1834 1857 1858 1842 1820 1802 1806 1817 1817 1811 1802 1798 1825 1851 1856 1852 1833 1848 1863 1849 1829 1819 1810 1770 1739 1726 1713 1722 1739 1736 1747 1744 1763 1787 1807 1798 1765 1739 1752 1776 1786 1803 1844 1861 1843 1815 1798 1800 1827 1824 1811 1834 1834 1808 1799 1828 1828
1865 1865 1865 1866 1866 1864 1866 1861 1853 1837 1838 1841 1846 1845 1831 1824 1820 1818 1833 1842 1842 1834 1828 1829 1839 1857 1877 1879 1867 1846 1828 1827 1838 1833 1827 1809 1802 1823 1852 1871 1871 1864 1875 1893 1880 1863 1861 1848 1818 1800 1794 1787 1773 1751 1740 1736 1759 1783 1818 1832 1834 1795 1775 1792 1825 1834 1843 1874 1880 1862 1845 1834 1848 1860 1856 1838 1855 1874 1844 1818 1839 1855
1871 1871 1873 1874 1874 1871 1872 1868 1862 1852 1848 1839 1834 1829 1830 1822 1818 1825 1826 1838 1845 1846 1841 1850 1857 1873 1882 1890 1884 1872 1856 1854 1847 1838 1813 1801 1803 1813 1836 1853 1870 1882 1899 1911 1904 1892 1892 1881 1860 1841 1843 1832 1817 1785 1744 1731 1773 1817 1846 1874 1861 1844 1834 1847 1868 1885 1891 1907 1898 1874 1867 1869 1882 1891 1890 1873 1876 1896 1884 1851 1857 1890
1875 1876 1877 1877 1879 1880 1877 1878 1873 1867 1851 1836 1824 1821 1821 1820 1831 1828 1831 1831 1846 1858 1862 1860 1862 1870 1871 1874 1902 1906 1890 1881 1860 1820 1801 1804 1822 1824 1819 1830 1857 1880 1909 1926 1919 1914 1915 1912 1897 1885 1877 1872 1856 1831 1797 1795 1813 1862 1888 1902 1903 1886 1893 1894 1902 1913 1924 1928 1904 1891 1887 1893 1909 1921 1925 1910 1903 1917 1911 1888 1881 1909
1880 1877 1876 1879 1880 1882 1882 1879 1877 1871 1860 1840 1830 1827 1825 1829 1841 1850 1844 1853 1858 1881 1880 1874 1862 1859 1846 1861 1896 1922 1910 1897 1876 1843 1819 1843 1857 1835 1821 1823 1850 1884 1911 1929 1936 1930 1932 1927 1924 1917 1909 1900 1896 1886 1878 1869 1890 1904 1922 1934 1930 1926 1926 1929 1931 1940 1944 1939 1921 1907 1914 1919 1933 1948 1951 1941 1928 1929 1939 1921 1905 1929
1875 1870 1870 1870 1870 1874 1872 1865 1866 1872 1862 1854 1850 1840 1840 1848 1858 1864 1864 1869 1885 1895 1900 1887 1879 1879 1867 1872 1912 1926 1923 1926 1909 1883 1875 1885 1888 1864 1852 1856 1873 1893 1918 1930 1940 1939 1938 1936 1937 1934 1931 1925 1917 1924 1918 1918 1926 1938 1945 1949 1954 1949 1946 1949 1955 1957 1964 1960 1945 1939 1935 1939 1957 1968 1970 1964 1943 1938 1946 1939 1921 1936
1874 1871 1869 1864 1863 1864 1862 1858 1860 1865 1866 1857 1852 1845 1842 1863 1880 1880 1877 1892 1896 1913 1911 1904 1901 1906 1902 1907 1928 1944 1943 1945 1935 1916 1911 1920 1920 1906 1906 1904 1909 1923 1932 1939 1942 1948 1945 1943 1941 1946 1942 1941 1939 1940 1943 1943 1947 1956 1959 1960 1962 1962 1958 1960 1965 1968 1971 1974 1964 1950 1945 1952 1969 1984 1983 1977 1967 1948 1960 1957 1936 1944
1881 1884 1883 1879 1865 1875 1871 1870 1874 1879 1869 1862 1851 1837 1842 1864 1881 1893 1893 1887 1897 1912 1918 1919 1923 1926 1925 1929 1944 1953 1958 1956 1941 1933 1937 1937 1940 1941 1941 1939 1938 1947 1958 1952 1953 1955 1958 1948 1946 1943 1951 1943 1937 1944 1948 1956 1954 1964 1962 1959 1970 1974 1971 1970 1977 1974 1982 1974 1962 1944 1940 1955 1977 1989 1986 1985 1981 1964 1971 1980 1962 1958
1895 1895 1897 1885 1884 1880 1883 1880 1888 1890 1883 1865 1843 1839 1842 1848 1872 1888 1894 1885 1884 1903 1924 1932 1938 1944 1942 1945 1951 1961 1965 1965 1958 1948 1943 1942 1938 1950 1962 1962 1963 1968 1968 1961 1955 1953 1956 1953 1950 1957 1948 1927 1922 1921 1938 1952 1956 1947 1944 1939 1955 1984 1981 1982 1977 1977 1971 1957 1944 1930 1939 1956 1971 1988 1989 1987 1981 1967 1976 1990 1983 1965
1914 1915 1912 1910 1901 1904 1895 1896 1897 1903 1892 1858 1849 1849 1853 1861 1862 1895 1912 1903 1899 1919 1934 1944 1950 1956 1957 1956 1959 1962 1965 1970 1961 1949 1943 1929 1928 1943 1965 1973 1983 1983 1980 1969 1953 1940 1938 1944 1953 1962 1950 1917 1901 1913 1929 1949 1949 1941 1923 1920 1947 1980 1989 1972 1955 1938 1929 1927 1924 1929 1940 1950 1959 1975 1990 1980 1976 1963 1978 2002 1991 1976
1932 1931 1927 1926 1924 1919 1916 1911 1914 1909 1891 1873 1863 1879 1888 1878 1887 1899 1912 1925 1923 1936 1943 1950 1959 1965 1966 1967 1968 1965 1960 1967 1960 1948 1945 1940 1936 1946 1964 1980 1990 2004 2000 1991 1963 1933 1919 1928 1945 1961 1961 1927 1924 1934 1948 1959 1950 1943 1939 1942 1964 1994 1983 1945 1913 1887 1888 1903 1930 1942 1949 1952 1951 1973 1984 1981 1970 1972 1994 2011 2004 1985
1943 1941 1937 1936 1935 1933 1929 1927 1923 1918 1906 1893 1901 1912 1915 1916 1912 1910 1923 1924 1940 1946 1950 1955 1964 1972 1975 1977 1976 1967 1966 1970 1969 1959 1959 1960 1957 1965 1982 1991 2007 2014 2019 2004 1971 1944 1933 1937 1955 1968 1974 1955 1950 1966 1978 1972 1962 1955 1966 1979 1992 1989 1956 1919 1881 1859 1868 1901 1936 1954 1954 1954 1960 1980 2004 1999 1997 1995 2009 2028 2020 2008
1951 1948 1946 1944 1945 1943 1942 1939 1935 1930 1925 1923 1927 1929 1930 1934 1939 1938 1931 1943 1942 1957 1951 1955 1969 1976 1979 1981 1982 1979 1975 1987 1986 1982 1982 1980 1975 1974 1989 1997 2002 2013 2026 2013 1985 1970 1964 1967 1976 1990 1995 1986 1979 1991 1989 1982 1966 1974 1988 2002 1997 1975 1937 1909 1889 1873 1878 1910 1945 1964 1960 1962 1967 1990 2014 2024 2017 2005 2014 2028 2036 2027
1961 1960 1958 1957 1956 1954 1951 1949 1946 1943 1941 1939 1940 1938 1938 1940 1947 1948 1952 1937 1946 1953 1953 1952 1963 1977 1979 1981 1986 1988 1991 1995 1997 1998 1994 1985 1973 1963 1966 1974 1979 1992 2022 2032 2013 2005 1993 1983 1994 2003 2017 2015 2010 1999 1995 1977 1971 1984 2009 2018 2009 1971 1944 1933 1920 1900 1906 1927 1960 1978 1974 1969 1977 1986 2009 2029 2030 2013 2015 2034 2038 2026
1971 1971 1970 1969 1966 1964 1961 1958 1955 1953 1951 1950 1949 1944 1940 1944 1945 1953 1944 1940 1936 1959 1961 1958 1968 1977 1980 1983 1989 1995 1998 2000 2004 2004 2000 1991 1974 1955 1956 1960 1964 1984 2021 2043 2041 2033 2015 2001 2004 2018 2028 2034 2024 2011 1996 1986 1981 1991 2017 2028 2014 1981 1962 1961 1950 1926 1925 1943 1968 1985 1988 1990 1986 1984 1999 2019 2031 2026 2025 2037 2039 2021
1979 1980 1980 1978 1976 1974 1971 1969 1967 1964 1962 1960 1953 1945 1941 1943 1952 1951 1953 1935 1943 1962 1972 1973 1976 1981 1984 1984 1985 1989 1996 2001 2006 2009 2005 1994 1988 1975 1969 1974 1986 1999 2033 2054 2057 2051 2039 2024 2029 2034 2043 2047 2033 2014 2004 2000 1987 1995 2013 2037 2025 2001 1981 1981 1960 1943 1934 1939 1951 1981 1993 2003 2006 1991 1994 2014 2030 2037 2038 2044 2047 2032
1987 1987 1988 1987 1984 1983 1982 1981 1979 1977 1975 1972 1968 1957 1953 1956 1956 1959 1954 1949 1951 1963 1977 1981 1983 1985 1985 1980 1972 1972 1985 1997 2008 2010 2003 1993 1994 1994 1997 1999 2006 2021 2041 2061 2065 2065 2056 2051 2047 2053 2055 2056 2043 2024 2018 2011 2003 1997 2021 2039 2042 2014 2001 1985 1980 1967 1967 1955 1954 1959 1985 1998 2001 2005 2000 2011 2032 2046 2052 2052 2059 2053
1994 1995 1995 1994 1993 1992 1992 1991 1988 1987 1985 1984 1980 1977 1971 1968 1964 1965 1968 1967 1967 1971 1976 1983 1984 1984 1982 1973 1967 1967 1984 2004 2016 2021 2010 1998 2004 2011 2017 2019 2024 2030 2048 2062 2069 2071 2071 2067 2068 2066 2068 2064 2050 2038 2032 2029 2022 2021 2035 2052 2046 2030 2005 1998 1992 1996 1993 1982 1961 1963 1976 1988 2005 2003 2015 2012 2032 2049 2061 2064 2067 2066
2001 2001 2001 2002 2001 2001 2001 1999 1998 1995 1994 1992 1990 1987 1983 1977 1973 1969 1972 1976 1977 1975 1981 1984 1980 1967 1970 1972 1974 1988 2004 2020 2031 2025 2013 1997 2002 2013 2024 2032 2037 2048 2057 2069 2073 2075 2077 2078 2077 2077 2075 2063 2050 2041 2037 2039 2042 2047 2055 2062 2053 2028 2012 2005 2005 2005 2005 1992 1978 1970 1981 1998 2006 2025 2023 2022 2030 2050 2059 2069 2071 2072
2006 2007 2008 2008 2010 2010 2010 2009 2007 2004 2002 2001 1998 1994 1989 1984 1980 1973 1967 1967 1975 1980 1983 1985 1970 1964 1960 1967 1977 1989 2010 2026 2038 2034 2018 2006 2009 2021 2034 2042 2054 2061 2071 2075 2077 2079 2082 2082 2083 2082 2076 2065 2055 2053 2055 2059 2064 2067 2071 2070 2062 2043 2027 2014 2012 2008 2002 1996 1985 1970 1977 1990 2004 2020 2036 2030 2032 2042 2057 2069 2074 2075
2013 2013 2011 2016 2017 2016 2016 2018 2017 2014 2010 2009 2005 1999 1990 1986 1984 1969 1959 1959 1968 1979 1984 1986 1980 1966 1970 1969 1964 1971 1988 2012 2042 2048 2037 2021 2023 2030 2044 2056 2065 2074 2079 2080 2081 2083 2084 2085 2085 2086 2084 2075 2073 2076 2077 2078 2079 2079 2077 2076 2071 2059 2036 2018 2001 1998 1990 1982 1972 1965 1968 1981 1994 2016 2035 2033 2031 2035 2050 2068 2077 2078
2018 2018 2017 2021 2021 2015 2013 2018 2021 2023 2021 2016 2014 2006 1998 1993 1988 1976 1968 1969 1976 1977 1983 1981 1972 1964 1965 1966 1962 1964 1980 2014 2042 2051 2033 2022 2020 2035 2051 2069 2078 2083 2084 2085 2085 2085 2086 2086 2087 2087 2087 2086 2085 2087 2086 2086 2085 2084 2082 2081 2079 2069 2054 2025 2015 2005 2002 1993 1983 1979 1987 1996 2005 2021 2040 2042 2043 2049 2059 2075 2081 2082
2018 2016 2024 2027 2021 2012 2007 2012 2017 2024 2028 2025 2022 2019 2013 2008 2003 1991 1988 1987 1979 1975 1973 1970 1968 1965 1970 1977 1975 1979 1997 2026 2054 2045 2031 2021 2030 2043 2064 2077 2084 2086 2088 2088 2087 2087 2087 2087 2087 2088 2088 2088 2089 2089 2088 2088 2088 2088 2087 2086 2084 2082 2070 2052 2032 2024 2019 2011 2005 2002 2008 2019 2024 2033 2043 2049 2055 2065 2074 2081 2084 2084
2007 2016 2022 2031 2029 2023 2020 2020 2021 2027 2024 2026 2030 2027 2023 2020 2014 2006 2003 1997 1984 1975 1973 1971 1971 1977 1985 1990 1996 1998 2015 2041 2052 2052 2041 2042 2048 2060 2071 2083 2086 2088 2088 2089 2090 2089 2088 2088 2088 2088 2089 2089 2089 2089 2089 2090 2090 2090 2089 2089 2088 2087 2082 2069 2052 2036 2027 2023 2014 2016 2023 2032 2043 2050 2054 2057 2068 2076 2082 2085 2086 2086
2020 2021 2032 2039 2038 2040 2040 2040 2037 2035 2032 2031 2035 2037 2032 2028 2023 2016 2009 1998 1979 1970 1972 1966 1968 1977 1987 1994 2007 2019 2024 2039 2051 2056 2059 2060 2069 2074 2081 2086 2088 2089 2090 2090 2091 2088 2090 2089 2089 2089 2089 2089 2089 2090 2091 2091 2091 2091 2091 2091 2090 2088 2088 2082 2071 2054 2038 2024 2029 2026 2032 2041 2048 2055 2064 2070 2078 2084 2087 2088 2088 2088
2035 2035 2039 2042 2048 2052 2054 2054 2055 2049 2050 2045 2047 2047 2048 2042 2034 2025 2018 2005 1988 1982 1979 1965 1965 1972 1981 1987 1999 2009 2005 2009 2019 2034 2040 2056 2069 2080 2084 2087 2089 2091 2090 2090 2086 2085 2090 2093 2092 2090 2090 2090 2090 2092 2094 2095 2095 2095 2095 2094 2093 2091 2090 2089 2085 2071 2053 2044 2041 2046 2042 2047 2051 2059 2071 2080 2086 2088 2089 2089 2090 2090
2052 2044 2043 2049 2053 2060 2060 2063 2054 2053 2050 2053 2047 2053 2058 2058 2050 2038 2027 2016 2001 1995 1984 1969 1963 1971 1975 1972 1982 1986 1983 1983 1993 2005 2020 2038 2063 2073 2084 2087 2089 2088 2089 2086 2083 2087 2095 2099 2096 2093 2092 2090 2093 2094 2097 2097 -9999 -9999 -9999 -9999 -9999 -9999 2092 2092 2091 2088 2079 2070 2070 2064 2063 2062 2065 2071 2081 2087 2089 2090 2090 2091 2092 2092
2065 2055 2048 2050 2055 2051 2054 2056 2060 2056 2069 2073 2074 2075 2079 2075 2067 2054 2036 2020 2002 1992 1983 1972 1975 1981 1984 1980 1981 1989 1991 1998 2007 2015 2021 2037 2047 2060 2072 2086 2085 2082 2084 2084 2087 2090 2100 2102 -9999 -9999 2094 2096 2096 2099 2098 -9999 -9999 -9999 -9999 -9999 -9999 -9999 -9999 2095 2094 2094 2093 2090 2086 2085 2082 2082 2082 2084 2088 2090 2091 2091 2092 2093 2093 2093
2080 2061 2050 2046 2044 2043 2040 2055 2064 2072 2082 2093 2094 2093 2091 2087 2082 2069 2051 2027 2009 1998 1992 1993 1999 2001 2005 2004 2003 2011 2016 2025 2031 2035 2038 2042 2046 2052 2071 2080 2083 2083 2085 2091 2091 2096 2097 -9999 -9999 -9999 -9999 2098 2101 2100 -9999 -9999 -9999 -9999 -9999 -9999 -9999 -9999 -9999 -9999 -9999 2095 2095 2094 2093 2092 2092 2089 2090 2090 2091 2092 2093 2093 2093 2094 2094 -9999
2091 2071 2054 2047 2046 2046 2050 2060 2073 2081 2091 2095 2098 2098 2098 2095 2091 2075 2052 2034 2019 2012 2010 2017 2023 2026 2030 2032 2035 2041 2048 2048 2050 2049 2050 2051 2054 2063 2072 2084 2088 2085 2093 2094 2096 2096 -9999 -9999 -9999 -9999 -9999 -9999 2102 -9999 -9999 -9999 -9999 -9999 -9999 -9999 -9999 -9999 -9999 -9999 -9999 -9999 -9999 2096 2096 2095 2094 2094 2093 2094 2094 2094 2094 -9999 -9999 -9999 -9999 -9999
2100 2085 2068 2057 2055 2058 2059 2066 2077 2091 2096 2099 2092 2091 2094 2099 2091 2068 2048 2035 2031 2032 2033 2042 2048 2053 2056 2061 2064 2069 2069 2066 2062 2061 2061 2064 2069 2075 2083 2089 2091 2092 2093 2096 2096 -9999 -9999 -9999 -9999 -9999 -9999 -9999 -9999 -9999 -9999 -9999 -9999 -9999 -9999 -9999 -9999 -9999 -9999 -9999 -9999 -9999 -9999 -9999 -9999 -9999 -9999 2095 2096 2095 2096 2095 -9999 -9999 -9999 -9999 -9999 -9999
2107 2095 2082 2069 2066 2069 2072 2072 2084 2095 2097 2090 2077 2072 2081 2089 2093 2075 2061 2059 2060 2061 2065 2069 2076 2078 2082 2084 2085 2086 2083 2079 2074 2073 2074 2078 2081 2086 2090 2092 2092 2092 -9999 -9999 -9999 -9999 -9999 -9999 -9999 -9999 -9999 -9999 -9999 -9999 -9999 -9999 -9999 -9999 -9999 -9999 -9999 -9999 -9999 -9999 -9999 -9999 -9999 -9999 -9999 -9999 -9999 -9999 2096 2096 2096 -9999 -9999 -9999 -9999 -9999 -9999 -9999
2125 2115 2100 2085 2079 2083 2083 2084 2091 2095 2095 2087 2081 2078 2082 2093 2097 2091 2087 2088 2089 2090 2091 2092 2092 2094 2094 2094 2094 2093 2092 2089 2087 2085 2086 2089 2091 2092 2093 2093 -9999 -9999 -9999 -9999 -9999 -9999 -9999 -9999 -9999 -9999 -9999 -9999 -9999 -9999 -9999 -9999 -9999 -9999 -9999 -9999 -9999 -9999 -9999 -9999 -9999 -9999 -9999 -9999 -9999 -9999 -9999 -9999 -9999 -9999 -9999 -9999 -9999 -9999 -9999 -9999 -9999 -9999
