Data/tmin/PRISM_tmin_pr_1963-1995_normal_450mM1_05_asc.asc
ncols 557
nrows 164
xllcorner -67.31875000000
yllcorner 17.86875000000
cellsize 0.00416666667
NODATA_value -9999
[rows 0 to 35 of 164, columns 82 to 163 of 557]
-9999 -9999 -9999 -9999 -9999 -9999 -9999 -9999 -9999 -9999 -9999 -9999 -9999 -9999 -9999 -9999 -9999 -9999 -9999 -9999 -9999 -9999 -9999 -9999 -9999 -9999 -9999 -9999 -9999 -9999 -9999 -9999 -9999 -9999 -9999 -9999 -9999 -9999 -9999 -9999 -9999 -9999 -9999 -9999 -9999 -9999 -9999 -9999 -9999 -9999 -9999 -9999 -9999 -9999 -9999 -9999 -9999 -9999 -9999 -9999 -9999 -9999 -9999 -9999 -9999 -9999 -9999 -9999 -9999 -9999 -9999 -9999 -9999 -9999 -9999 -9999 -9999 -9999 -9999 -9999 -9999 -9999
-9999 -9999 -9999 -9999 -9999 -9999 -9999 -9999 -9999 -9999 -9999 -9999 -9999 -9999 -9999 -9999 -9999 -9999 -9999 -9999 -9999 -9999 -9999 -9999 -9999 -9999 -9999 -9999 -9999 -9999 -9999 -9999 -9999 -9999 -9999 -9999 -9999 -9999 -9999 -9999 -9999 -9999 -9999 -9999 -9999 -9999 -9999 -9999 -9999 -9999 -9999 -9999 -9999 -9999 -9999 -9999 -9999 -9999 -9999 -9999 -9999 -9999 -9999 -9999 -9999 -9999 -9999 -9999 -9999 -9999 -9999 -9999 -9999 -9999 -9999 -9999 -9999 -9999 -9999 -9999 -9999 -9999
-9999 -9999 -9999 -9999 -9999 -9999 -9999 -9999 -9999 -9999 -9999 -9999 -9999 -9999 -9999 -9999 -9999 -9999 -9999 -9999 -9999 -9999 -9999 -9999 -9999 -9999 -9999 -9999 -9999 -9999 -9999 -9999 -9999 -9999 -9999 -9999 -9999 -9999 -9999 -9999 -9999 -9999 -9999 -9999 -9999 -9999 -9999 -9999 -9999 -9999 -9999 -9999 -9999 -9999 -9999 -9999 -9999 -9999 -9999 -9999 -9999 -9999 -9999 -9999 -9999 -9999 -9999 -9999 -9999 -9999 -9999 -9999 -9999 -9999 -9999 -9999 -9999 -9999 -9999 -9999 -9999 -9999
-9999 -9999 -9999 -9999 -9999 -9999 -9999 -9999 -9999 -9999 -9999 -9999 -9999 -9999 -9999 -9999 -9999 -9999 -9999 -9999 -9999 -9999 -9999 -9999 -9999 -9999 -9999 -9999 -9999 -9999 -9999 -9999 -9999 -9999 -9999 -9999 -9999 -9999 -9999 -9999 -9999 -9999 -9999 -9999 -9999 -9999 -9999 -9999 -9999 -9999 -9999 -9999 -9999 -9999 -9999 -9999 -9999 -9999 -9999 -9999 -9999 -9999 -9999 -9999 -9999 -9999 -9999 -9999 -9999 -9999 -9999 -9999 -9999 -9999 -9999 -9999 -9999 -9999 -9999 -9999 -9999 -9999
-9999 -9999 -9999 -9999 -9999 -9999 -9999 -9999 -9999 -9999 -9999 -9999 -9999 -9999 -9999 -9999 -9999 -9999 -9999 -9999 -9999 -9999 -9999 -9999 -9999 -9999 -9999 -9999 -9999 -9999 -9999 -9999 -9999 -9999 -9999 -9999 -9999 -9999 -9999 -9999 -9999 -9999 -9999 -9999 -9999 -9999 -9999 -9999 -9999 -9999 -9999 -9999 -9999 -9999 -9999 -9999 -9999 -9999 -9999 -9999 -9999 -9999 -9999 -9999 -9999 -9999 -9999 -9999 -9999 -9999 -9999 -9999 -9999 -9999 -9999 -9999 -9999 -9999 -9999 -9999 -9999 -9999
-9999 -9999 -9999 -9999 -9999 -9999 -9999 -9999 -9999 -9999 -9999 -9999 -9999 -9999 -9999 -9999 -9999 -9999 -9999 -9999 -9999 -9999 -9999 -9999 -9999 -9999 -9999 -9999 -9999 -9999 -9999 -9999 -9999 -9999 -9999 -9999 -9999 -9999 -9999 -9999 -9999 -9999 -9999 -9999 -9999 -9999 -9999 -9999 -9999 -9999 -9999 -9999 -9999 -9999 -9999 -9999 -9999 -9999 -9999 -9999 -9999 -9999 -9999 -9999 -9999 -9999 -9999 -9999 -9999 -9999 -9999 -9999 -9999 -9999 -9999 -9999 -9999 -9999 -9999 -9999 -9999 -9999
-9999 -9999 -9999 -9999 -9999 -9999 -9999 -9999 -9999 -9999 -9999 -9999 -9999 -9999 -9999 -9999 -9999 -9999 -9999 -9999 -9999 -9999 -9999 -9999 -9999 -9999 -9999 -9999 -9999 -9999 -9999 -9999 -9999 -9999 -9999 -9999 -9999 -9999 -9999 -9999 -9999 -9999 -9999 -9999 -9999 -9999 -9999 -9999 -9999 -9999 -9999 -9999 -9999 -9999 -9999 -9999 -9999 -9999 -9999 -9999 -9999 -9999 -9999 -9999 -9999 -9999 -9999 -9999 -9999 -9999 -9999 -9999 -9999 -9999 -9999 -9999 -9999 -9999 -9999 -9999 -9999 -9999
-9999 -9999 -9999 -9999 -9999 -9999 -9999 -9999 -9999 -9999 -9999 -9999 -9999 -9999 -9999 -9999 -9999 -9999 -9999 -9999 -9999 -9999 -9999 -9999 -9999 -9999 -9999 -9999 -9999 -9999 -9999 -9999 -9999 -9999 -9999 -9999 -9999 -9999 -9999 -9999 -9999 -9999 -9999 -9999 -9999 -9999 -9999 -9999 -9999 -9999 -9999 -9999 -9999 -9999 -9999 -9999 -9999 -9999 -9999 -9999 -9999 -9999 -9999 -9999 -9999 -9999 -9999 -9999 -9999 -9999 -9999 -9999 -9999 -9999 -9999 -9999 -9999 -9999 -9999 -9999 -9999 -9999
-9999 -9999 -9999 -9999 -9999 -9999 -9999 -9999 -9999 -9999 -9999 -9999 -9999 -9999 -9999 -9999 -9999 -9999 -9999 -9999 -9999 -9999 -9999 -9999 -9999 -9999 -9999 -9999 -9999 -9999 -9999 -9999 -9999 -9999 -9999 -9999 -9999 -9999 -9999 -9999 -9999 -9999 -9999 -9999 -9999 -9999 -9999 -9999 -9999 -9999 -9999 -9999 -9999 -9999 -9999 -9999 -9999 -9999 -9999 -9999 -9999 -9999 -9999 -9999 -9999 -9999 -9999 -9999 -9999 -9999 -9999 -9999 -9999 -9999 -9999 -9999 -9999 -9999 -9999 -9999 -9999 -9999
-9999 -9999 -9999 -9999 -9999 -9999 -9999 -9999 -9999 -9999 -9999 -9999 -9999 -9999 -9999 -9999 -9999 -9999 -9999 -9999 -9999 -9999 -9999 -9999 -9999 -9999 -9999 -9999 -9999 -9999 -9999 -9999 -9999 -9999 -9999 -9999 -9999 -9999 -9999 -9999 -9999 -9999 -9999 -9999 -9999 -9999 -9999 -9999 -9999 -9999 -9999 -9999 -9999 -9999 -9999 -9999 -9999 -9999 -9999 -9999 -9999 -9999 -9999 -9999 -9999 -9999 -9999 -9999 -9999 -9999 -9999 -9999 -9999 -9999 -9999 -9999 -9999 -9999 -9999 -9999 -9999 -9999
-9999 -9999 -9999 -9999 -9999 -9999 -9999 -9999 -9999 -9999 -9999 -9999 -9999 -9999 -9999 -9999 -9999 -9999 -9999 -9999 -9999 -9999 -9999 -9999 -9999 -9999 -9999 -9999 -9999 -9999 -9999 -9999 -9999 -9999 -9999 -9999 -9999 -9999 -9999 -9999 -9999 -9999 -9999 -9999 -9999 -9999 -9999 -9999 -9999 -9999 -9999 -9999 -9999 -9999 -9999 -9999 -9999 -9999 -9999 -9999 -9999 -9999 -9999 -9999 -9999 -9999 -9999 -9999 -9999 -9999 -9999 -9999 -9999 -9999 -9999 -9999 -9999 -9999 -9999 -9999 -9999 -9999
2091 2090 2088 2087 -9999 -9999 2085 2084 2084 2083 -9999 -9999 -9999 -9999 -9999 -9999 -9999 -9999 -9999 -9999 -9999 -9999 -9999 -9999 -9999 2098 2097 2095 2092 2087 2083 2083 -9999 -9999 -9999 -9999 -9999 2054 2052 2046 2043 2041 2039 2036 2034 2032 2031 2029 -9999 -9999 -9999 -9999 -9999 -9999 -9999 -9999 -9999 -9999 -9999 -9999 -9999 -9999 -9999 -9999 -9999 -9999 -9999 -9999 -9999 -9999 -9999 -9999 -9999 -9999 -9999 -9999 -9999 -9999 -9999 -9999 2031 2032
2093 2091 2090 2088 2088 2087 2086 2085 2085 2084 2083 2083 2083 2083 2083 -9999 -9999 -9999 -9999 2104 2106 2104 2110 2107 2106 2102 2100 2097 2093 2090 2087 2085 2084 2079 2075 2071 2066 2059 2054 2049 2044 2042 2039 2037 2034 2033 2032 2031 2031 2031 -9999 -9999 -9999 -9999 -9999 -9999 -9999 -9999 -9999 -9999 -9999 -9999 -9999 -9999 -9999 -9999 -9999 -9999 -9999 -9999 -9999 -9999 2026 2027 2027 2028 2029 2030 2031 2032 2033 2034
2092 2088 2085 2083 2087 2087 2081 2079 2080 2081 2084 2084 2084 2084 2085 2086 2086 2086 2091 2097 2097 2101 2102 2109 2109 2107 2105 2101 2097 2092 2088 2084 2080 2075 2072 2068 2063 2059 2056 2051 2048 2046 2044 2041 2039 2037 2036 2036 2035 2035 2036 2035 -9999 -9999 -9999 -9999 -9999 -9999 -9999 -9999 -9999 -9999 -9999 -9999 -9999 -9999 2023 -9999 -9999 -9999 2023 2024 2024 2025 2025 2026 2027 2028 2030 2031 2033 2034
2078 2074 2068 2072 2079 2078 2066 2059 2060 2067 2074 2078 2079 2082 2084 2085 2086 2086 2086 2088 2091 2090 2102 2105 2107 2102 2098 2095 2089 2086 2081 2077 2074 2071 2068 2064 2059 2055 2053 2050 2048 2045 2044 2042 2039 2038 2037 2036 2036 2035 2034 2033 2031 2029 -9999 -9999 -9999 -9999 -9999 -9999 -9999 -9999 -9999 -9999 -9999 2021 2022 2022 -9999 2021 2022 2023 2023 2024 2024 2025 2026 2027 2028 2030 2032 2034
2058 2054 2053 2058 2068 2065 2052 2038 2039 2043 2050 2054 2060 2066 2076 2079 2082 2082 2080 2080 2077 2087 2089 2094 2092 2087 2084 2080 2075 2073 2072 2070 2069 2066 2063 2059 2056 2053 2050 2048 2046 2044 2042 2041 2039 2037 2036 2036 2035 2034 2032 2031 2029 2027 2024 2022 2022 2023 2023 2024 2023 2023 2022 2021 2020 2020 2021 2020 2019 2020 2021 2022 2023 2023 2024 2024 2025 2026 2028 2030 2031 2033
2047 2044 2046 2051 2057 2062 2042 2034 2028 2029 2032 2034 2040 2049 2055 2061 2066 2070 2070 2069 2079 2079 2085 2082 2081 2076 2073 2069 2065 2063 2063 2062 2062 2063 2060 2057 2054 2052 2050 2047 2044 2042 2041 2039 2038 2036 2035 2034 2035 2033 2031 2029 2027 2025 2022 2020 2019 2020 2020 2020 2022 2021 2020 2019 2019 2019 2019 2018 2017 2019 2023 2022 2021 2021 2021 2022 2023 2025 2026 2027 2029 2030
2045 2045 2048 2056 2061 2054 2047 2030 2029 2027 2026 2028 2031 2034 2039 2042 2051 2055 2057 2060 2065 2070 2065 2063 2063 2059 2056 2056 2054 2052 2050 2051 2055 2056 2058 2055 2054 2052 2049 2045 2042 2040 2039 2038 2036 2035 2033 2033 2033 2034 2032 2031 2029 2026 2024 2021 2020 2019 2018 2019 2019 2020 2020 2018 2017 2017 2017 2016 2016 2019 2023 2023 2021 2018 2019 2021 2023 2024 2025 2026 2026 2028
2050 2051 2057 2063 2058 2056 2038 2031 2028 2027 2027 2027 2032 2034 2035 2038 2043 2049 2046 2045 2049 2048 2046 2048 2049 2048 2047 2049 2048 2044 2042 2043 2047 2052 2053 2055 2053 2050 2047 2043 2041 2039 2038 2037 2035 2033 2032 2032 2033 2033 2032 2031 2030 2030 2028 2029 2027 2024 2023 2020 2020 2020 2019 2020 2019 2016 2015 2015 2019 2021 2026 2027 2024 2022 2019 2020 2022 2025 2026 2026 2026 2028
2049 2049 2047 2047 2044 2036 2029 2021 2019 2019 2020 2024 2026 2032 2031 2028 2033 2037 2041 2038 2037 2037 2037 2037 2039 2038 2038 2040 2040 2038 2036 2037 2040 2043 2050 2050 2050 2046 2042 2040 2038 2038 2037 2036 2034 2033 2032 2032 2032 2033 2031 2030 2030 2030 2033 2034 2034 2031 2027 2023 2017 2016 2018 2019 2019 2016 2013 2016 2019 2026 2028 2028 2028 2024 2020 2018 2020 2022 2024 2024 2025 2027
2036 2032 2028 2036 2030 2028 2019 2008 2003 2005 2009 2010 2015 2017 2019 2014 2014 2024 2029 2032 2030 2029 2028 2027 2026 2025 2025 2027 2028 2028 2029 2030 2033 2037 2043 2044 2043 2041 2038 2037 2037 2037 2037 2036 2034 2032 2031 2031 2032 2032 2031 2031 2030 2030 2030 2032 2033 2031 2027 2021 2016 2014 2013 2015 2015 2015 2015 2014 2018 2021 2027 2028 2028 2026 2020 2018 2019 2021 2022 2024 2026 2029
2018 2017 2025 2022 2023 2013 2005 1996 1994 2000 2004 2006 2002 2007 2006 2004 2005 2012 2024 2026 2029 2029 2028 2025 2024 2024 2023 2024 2025 2026 2027 2029 2031 2035 2039 2039 2040 2037 2036 2036 2036 2036 2036 2035 2033 2032 2031 2031 2032 2033 2033 2032 2032 2031 2030 2030 2030 2028 2025 2021 2014 2014 2013 2013 2014 2018 2019 2017 2016 2018 2024 2027 2028 2024 2020 2019 2020 2022 2024 2024 2028 2032
2012 2017 2020 2024 2009 2004 1999 1996 1997 2003 2008 2007 2006 2006 2007 2005 2004 2009 2014 2019 2023 2025 2026 2026 2026 2025 2024 2024 2025 2026 2028 2030 2032 2033 2037 2039 2040 2039 2036 2036 2036 2036 2035 2034 2033 2031 2031 2031 2032 2033 2033 2034 2033 2032 2031 2030 2030 2032 2031 2027 2019 2015 2015 2014 2015 2018 2020 2020 2017 2017 2021 2024 2023 2022 2018 2020 2023 2024 2026 2028 2031 2035
2005 2007 2018 2020 2005 1999 1997 1997 2000 2005 2009 2008 2007 2010 2010 2007 2006 2007 2009 2012 2015 2018 2020 2023 2023 2021 2020 2020 2022 2023 2023 2028 2030 2031 2034 2037 2040 2037 2036 2036 2036 2036 2035 2034 2032 2031 2030 2030 2031 2032 2033 2033 2034 2034 2034 2034 2036 2037 2038 2033 2022 2016 2016 2014 2014 2015 2016 2018 2018 2015 2018 2019 2019 2019 2020 2022 2023 2026 2027 2029 2035 2037
1999 2003 2020 2019 2021 2002 1997 1996 1998 2001 2002 2001 2001 2003 2005 2004 2002 2002 2004 2004 2008 2008 2010 2013 2013 2011 2009 2009 2011 2013 2017 2019 2025 2025 2028 2034 2036 2035 2035 2035 2035 2035 2034 2033 2031 2030 2029 2030 2031 2031 2031 2032 2033 2035 2037 2038 2040 2042 2041 2036 2025 2018 2016 2015 2014 2014 2015 2016 2017 2016 2017 2018 2020 2020 2021 2022 2025 2025 2027 2029 2033 2035
1996 1997 2001 2011 2010 2002 1988 1986 1990 1992 1995 1996 1997 1999 1999 2000 1998 1998 1999 2000 2001 1998 1999 2005 2005 2006 2007 2006 2007 2009 2008 2011 2011 2017 2021 2027 2032 2028 2028 2028 2030 2029 2033 2032 2030 2029 2028 2029 2030 2030 2031 2031 2032 2033 2036 2038 2041 2042 2041 2039 2027 2020 2016 2016 2014 2014 2015 2016 2016 2016 2018 2020 2022 2022 2024 2026 2026 2028 2027 2029 2030 2031
1995 1995 1992 1998 2007 1999 1986 1980 1978 1986 1989 1992 1992 1992 1993 1993 1994 1994 1995 1996 1995 1995 1995 2001 2004 2007 2007 2006 2007 2007 2007 2005 2012 2015 2020 2031 2023 2022 2015 2014 2015 2019 2022 2026 2029 2023 2023 2023 2028 2027 2028 2028 2028 2029 2031 2033 2034 2038 2038 2036 2026 2018 2017 2016 2015 2015 2016 2016 2017 2017 2019 2022 2024 2026 2027 2028 2030 2029 2029 2029 2030 2030
1997 1995 1996 1991 2000 1994 1986 1985 1983 1980 1983 1985 1984 1983 1982 1985 1986 1989 1991 1993 1995 1993 1996 1998 1999 2000 2002 2000 2001 2000 1999 1999 2001 2004 2015 2016 2023 2013 2010 2008 2008 2007 2011 2015 2015 2013 2009 2012 2015 2020 2017 2017 2017 2017 2017 2016 2019 2026 2031 2032 2026 2017 2017 2016 2016 2016 2017 2017 2017 2019 2020 2023 2025 2025 2026 2028 2029 2029 2029 2029 2030 2029
1993 1997 1995 1994 1992 1991 1994 1995 1989 1983 1981 1982 1981 1978 1976 1977 1975 1979 1983 1986 1990 1993 1992 1993 1991 1991 1991 1992 1990 1988 1991 1992 1992 1995 1997 2009 2010 2007 2001 2000 2002 2002 2002 2003 2006 2001 2000 1999 2004 2002 2002 2001 2002 2002 2000 1998 1999 2009 2016 2024 2021 2020 2017 2017 2016 2017 2018 2018 2019 2020 2022 2022 2024 2024 2026 2026 2028 2028 2027 2026 2025 2026
1993 1992 1994 1993 1993 1991 1987 1989 1985 1978 1979 1980 1979 1976 1974 1969 1969 1970 1972 1976 1979 1982 1986 1984 1984 1984 1985 1983 1977 1977 1977 1978 1981 1980 1992 1998 2009 1999 1991 1993 1996 1996 1997 1997 1997 1996 1994 1990 1989 1987 1985 1985 1986 1984 1984 1983 1985 1992 1998 2007 2011 2011 2016 2017 2016 2017 2018 2019 2018 2018 2019 2021 2020 2022 2022 2023 2022 2021 2022 2020 2019 2020
1994 1995 1993 1994 1995 1992 1986 1986 1983 1988 1983 1981 1981 1977 1974 1974 1970 1971 1968 1967 1966 1968 1970 1969 1971 1974 1970 1964 1961 1959 1960 1958 1958 1967 1970 1988 1999 1989 1981 1983 1983 1984 1986 1988 1989 1987 1985 1982 1976 1976 1973 1973 1971 1971 1969 1972 1973 1977 1983 1987 1991 1996 2005 2015 2015 2016 2017 2017 2016 2016 2017 2016 2014 2013 2013 2009 2007 2008 2012 2012 2007 2008
2001 1998 1995 1993 1992 1988 1984 1984 1989 1993 1986 1981 1977 1975 1973 1970 1969 1970 1968 1964 1963 1963 1960 1961 1964 1969 1965 1953 1942 1944 1943 1939 1947 1950 1961 1965 1982 1982 1972 1974 1972 1972 1975 1976 1976 1976 1974 1971 1970 1968 1968 1967 1966 1961 1962 1964 1964 1966 1967 1970 1973 1979 1995 2008 2015 2015 2015 2016 2015 2015 2014 2004 2002 1998 1993 1989 1987 1991 1998 1997 1994 1992
2001 1997 1992 1985 1985 1981 1980 1982 1987 1986 1979 1971 1970 1968 1965 1963 1962 1961 1958 1957 1955 1953 1953 1947 1954 1961 1958 1945 1937 1931 1926 1929 1933 1943 1942 1952 1972 1971 1970 1962 1960 1959 1959 1958 1958 1960 1960 1957 1954 1956 1957 1955 1950 1951 1953 1955 1957 1956 1960 1962 1966 1974 1994 1999 2003 2013 2016 2016 2016 2015 2007 1992 1978 1978 1974 1969 1970 1974 1982 1984 1981 1982
1994 1989 1979 1978 1973 1975 1979 1982 1978 1977 1968 1967 1962 1959 1954 1953 1951 1948 1944 1938 1936 1934 1934 1935 1937 1945 1942 1936 1926 1921 1920 1918 1927 1931 1938 1941 1955 1968 1953 1946 1945 1944 1943 1942 1941 1940 1940 1937 1937 1938 1940 1939 1942 1938 1941 1943 1943 1947 1954 1958 1960 1973 1974 1977 1977 1990 2009 2014 2014 2016 2004 1976 1967 1960 1957 1958 1960 1965 1969 1972 1974 1973
1978 1971 1967 1963 1964 1968 1980 1978 1967 1958 1955 1952 1946 1941 1935 1933 1935 1933 1924 1920 1915 1913 1912 1916 1922 1923 1920 1916 1911 1909 1902 1910 1918 1925 1924 1933 1947 1953 1950 1935 1926 1928 1931 1931 1925 1920 1918 1917 1916 1919 1923 1927 1930 1928 1923 1922 1924 1932 1945 1953 1950 1951 1959 1946 1947 1966 1983 2002 2011 2012 1995 1966 1952 1951 1950 1950 1954 1957 1960 1963 1964 1968
1962 1959 1959 1958 1954 1961 1975 1979 1964 1955 1952 1946 1941 1932 1923 1926 1924 1921 1918 1914 1909 1903 1902 1905 1910 1903 1899 1897 1893 1892 1898 1902 1916 1921 1919 1917 1926 1943 1946 1928 1922 1922 1922 1921 1911 1898 1894 1894 1895 1898 1902 1913 1914 1909 1903 1900 1902 1911 1932 1931 1929 1927 1927 1927 1929 1940 1961 1983 2007 2010 1988 1949 1939 1941 1943 1948 1946 1949 1951 1956 1960 1961
