Data/tmin/PRISM_tmin_pr_1963-1995_normal_450mM1_02_asc.asc
ncols 557
nrows 164
xllcorner -67.31875000000
yllcorner 17.86875000000
cellsize 0.00416666667
NODATA_value -9999
[rows 0 to 35 of 164, columns 82 to 163 of 557]
-9999 -9999 -9999 -9999 -9999 -9999 -9999 -9999 -9999 -9999 -9999 -9999 -9999 -9999 -9999 -9999 -9999 -9999 -9999 -9999 -9999 -9999 -9999 -9999 -9999 -9999 -9999 -9999 -9999 -9999 -9999 -9999 -9999 -9999 -9999 -9999 -9999 -9999 -9999 -9999 -9999 -9999 -9999 -9999 -9999 -9999 -9999 -9999 -9999 -9999 -9999 -9999 -9999 -9999 -9999 -9999 -9999 -9999 -9999 -9999 -9999 -9999 -9999 -9999 -9999 -9999 -9999 -9999 -9999 -9999 -9999 -9999 -9999 -9999 -9999 -9999 -9999 -9999 -9999 -9999 -9999 -9999
-9999 -9999 -9999 -9999 -9999 -9999 -9999 -9999 -9999 -9999 -9999 -9999 -9999 -9999 -9999 -9999 -9999 -9999 -9999 -9999 -9999 -9999 -9999 -9999 -9999 -9999 -9999 -9999 -9999 -9999 -9999 -9999 -9999 -9999 -9999 -9999 -9999 -9999 -9999 -9999 -9999 -9999 -9999 -9999 -9999 -9999 -9999 -9999 -9999 -9999 -9999 -9999 -9999 -9999 -9999 -9999 -9999 -9999 -9999 -9999 -9999 -9999 -9999 -9999 -9999 -9999 -9999 -9999 -9999 -9999 -9999 -9999 -9999 -9999 -9999 -9999 -9999 -9999 -9999 -9999 -9999 -9999
-9999 -9999 -9999 -9999 -9999 -9999 -9999 -9999 -9999 -9999 -9999 -9999 -9999 -9999 -9999 -9999 -9999 -9999 -9999 -9999 -9999 -9999 -9999 -9999 -9999 -9999 -9999 -9999 -9999 -9999 -9999 -9999 -9999 -9999 -9999 -9999 -9999 -9999 -9999 -9999 -9999 -9999 -9999 -9999 -9999 -9999 -9999 -9999 -9999 -9999 -9999 -9999 -9999 -9999 -9999 -9999 -9999 -9999 -9999 -9999 -9999 -9999 -9999 -9999 -9999 -9999 -9999 -9999 -9999 -9999 -9999 -9999 -9999 -9999 -9999 -9999 -9999 -9999 -9999 -9999 -9999 -9999
-9999 -9999 -9999 -9999 -9999 -9999 -9999 -9999 -9999 -9999 -9999 -9999 -9999 -9999 -9999 -9999 -9999 -9999 -9999 -9999 -9999 -9999 -9999 -9999 -9999 -9999 -9999 -9999 -9999 -9999 -9999 -9999 -9999 -9999 -9999 -9999 -9999 -9999 -9999 -9999 -9999 -9999 -9999 -9999 -9999 -9999 -9999 -9999 -9999 -9999 -9999 -9999 -9999 -9999 -9999 -9999 -9999 -9999 -9999 -9999 -9999 -9999 -9999 -9999 -9999 -9999 -9999 -9999 -9999 -9999 -9999 -9999 -9999 -9999 -9999 -9999 -9999 -9999 -9999 -9999 -9999 -9999
-9999 -9999 -9999 -9999 -9999 -9999 -9999 -9999 -9999 -9999 -9999 -9999 -9999 -9999 -9999 -9999 -9999 -9999 -9999 -9999 -9999 -9999 -9999 -9999 -9999 -9999 -9999 -9999 -9999 -9999 -9999 -9999 -9999 -9999 -9999 -9999 -9999 -9999 -9999 -9999 -9999 -9999 -9999 -9999 -9999 -9999 -9999 -9999 -9999 -9999 -9999 -9999 -9999 -9999 -9999 -9999 -9999 -9999 -9999 -9999 -9999 -9999 -9999 -9999 -9999 -9999 -9999 -9999 -9999 -9999 -9999 -9999 -9999 -9999 -9999 -9999 -9999 -9999 -9999 -9999 -9999 -9999
-9999 -9999 -9999 -9999 -9999 -9999 -9999 -9999 -9999 -9999 -9999 -9999 -9999 -9999 -9999 -9999 -9999 -9999 -9999 -9999 -9999 -9999 -9999 -9999 -9999 -9999 -9999 -9999 -9999 -9999 -9999 -9999 -9999 -9999 -9999 -9999 -9999 -9999 -9999 -9999 -9999 -9999 -9999 -9999 -9999 -9999 -9999 -9999 -9999 -9999 -9999 -9999 -9999 -9999 -9999 -9999 -9999 -9999 -9999 -9999 -9999 -9999 -9999 -9999 -9999 -9999 -9999 -9999 -9999 -9999 -9999 -9999 -9999 -9999 -9999 -9999 -9999 -9999 -9999 -9999 -9999 -9999
-9999 -9999 -9999 -9999 -9999 -9999 -9999 -9999 -9999 -9999 -9999 -9999 -9999 -9999 -9999 -9999 -9999 -9999 -9999 -9999 -9999 -9999 -9999 -9999 -9999 -9999 -9999 -9999 -9999 -9999 -9999 -9999 -9999 -9999 -9999 -9999 -9999 -9999 -9999 -9999 -9999 -9999 -9999 -9999 -9999 -9999 -9999 -9999 -9999 -9999 -9999 -9999 -9999 -9999 -9999 -9999 -9999 -9999 -9999 -9999 -9999 -9999 -9999 -9999 -9999 -9999 -9999 -9999 -9999 -9999 -9999 -9999 -9999 -9999 -9999 -9999 -9999 -9999 -9999 -9999 -9999 -9999
-9999 -9999 -9999 -9999 -9999 -9999 -9999 -9999 -9999 -9999 -9999 -9999 -9999 -9999 -9999 -9999 -9999 -9999 -9999 -9999 -9999 -9999 -9999 -9999 -9999 -9999 -9999 -9999 -9999 -9999 -9999 -9999 -9999 -9999 -9999 -9999 -9999 -9999 -9999 -9999 -9999 -9999 -9999 -9999 -9999 -9999 -9999 -9999 -9999 -9999 -9999 -9999 -9999 -9999 -9999 -9999 -9999 -9999 -9999 -9999 -9999 -9999 -9999 -9999 -9999 -9999 -9999 -9999 -9999 -9999 -9999 -9999 -9999 -9999 -9999 -9999 -9999 -9999 -9999 -9999 -9999 -9999
-9999 -9999 -9999 -9999 -9999 -9999 -9999 -9999 -9999 -9999 -9999 -9999 -9999 -9999 -9999 -9999 -9999 -9999 -9999 -9999 -9999 -9999 -9999 -9999 -9999 -9999 -9999 -9999 -9999 -9999 -9999 -9999 -9999 -9999 -9999 -9999 -9999 -9999 -9999 -9999 -9999 -9999 -9999 -9999 -9999 -9999 -9999 -9999 -9999 -9999 -9999 -9999 -9999 -9999 -9999 -9999 -9999 -9999 -9999 -9999 -9999 -9999 -9999 -9999 -9999 -9999 -9999 -9999 -9999 -9999 -9999 -9999 -9999 -9999 -9999 -9999 -9999 -9999 -9999 -9999 -9999 -9999
-9999 -9999 -9999 -9999 -9999 -9999 -9999 -9999 -9999 -9999 -9999 -9999 -9999 -9999 -9999 -9999 -9999 -9999 -9999 -9999 -9999 -9999 -9999 -9999 -9999 -9999 -9999 -9999 -9999 -9999 -9999 -9999 -9999 -9999 -9999 -9999 -9999 -9999 -9999 -9999 -9999 -9999 -9999 -9999 -9999 -9999 -9999 -9999 -9999 -9999 -9999 -9999 -9999 -9999 -9999 -9999 -9999 -9999 -9999 -9999 -9999 -9999 -9999 -9999 -9999 -9999 -9999 -9999 -9999 -9999 -9999 -9999 -9999 -9999 -9999 -9999 -9999 -9999 -9999 -9999 -9999 -9999
-9999 -9999 -9999 -9999 -9999 -9999 -9999 -9999 -9999 -9999 -9999 -9999 -9999 -9999 -9999 -9999 -9999 -9999 -9999 -9999 -9999 -9999 -9999 -9999 -9999 -9999 -9999 -9999 -9999 -9999 -9999 -9999 -9999 -9999 -9999 -9999 -9999 -9999 -9999 -9999 -9999 -9999 -9999 -9999 -9999 -9999 -9999 -9999 -9999 -9999 -9999 -9999 -9999 -9999 -9999 -9999 -9999 -9999 -9999 -9999 -9999 -9999 -9999 -9999 -9999 -9999 -9999 -9999 -9999 -9999 -9999 -9999 -9999 -9999 -9999 -9999 -9999 -9999 -9999 -9999 -9999 -9999
1907 1907 1904 1906 -9999 -9999 1895 1894 1887 1886 -9999 -9999 -9999 -9999 -9999 -9999 -9999 -9999 -9999 -9999 -9999 -9999 -9999 -9999 -9999 1819 1817 1814 1811 1806 1802 1804 -9999 -9999 -9999 -9999 -9999 1784 1782 1778 1777 1775 1774 1774 1773 1772 1771 1771 -9999 -9999 -9999 -9999 -9999 -9999 -9999 -9999 -9999 -9999 -9999 -9999 -9999 -9999 -9999 -9999 -9999 -9999 -9999 -9999 -9999 -9999 -9999 -9999 -9999 -9999 -9999 -9999 -9999 -9999 -9999 -9999 1781 1782
1919 1914 1912 1911 1914 1911 1902 1897 1898 1890 1894 1892 1890 1889 1888 -9999 -9999 -9999 -9999 1859 1854 1848 1843 1837 1831 1825 1822 1818 1814 1811 1809 1808 1810 1806 1803 1800 1797 1792 1788 1784 1779 1778 1777 1776 1775 1774 1773 1773 1775 1776 -9999 -9999 -9999 -9999 -9999 -9999 -9999 -9999 -9999 -9999 -9999 -9999 -9999 -9999 -9999 -9999 -9999 -9999 -9999 -9999 -9999 -9999 1776 1780 1781 1782 1779 1781 1782 1783 1783 1785
1921 1918 1913 1912 1916 1914 1907 1906 1903 1901 1898 1896 1894 1893 1896 1900 1900 1892 1885 1872 1865 1859 1852 1846 1839 1835 1831 1826 1822 1817 1814 1811 1806 1803 1800 1798 1795 1795 1792 1788 1788 1786 1784 1783 1782 1781 1781 1781 1781 1781 1783 1782 -9999 -9999 -9999 -9999 -9999 -9999 -9999 -9999 -9999 -9999 -9999 -9999 -9999 -9999 1780 -9999 -9999 -9999 1778 1777 1777 1785 1789 1786 1784 1778 1780 1781 1783 1785
1908 1905 1902 1905 1910 1908 1901 1896 1896 1898 1901 1903 1904 1904 1902 1904 1898 1891 1882 1876 1868 1862 1855 1848 1843 1838 1834 1830 1825 1821 1813 1808 1803 1800 1798 1796 1796 1795 1795 1794 1793 1791 1789 1789 1787 1787 1786 1786 1785 1783 1782 1780 1779 1777 -9999 -9999 -9999 -9999 -9999 -9999 -9999 -9999 -9999 -9999 -9999 1787 1784 1787 -9999 1786 1784 1781 1781 1785 1787 1791 1783 1781 1779 1780 1783 1786
1888 1887 1887 1894 1900 1898 1890 1879 1879 1883 1889 1892 1896 1898 1902 1900 1895 1888 1881 1874 1868 1862 1857 1851 1847 1843 1840 1837 1834 1826 1818 1810 1803 1798 1795 1795 1795 1799 1799 1800 1801 1799 1798 1797 1795 1793 1792 1792 1790 1787 1781 1780 1777 1775 1772 1770 1770 1771 1772 1773 1780 1783 1787 1786 1785 1786 1785 1785 1784 1784 1784 1784 1781 1782 1784 1783 1784 1780 1780 1781 1783 1785
1876 1876 1880 1886 1892 1894 1881 1875 1869 1871 1874 1876 1880 1887 1889 1891 1889 1885 1879 1873 1867 1863 1858 1853 1849 1847 1844 1842 1839 1834 1826 1819 1810 1802 1799 1797 1798 1799 1803 1806 1807 1808 1807 1804 1802 1800 1797 1797 1796 1792 1786 1783 1779 1774 1770 1768 1767 1768 1769 1772 1780 1786 1785 1784 1784 1784 1783 1782 1782 1781 1781 1781 1781 1783 1782 1785 1784 1783 1779 1778 1780 1782
1873 1875 1880 1886 1890 1887 1882 1871 1870 1869 1869 1871 1873 1874 1878 1878 1881 1880 1876 1871 1867 1863 1860 1856 1853 1851 1850 1847 1844 1842 1837 1831 1821 1813 1806 1806 1803 1803 1805 1807 1811 1812 1811 1808 1806 1805 1804 1802 1801 1798 1795 1794 1789 1783 1777 1772 1770 1768 1767 1771 1778 1783 1782 1782 1782 1781 1780 1780 1780 1780 1780 1781 1781 1782 1784 1784 1785 1782 1779 1776 1776 1779
1877 1879 1885 1889 1887 1886 1876 1872 1870 1870 1870 1871 1872 1874 1874 1874 1875 1876 1872 1868 1865 1863 1861 1858 1856 1854 1853 1849 1846 1845 1844 1837 1828 1818 1812 1803 1804 1804 1809 1813 1815 1817 1816 1812 1810 1809 1807 1806 1803 1799 1799 1799 1798 1795 1792 1791 1786 1779 1776 1773 1776 1777 1778 1779 1779 1779 1778 1778 1779 1780 1780 1781 1781 1782 1783 1784 1783 1784 1777 1777 1777 1778
1874 1876 1878 1876 1877 1873 1871 1870 1870 1870 1870 1870 1871 1872 1872 1871 1873 1871 1869 1866 1865 1863 1862 1860 1858 1858 1857 1853 1851 1850 1848 1844 1836 1827 1812 1808 1805 1811 1817 1822 1823 1823 1821 1817 1813 1809 1805 1803 1800 1798 1798 1799 1797 1797 1801 1804 1801 1793 1785 1778 1775 1775 1775 1777 1777 1775 1775 1776 1777 1780 1780 1780 1780 1781 1782 1784 1785 1782 1777 1774 1775 1778
1864 1864 1863 1870 1868 1870 1869 1870 1871 1871 1871 1871 1869 1869 1869 1869 1869 1870 1867 1865 1864 1863 1863 1863 1863 1864 1863 1862 1859 1857 1855 1852 1846 1836 1823 1817 1818 1821 1826 1828 1828 1828 1826 1822 1817 1810 1806 1804 1803 1803 1803 1801 1797 1796 1797 1802 1800 1793 1784 1778 1774 1774 1774 1775 1774 1773 1773 1773 1776 1777 1779 1780 1780 1781 1782 1784 1785 1780 1775 1773 1776 1780
1855 1857 1862 1863 1869 1866 1866 1867 1868 1870 1870 1870 1868 1868 1867 1866 1868 1867 1867 1865 1864 1863 1863 1863 1863 1863 1864 1862 1861 1858 1856 1852 1847 1839 1829 1825 1823 1828 1831 1832 1830 1830 1828 1825 1820 1815 1811 1810 1812 1813 1812 1809 1805 1801 1797 1796 1793 1788 1783 1778 1774 1774 1773 1773 1773 1773 1773 1773 1773 1776 1778 1779 1780 1780 1782 1783 1781 1778 1774 1775 1781 1786
1853 1857 1860 1864 1863 1864 1864 1864 1867 1868 1871 1870 1869 1869 1869 1868 1864 1866 1868 1865 1866 1863 1863 1862 1861 1862 1862 1861 1859 1858 1854 1848 1843 1840 1829 1822 1818 1822 1827 1828 1827 1827 1827 1824 1822 1819 1815 1813 1814 1817 1816 1814 1811 1806 1801 1796 1793 1793 1791 1788 1778 1773 1773 1772 1773 1772 1772 1772 1772 1774 1777 1778 1776 1778 1778 1781 1782 1778 1778 1782 1788 1795
1849 1852 1858 1860 1860 1863 1862 1863 1865 1868 1869 1869 1868 1869 1869 1867 1865 1865 1866 1867 1864 1864 1863 1863 1860 1860 1860 1859 1857 1855 1853 1850 1845 1840 1834 1823 1813 1820 1822 1821 1822 1822 1821 1820 1818 1815 1811 1809 1810 1812 1813 1813 1814 1812 1808 1804 1805 1804 1803 1796 1779 1772 1772 1772 1772 1772 1772 1772 1772 1773 1774 1774 1773 1772 1775 1777 1779 1779 1781 1786 1796 1801
1847 1850 1858 1860 1863 1862 1863 1863 1864 1866 1866 1866 1866 1865 1865 1865 1863 1863 1864 1862 1862 1861 1862 1860 1859 1856 1855 1853 1851 1850 1850 1849 1845 1840 1833 1827 1821 1824 1825 1822 1821 1820 1819 1817 1815 1812 1809 1806 1806 1808 1808 1810 1811 1815 1815 1815 1816 1816 1810 1799 1783 1773 1772 1772 1772 1772 1771 1771 1771 1772 1772 1771 1771 1772 1773 1775 1779 1779 1781 1786 1793 1797
1848 1851 1855 1859 1860 1862 1861 1861 1863 1867 1867 1867 1866 1865 1864 1863 1863 1863 1862 1861 1860 1859 1857 1858 1854 1852 1850 1848 1846 1845 1843 1843 1839 1840 1839 1834 1831 1832 1831 1826 1823 1821 1823 1820 1816 1813 1809 1808 1807 1808 1809 1807 1809 1811 1815 1815 1816 1817 1813 1806 1785 1775 1771 1771 1771 1771 1770 1770 1770 1770 1771 1772 1774 1774 1777 1781 1782 1784 1784 1786 1789 1790
1851 1853 1857 1858 1860 1859 1854 1853 1857 1862 1866 1865 1864 1863 1862 1861 1864 1863 1861 1859 1858 1856 1855 1852 1850 1847 1845 1843 1841 1839 1837 1834 1836 1837 1836 1829 1828 1830 1828 1823 1819 1820 1820 1821 1818 1814 1807 1808 1808 1809 1809 1807 1805 1806 1806 1804 1804 1807 1809 1804 1784 1771 1769 1769 1770 1770 1770 1769 1769 1770 1771 1775 1778 1782 1783 1786 1788 1788 1788 1789 1790 1790
1851 1853 1859 1858 1859 1858 1853 1853 1854 1854 1854 1852 1851 1850 1849 1852 1854 1857 1855 1855 1855 1853 1850 1847 1844 1840 1839 1836 1833 1828 1827 1827 1825 1827 1823 1820 1821 1825 1823 1819 1815 1810 1812 1808 1807 1801 1797 1796 1800 1799 1797 1795 1792 1792 1789 1787 1787 1794 1799 1798 1784 1769 1767 1767 1768 1768 1769 1769 1769 1771 1773 1776 1780 1780 1782 1785 1787 1790 1791 1792 1793 1791
1845 1850 1851 1852 1850 1851 1851 1856 1855 1851 1845 1843 1842 1840 1838 1837 1838 1838 1839 1844 1845 1845 1842 1838 1834 1831 1828 1824 1819 1815 1813 1814 1814 1815 1816 1812 1821 1816 1812 1811 1810 1808 1804 1800 1797 1792 1784 1785 1785 1784 1780 1777 1776 1772 1771 1769 1770 1775 1782 1789 1779 1773 1769 1768 1767 1768 1770 1770 1771 1773 1776 1777 1779 1780 1782 1783 1786 1789 1788 1788 1786 1786
1846 1846 1849 1845 1844 1844 1844 1847 1846 1840 1839 1836 1834 1832 1829 1826 1824 1823 1824 1825 1827 1827 1824 1821 1817 1815 1810 1804 1799 1795 1796 1795 1797 1796 1803 1805 1812 1806 1801 1802 1802 1800 1799 1795 1789 1783 1776 1773 1771 1764 1758 1755 1755 1751 1750 1750 1750 1757 1761 1770 1770 1766 1770 1768 1767 1769 1770 1772 1770 1772 1774 1777 1776 1779 1778 1779 1779 1779 1781 1778 1777 1777
1848 1846 1845 1843 1841 1840 1839 1838 1836 1838 1832 1830 1828 1825 1822 1820 1817 1815 1810 1808 1805 1805 1805 1799 1800 1798 1794 1784 1779 1775 1773 1771 1771 1778 1780 1788 1797 1792 1787 1789 1787 1785 1782 1780 1774 1767 1763 1759 1754 1751 1741 1741 1736 1735 1731 1732 1732 1737 1744 1746 1750 1754 1760 1768 1767 1767 1768 1769 1768 1768 1770 1771 1770 1769 1768 1764 1760 1764 1766 1768 1762 1764
1846 1845 1843 1841 1838 1837 1835 1832 1834 1837 1829 1823 1820 1818 1815 1811 1808 1805 1801 1793 1790 1788 1785 1781 1781 1784 1778 1767 1758 1755 1750 1746 1753 1757 1765 1767 1779 1781 1774 1771 1769 1764 1764 1760 1755 1749 1743 1742 1738 1735 1736 1733 1729 1724 1724 1718 1719 1722 1722 1727 1733 1739 1753 1761 1766 1766 1766 1767 1766 1766 1766 1757 1754 1750 1745 1740 1738 1741 1751 1749 1747 1745
1849 1846 1843 1837 1837 1834 1830 1827 1829 1830 1822 1814 1811 1807 1802 1798 1795 1790 1784 1778 1771 1768 1763 1759 1762 1766 1758 1747 1740 1732 1727 1726 1732 1740 1743 1749 1762 1766 1761 1751 1746 1746 1742 1740 1735 1728 1726 1723 1719 1719 1719 1720 1716 1713 1709 1712 1708 1710 1714 1716 1721 1731 1747 1750 1754 1764 1767 1767 1766 1766 1758 1743 1729 1726 1721 1717 1717 1725 1731 1738 1733 1733
1849 1840 1833 1832 1823 1825 1823 1820 1817 1818 1809 1804 1800 1794 1785 1782 1777 1772 1765 1757 1752 1743 1743 1739 1742 1746 1741 1730 1721 1715 1710 1710 1717 1720 1727 1728 1736 1749 1738 1727 1722 1722 1722 1720 1716 1710 1707 1705 1700 1697 1699 1701 1700 1697 1698 1694 1696 1701 1709 1713 1714 1725 1725 1725 1725 1738 1759 1764 1765 1765 1753 1725 1714 1706 1703 1703 1706 1713 1719 1723 1725 1724
1832 1824 1822 1815 1812 1811 1817 1813 1805 1800 1794 1789 1781 1775 1763 1758 1755 1750 1741 1736 1728 1723 1717 1718 1723 1723 1717 1709 1701 1697 1694 1695 1703 1709 1707 1712 1717 1726 1725 1709 1701 1699 1703 1701 1698 1690 1687 1684 1680 1678 1677 1680 1682 1680 1676 1677 1676 1683 1699 1706 1705 1705 1712 1695 1694 1714 1731 1750 1759 1758 1740 1712 1699 1696 1695 1696 1700 1704 1708 1712 1714 1719
1818 1813 1809 1807 1794 1800 1807 1806 1798 1790 1784 1777 1770 1756 1746 1741 1737 1729 1725 1718 1712 1700 1696 1698 1699 1701 1692 1686 1678 1678 1682 1686 1694 1698 1695 1690 1695 1711 1714 1700 1688 1688 1684 1681 1675 1666 1663 1658 1659 1660 1661 1664 1663 1659 1656 1654 1656 1663 1682 1684 1682 1682 1679 1677 1678 1686 1709 1729 1751 1752 1730 1695 1685 1687 1689 1695 1693 1697 1699 1704 1709 1711
