Data/tmin/PRISM_tmin_pr_1963-1995_normal_450mM1_annual_asc.asc
ncols 557
nrows 164
xllcorner -67.31875000000
yllcorner 17.86875000000
cellsize 0.00416666667
NODATA_value -9999
[rows 108 to 143 of 164, columns 164 to 245 of 557]
1761 1765 1773 1773 1763 1775 1782 1785 1798 1831 1857 1885 1914 1933 1922 1917 1913 1916 1896 1860 1862 1900 1927 1907 1888 1868 1873 1890 1931 1962 1984 1998 1995 1982 1968 1947 1938 1938 1944 1950 1947 1943 1936 1932 1919 1896 1874 1858 1856 1858 1859 1859 1857 1870 1881 1880 1880 1881 1874 1871 1875 1872 1876 1883 1899 1907 1898 1904 1905 1898 1888 1885 1881 1876 1870 1874 1868 1864 1858 1861 1860 1856
1784 1788 1800 1793 1785 1795 1806 1794 1804 1839 1871 1901 1930 1948 1938 1917 1929 1935 1911 1870 1874 1913 1938 1930 1903 1877 1859 1881 1926 1969 1994 2003 1995 1981 1956 1921 1896 1893 1896 1909 1913 1912 1917 1917 1912 1893 1874 1875 1882 1890 1889 1879 1873 1880 1894 1891 1885 1889 1889 1885 1883 1887 1881 1879 1898 1907 1907 1911 1910 1899 1886 1890 1888 1883 1876 1873 1879 1873 1862 1860 1866 1860
1795 1801 1822 1819 1805 1816 1826 1808 1799 1831 1877 1910 1938 1962 1950 1939 1952 1959 1931 1893 1886 1928 1955 1946 1912 1876 1862 1867 1923 1973 2001 2010 2000 1978 1940 1897 1859 1834 1829 1833 1842 1853 1872 1889 1897 1897 1898 1903 1914 1919 1914 1907 1904 1908 1910 1899 1892 1901 1907 1899 1897 1897 1894 1892 1902 1920 1922 1925 1924 1911 1902 1900 1901 1893 1887 1890 1892 1888 1871 1864 1862 1858
1810 1818 1836 1840 1830 1840 1854 1823 1804 1811 1841 1878 1926 1957 1961 1945 1971 1975 1945 1908 1920 1937 1969 1968 1934 1902 1882 1887 1924 1968 2004 2016 2009 1980 1950 1905 1872 1831 1802 1784 1775 1793 1816 1847 1880 1900 1915 1930 1938 1941 1937 1936 1935 1924 1920 1905 1903 1916 1925 1919 1913 1914 1911 1905 1912 1928 1935 1942 1935 1928 1920 1919 1912 1910 1904 1906 1902 1899 1882 1872 1862 1859
1856 1849 1857 1866 1858 1873 1883 1859 1827 1814 1815 1846 1895 1962 1954 1953 1973 1985 1961 1938 1938 1960 1969 1983 1960 1932 1914 1905 1931 1971 2005 2023 2020 2006 1979 1959 1925 1889 1844 1807 1786 1782 1800 1828 1859 1893 1918 1939 1952 1961 1960 1955 1943 1923 1910 1906 1907 1925 1936 1938 1936 1937 1932 1926 1926 1939 1950 1947 1934 1923 1917 1915 1912 1905 1908 1901 1899 1894 1891 1884 1879 1875
1895 1882 1878 1887 1889 1904 1908 1893 1881 1856 1848 1861 1916 1961 1974 1951 1981 2000 1984 1968 1974 1971 1985 1991 1978 1952 1931 1925 1949 1982 2011 2032 2029 2019 2006 1988 1966 1931 1893 1853 1826 1816 1821 1833 1861 1888 1920 1949 1967 1980 1978 1969 1948 1921 1909 1903 1902 1912 1933 1948 1956 1960 1954 1949 1946 1956 1958 1946 1925 1909 1903 1900 1897 1899 1898 1899 1889 1887 1885 1888 1883 1877
1924 1904 1894 1908 1916 1923 1936 1930 1923 1914 1903 1922 1953 1994 1980 1971 1988 2003 2006 1995 1999 2004 2004 2011 1997 1976 1958 1949 1968 1989 2017 2027 2027 2018 2007 1989 1971 1946 1913 1881 1861 1855 1859 1870 1874 1899 1935 1962 1984 1995 1992 1982 1964 1941 1929 1917 1906 1908 1928 1953 1970 1977 1969 1969 1967 1971 1962 1941 1916 1900 1892 1888 1890 1890 1895 1892 1885 1881 1878 1873 1873 1870
1944 1923 1913 1925 1939 1947 1960 1958 1964 1958 1964 1978 2001 2004 2000 1991 2003 2020 2024 2020 2023 2025 2026 2026 2017 2003 1994 1987 1998 2018 2028 2034 2026 2011 1990 1975 1957 1947 1927 1910 1892 1887 1897 1899 1900 1913 1945 1981 1999 2004 2001 1991 1978 1964 1954 1942 1925 1915 1924 1953 1978 1987 1985 1983 1987 1982 1968 1943 1918 1904 1887 1886 1887 1886 1888 1887 1885 1879 1871 1869 1868 1869
1961 1938 1928 1946 1950 1958 1975 1982 1985 1992 1998 2017 2018 2010 1995 2005 2022 2031 2038 2036 2039 2037 2037 2038 2032 2026 2022 2020 2030 2038 2039 2031 2020 1999 1979 1957 1948 1950 1955 1944 1934 1926 1935 1940 1932 1932 1955 1983 2003 2016 2007 2001 1992 1981 1976 1965 1947 1923 1929 1953 1986 2005 2004 2007 1999 1985 1961 1936 1913 1893 1884 1878 1885 1884 1886 1887 1886 1880 1872 1867 1873 1873
1967 1955 1947 1961 1963 1959 1974 1994 2004 2010 2022 2029 2034 2015 2003 2013 2028 2039 2043 2046 2047 2047 2046 2047 2046 2041 2041 2043 2049 2049 2042 2032 2018 2005 1987 1972 1966 1970 1973 1969 1956 1956 1965 1973 1967 1956 1963 1981 2004 2015 2020 2014 2004 1996 1993 1985 1969 1954 1950 1973 1995 2014 2021 2019 2003 1981 1959 1934 1912 1895 1880 1881 1879 1883 1887 1892 1887 1881 1869 1869 1871 1857
1984 1973 1975 1974 1978 1961 1976 1989 2011 2027 2028 2042 2044 2036 2028 2032 2043 2046 2049 2051 2053 2054 2054 2053 2054 2051 2050 2055 2057 2055 2048 2039 2030 2017 2010 2004 1995 1995 1989 1977 1966 1973 1987 1994 1988 1980 1980 1992 2007 2023 2030 2027 2017 2009 2004 1999 1990 1981 1984 1990 2004 2019 2029 2029 2013 1992 1973 1953 1930 1913 1899 1885 1880 1875 1877 1886 1889 1882 1875 1871 1865 1845
1994 1996 1989 1996 1989 1994 1982 1991 2014 2027 2041 2047 2057 2052 2048 2050 2052 2055 2056 2058 2059 2061 2061 2059 2060 2057 2057 2060 2062 2059 2054 2046 2037 2032 2027 2023 2018 2012 2005 1992 1984 1986 1998 2003 1990 1978 1986 1996 2011 2028 2035 2034 2023 2013 2009 2002 2002 2002 2003 2004 2009 2025 2036 2038 2025 2007 1988 1967 1950 1934 1916 1900 1879 1872 1867 1877 1893 1894 1888 1876 1865 1848
1995 2005 2014 2007 2018 2016 2013 2007 2018 2040 2048 2060 2065 2062 2061 2059 2058 2059 2061 2063 2065 2067 2067 2066 2065 2060 2058 2066 2066 2062 2057 2051 2045 2041 2039 2033 2024 2018 2016 2014 2005 2005 2012 2006 1987 1973 1980 1996 2017 2034 2042 2034 2020 2007 1997 1990 1999 2009 2012 2010 2017 2029 2042 2042 2028 2006 1982 1967 1949 1942 1927 1904 1894 1887 1881 1890 1904 1911 1899 1886 1871 1862
2002 2013 2027 2032 2035 2044 2038 2031 2040 2051 2061 2069 2071 2066 2061 2059 2057 2056 2060 2064 2070 2072 2073 2072 2067 2057 2055 2064 2071 2066 2061 2056 2052 2049 2044 2038 2026 2019 2023 2027 2027 2028 2028 2021 2002 1988 1991 2004 2024 2041 2049 2043 2028 2013 1996 1986 1989 2009 2021 2025 2030 2042 2051 2045 2024 1998 1975 1950 1941 1932 1918 1910 1907 1914 1909 1906 1919 1924 1913 1891 1891 1890
2023 2024 2035 2045 2053 2060 2059 2056 2057 2065 2071 2074 2072 2060 2054 2053 2051 2052 2054 2063 2072 2078 2080 2077 2068 2055 2049 2061 2070 2072 2067 2062 2057 2053 2047 2039 2028 2022 2025 2038 2042 2040 2036 2026 2019 2008 2005 2017 2035 2050 2054 2049 2042 2032 2019 2003 2009 2018 2029 2040 2043 2051 2055 2047 2028 2002 1973 1948 1926 1917 1906 1910 1924 1941 1935 1929 1931 1937 1907 1900 1905 1919
2041 2036 2042 2052 2063 2070 2070 2069 2071 2074 2077 2078 2068 2062 2056 2059 2060 2063 2063 2069 2078 2084 2087 2085 2078 2068 2061 2063 2070 2077 2075 2067 2057 2057 2052 2047 2036 2026 2031 2043 2050 2046 2038 2031 2027 2016 2008 2014 2035 2050 2057 2052 2046 2041 2034 2031 2028 2036 2041 2041 2043 2050 2060 2051 2031 2005 1971 1948 1935 1922 1918 1923 1941 1957 1959 1946 1946 1935 1917 1905 1934 1950
2032 2033 2033 2048 2062 2074 2077 2076 2078 2080 2081 2077 2068 2063 2064 2067 2069 2070 2075 2078 2085 2091 2093 2093 2091 2088 2082 2076 2078 2081 2079 2064 2053 2054 2061 2060 2052 2041 2037 2049 2056 2053 2046 2040 2042 2030 2016 2023 2027 2043 2059 2059 2052 2045 2039 2039 2040 2048 2046 2042 2036 2036 2056 2050 2025 1990 1961 1949 1954 1956 1950 1953 1962 1974 1978 1974 1963 1952 1939 1945 1968 1984
2026 2026 2026 2038 2058 2074 2081 2081 2083 2084 2083 2071 2063 2066 2070 2075 2075 2081 2084 2089 2093 2096 2099 2099 2100 2100 2098 2093 2090 2090 2082 2067 2051 2057 2064 2071 2064 2055 2049 2055 2062 2060 2054 2051 2050 2044 2033 2026 2024 2031 2051 2064 2057 2048 2043 2038 2041 2048 2057 2056 2042 2047 2054 2051 2020 1986 1959 1957 1969 1982 1984 1986 1990 2001 2003 1995 1975 1960 1961 1977 1996 2009
2040 2035 2033 2041 2060 2078 2084 2086 2087 2086 2076 2069 2062 2076 2082 2086 2088 2089 2093 2097 2099 2102 2103 2104 2105 2105 2105 2103 2099 2095 2090 2079 2067 2066 2071 2073 2073 2068 2065 2066 2069 2067 2062 2058 2059 2053 2046 2044 2028 2033 2054 2066 2061 2056 2049 2050 2046 2053 2063 2068 2067 2060 2066 2053 2033 2005 1983 1974 1981 1985 1993 2004 2021 2025 2022 2015 1994 1984 1994 2008 2023 2031
2059 2055 2046 2056 2071 2084 2089 2090 2090 2086 2080 2068 2073 2085 2093 2095 2096 2097 2100 2102 2105 2106 2107 2107 2108 2108 2108 2107 2104 2100 2097 2092 2086 2083 2083 2084 2082 2081 2078 2077 2077 2075 2071 2067 2065 2063 2059 2053 2046 2046 2061 2068 2068 2061 2061 2059 2060 2063 2068 2073 2073 2071 2069 2063 2051 2038 2021 2006 1988 1982 1989 1999 2030 2039 2037 2028 2021 2017 2029 2037 2044 2049
2080 2074 2073 2077 2085 2091 2092 2093 2094 2094 2089 2088 2088 2097 2101 2102 2102 2104 2105 2107 2108 2109 2109 2109 2110 2110 2110 2109 2107 2105 2101 2098 2096 2094 2093 2092 2091 2090 2087 2085 2084 2083 2082 2078 2076 2075 2072 2071 2063 2067 2071 2077 2073 2072 2069 2068 2070 2071 2073 2075 2075 2074 2072 2070 2068 2062 2051 2037 2021 2011 2003 2020 2032 2027 2032 2036 2034 2044 2052 2057 2062 2060
2089 2090 2089 2091 2093 2093 2094 2095 2096 2097 2098 2097 2100 2103 2105 2107 2107 2107 2109 2110 2111 2111 2111 2111 2111 2111 2111 2110 2109 2107 2105 2103 2101 2099 2098 2097 2097 2095 2093 2091 2089 2090 2089 2087 2085 2083 2081 2079 2078 2077 2078 2077 2077 2075 2068 2071 2075 2076 2078 2077 2078 2077 2075 2075 2075 2074 2069 2063 2053 2047 2050 2045 2036 2016 2013 2028 2040 2053 2063 2071 2074 2073
2094 2095 2096 2096 2096 2096 2097 2097 2098 2099 2101 2102 2104 2106 2108 2109 2110 2110 2111 2111 2112 2112 2112 2112 2112 2112 2112 2111 2110 2109 2108 2106 2104 2103 2102 2101 2100 2098 2097 2095 2094 2094 2094 2092 2089 2087 2085 2084 2083 2082 2080 2080 2079 2075 2070 2070 2077 2080 2079 2079 2079 2080 2079 2078 2079 2080 2079 2075 2072 2070 2069 2067 2053 2022 2022 2030 2033 2037 2058 2073 2080 2081
2096 2098 2099 2098 2097 2098 2099 2099 2101 2102 2103 2104 2106 2107 2109 2110 2111 2112 2112 2112 2112 2113 2113 2113 2113 2113 2112 2111 2110 2110 2109 2108 2107 2106 2105 2104 2103 2102 2100 2099 2098 2097 2096 2094 2091 2090 2089 2087 2087 2085 2084 2083 2083 2081 2077 2079 2082 2082 2082 2081 2081 2081 2081 2082 2083 2085 2084 2082 2080 2078 2078 2077 2072 2061 2060 2055 2037 2032 2039 2062 2081 2086
2099 2101 2101 2101 2100 2100 2101 2102 2102 2103 2105 2106 2108 2109 2110 2111 2112 2113 2113 2113 2113 2113 2114 2113 2113 2113 2113 2112 2111 2110 2110 2109 2109 2108 2107 2106 2105 2104 2104 2102 2101 2101 2099 2096 2094 2092 2092 2090 2089 2088 2088 2087 2086 2085 2083 2085 2086 2086 2085 2084 2084 2084 2085 2086 2087 2088 2089 2086 2084 2083 2082 2082 2081 2082 2083 2083 2072 2058 2059 2070 2080 2086
2102 2103 2104 2103 2103 2103 2103 2104 2104 2105 2107 2108 2109 2110 2111 2112 2113 2113 2114 2114 2114 2114 2114 2114 2113 2113 2113 2113 2112 2111 2111 2110 2110 2109 2108 2107 2107 2106 2106 2105 2105 2104 2102 2100 2096 2095 2094 2092 2091 2091 2091 2090 2089 2088 2088 2088 2089 2088 2088 2087 2087 2087 2088 2089 2090 2091 2091 2090 2088 2086 2085 2084 2085 2084 2085 2088 2089 2090 2087 2084 2087 2089
2104 2105 2105 2105 2105 2105 2105 2106 2106 2107 2108 2109 2110 2111 2112 2113 2113 2114 2114 2114 2114 2114 2114 2114 2114 2114 2113 2113 2113 2112 2112 2112 2111 2111 2110 2109 2108 2107 2107 2106 2106 2106 2105 2102 2099 2097 2096 2094 2093 2093 2092 2091 2091 2090 2091 2091 2091 2090 2090 2089 2089 2090 2091 2091 2093 2094 2095 2094 2093 2091 2090 2089 2088 2087 2086 2088 2092 2096 2098 2098 2096 2095
2107 2107 2107 2107 2107 2107 2107 2107 2107 2108 2109 2110 2111 2112 2112 2113 2113 2114 2114 2114 2114 2114 2114 2114 2114 2114 2114 2114 2114 2114 2113 2113 2113 2112 2111 2110 2109 2108 2108 2107 2107 2107 2106 2105 2102 2100 2098 2097 2095 2094 2093 2093 2093 2093 2093 2093 2092 2092 2092 2092 2092 2092 2093 2094 2095 2096 2097 2098 2097 2097 2096 2095 2096 2096 2096 2099 2100 2103 2104 2102 2102 2102
2109 2108 2108 2108 2108 2109 2109 2109 2109 2109 2110 2111 2111 2112 2112 2113 2113 2114 2114 2114 2114 2115 2114 2115 2115 2115 2115 2115 2114 2114 2114 2114 2113 2112 2111 2110 2110 2109 2109 2108 2108 2107 2107 2106 2105 2103 2102 2098 2097 2096 2095 2094 2094 2094 2094 2094 2094 2094 2094 2094 2094 2095 2096 2097 2097 2098 2100 2100 2101 2101 2102 2102 2102 2104 2105 2106 2106 2108 2106 2105 2104 2104
2109 2109 2109 2109 2109 2109 2110 2110 2110 2110 2110 2111 2112 2112 2112 2113 2113 2114 2114 2114 2115 2115 2115 2115 2115 2115 2115 2115 2115 2115 2114 2114 2113 -9999 -9999 -9999 -9999 2109 2109 -9999 -9999 -9999 -9999 2106 2106 2106 2104 2102 2099 2098 2096 2096 2095 2095 2096 2096 2095 2096 2096 2096 2097 2098 2099 2099 2100 2100 2102 2104 2105 2105 2105 2105 2106 2106 2107 2107 2108 2108 2108 2107 2106 2106
2110 2110 2110 2110 2110 2110 2110 2110 2111 2111 2111 2111 2112 2112 2112 2113 2113 2113 2114 2114 2115 2115 2115 2115 2115 2115 2115 2115 2115 2115 -9999 -9999 -9999 -9999 -9999 -9999 -9999 -9999 -9999 -9999 -9999 -9999 -9999 -9999 2106 2106 2106 2104 2102 2100 2099 2097 2096 2096 2097 2097 2097 2097 2098 2099 2099 2100 2101 2101 2101 2103 2104 2105 2107 2107 2106 2107 2107 2107 2108 2108 2107 2108 2108 2107 2107 2107
-9999 2111 2111 2111 2110 2110 2111 2111 2111 2112 2112 2112 2112 2112 2112 2113 2113 2113 2114 2114 2115 2115 2115 2115 2115 2115 2115 -9999 -9999 -9999 -9999 -9999 -9999 -9999 -9999 -9999 -9999 -9999 -9999 -9999 -9999 -9999 -9999 -9999 -9999 2106 2107 2106 2105 2103 2101 2100 2098 2098 2098 2098 2097 2098 2098 2099 2100 2101 2102 2103 2103 2104 2105 2106 2106 2106 2106 2105 2105 2106 2106 2106 2106 2106 2106 2107 2107 2107
-9999 -9999 2112 2112 2112 2112 2112 2112 2112 2112 2112 2112 2112 2112 2112 2112 2113 2113 2114 2114 2115 2115 2115 2115 2115 -9999 -9999 -9999 -9999 -9999 -9999 -9999 -9999 -9999 -9999 -9999 -9999 -9999 -9999 -9999 -9999 -9999 -9999 -9999 -9999 -9999 2107 2107 2106 2104 2103 2102 2101 2100 2100 2099 2099 2099 2099 2100 2101 2103 2103 2104 2105 2105 2106 2106 2106 2106 2105 2105 2105 -9999 -9999 2105 2105 2105 2106 2107 2107 2107
-9999 -9999 -9999 2112 2112 2112 2112 2112 2113 2112 2112 2112 2111 2111 2111 2112 2112 2113 2113 2114 -9999 -9999 -9999 -9999 -9999 -9999 -9999 -9999 -9999 -9999 -9999 -9999 -9999 -9999 -9999 -9999 -9999 -9999 -9999 -9999 -9999 -9999 -9999 -9999 -9999 -9999 2108 2108 2107 2106 2105 2104 2103 2102 2102 2101 2100 2101 2101 2102 2103 2104 2105 2105 2106 2106 2106 2106 2106 2106 -9999 -9999 -9999 -9999 -9999 -9999 2105 2105 2105 2106 2107 2108
-9999 -9999 -9999 -9999 2111 2111 2110 2111 -9999 -9999 -9999 2111 -9999 2111 2112 2112 2113 2113 -9999 -9999 -9999 -9999 -9999 -9999 -9999 -9999 -9999 -9999 -9999 -9999 -9999 -9999 -9999 -9999 -9999 -9999 -9999 -9999 -9999 -9999 -9999 -9999 -9999 -9999 -9999 -9999 -9999 2108 2108 2107 2107 2106 2106 2105 2104 2103 2102 2103 2103 2103 2105 2105 2106 2106 2106 2106 2106 2106 -9999 -9999 -9999 -9999 -9999 -9999 -9999 -9999 -9999 2105 2105 2106 2108 2108
-9999 -9999 -9999 -9999 -9999 -9999 -9999 -9999 -9999 -9999 -9999 -9999 -9999 -9999 2112 -9999 -9999 -9999 -9999 -9999 -9999 -9999 -9999 -9999 -9999 -9999 -9999 -9999 -9999 -9999 -9999 -9999 -9999 -9999 -9999 -9999 -9999 -9999 -9999 -9999 -9999 -9999 -9999 -9999 -9999 -9999 -9999 -9999 2108 2108 2107 2107 2107 2106 2106 2105 2105 2105 2105 2105 2106 2107 2107 2107 2107 -9999 -9999 -9999 -9999 -9999 -9999 -9999 -9999 -9999 -9999 -9999 -9999 -9999 -9999 2106 2107 2108
