Data/tmin/PRISM_tmin_pr_1963-1995_normal_450mM1_annual_asc.asc
ncols 557
nrows 164
xllcorner -67.31875000000
yllcorner 17.86875000000
cellsize 0.00416666667
NODATA_value -9999
[rows 36 to 71 of 164, columns 328 to 409 of 557]
2256 2249 2244 2238 2234 2230 2224 2217 2210 2212 2213 2209 2205 2202 2198 2196 2194 2192 2191 2190 2189 2188 2188 2186 2186 2186 2185 2186 2185 2184 2183 2181 2180 2180 2180 2181 2181 2179 2178 2178 2180 2187 2191 2194 2196 2197 2198 2198 -9999 -9999 -9999 -9999 -9999 -9999 2202 -9999 -9999 -9999 -9999 -9999 -9999 -9999 -9999 -9999 -9999 -9999 -9999 -9999 -9999 -9999 -9999 -9999 -9999 -9999 -9999 -9999 -9999 -9999 -9999 2210 2210 -9999
2249 2243 2238 2233 2228 2224 2219 2211 2207 2208 2207 2204 2200 2196 2193 2190 2188 2187 2186 2185 2185 2184 2184 2184 2183 2183 2183 2182 2182 2180 2178 2177 2176 2176 2177 2177 2179 2179 2174 2170 2167 2170 2183 2187 2192 2196 2196 2198 2198 2198 2199 2199 2200 2199 2202 2203 -9999 -9999 -9999 -9999 -9999 -9999 -9999 -9999 -9999 -9999 -9999 -9999 -9999 -9999 -9999 -9999 -9999 -9999 -9999 -9999 -9999 -9999 2210 2210 2210 2210
2240 2236 2231 2227 2223 2219 2213 2209 2204 2203 2202 2198 2195 2192 2188 2185 2182 2181 2180 2181 2180 2180 2180 2179 2181 2181 2180 2178 2177 2175 2175 2173 2174 2174 2173 2174 2175 2175 2173 2164 2156 2156 2159 2170 2180 2191 2195 2196 2197 2197 2198 2198 2198 2199 2199 2203 2203 -9999 -9999 -9999 -9999 -9999 -9999 -9999 -9999 -9999 -9999 -9999 -9999 -9999 -9999 -9999 -9999 2211 -9999 -9999 -9999 2209 2209 2209 2210 2212
2232 2227 2223 2220 2217 2213 2209 2204 2201 2198 2196 2193 2190 2187 2184 2181 2177 2175 2175 2175 2176 2175 2175 2176 2176 2176 2174 2173 2172 2171 2171 2171 2172 2172 2171 2171 2171 2170 2169 2166 2158 2147 2142 2146 2165 2183 2192 2195 2195 2196 2196 2197 2198 2196 2199 2199 2203 2203 -9999 -9999 -9999 -9999 -9999 -9999 -9999 -9999 -9999 -9999 -9999 -9999 -9999 -9999 2209 2210 2210 -9999 2208 2208 2205 2204 2206 2212
2222 2219 2215 2212 2209 2205 2202 2199 2196 2193 2190 2187 2184 2182 2179 2176 2173 2171 2169 2171 2171 2171 2171 2171 2171 2168 2166 2165 2166 2166 2167 2168 2168 2169 2168 2168 2167 2166 2165 2164 2159 2146 2132 2133 2158 2177 2187 2192 2192 2191 2193 2194 2195 2196 2195 2199 2200 2202 2202 2205 2206 -9999 -9999 -9999 2208 -9999 -9999 -9999 -9999 -9999 -9999 2208 2208 2208 2209 2207 2207 2206 2203 2200 2204 2210
2211 2208 2206 2202 2200 2197 2194 2192 2190 2186 2182 2180 2177 2175 2171 2171 2167 2164 2165 2165 2165 2166 2165 2164 2162 2160 2158 2159 2160 2163 2165 2163 2165 2164 2164 2163 2163 2160 2159 2157 2156 2145 2135 2143 2161 2178 2183 2184 2185 2186 2187 2192 2193 2193 2191 2194 2197 2198 2199 2202 2204 2206 2206 2206 2207 2207 -9999 -9999 -9999 -9999 2207 2207 2207 2207 2206 2206 2206 2206 2205 2205 2208 2213
2197 2192 2191 2189 2189 2186 2186 2184 2181 2175 2173 2172 2170 2167 2165 2159 2158 2157 2157 2156 2158 2158 2157 2154 2152 2150 2151 2152 2156 2158 2158 2158 2158 2158 2155 2159 2154 2152 2152 2151 2152 2153 2152 2158 2173 2177 2175 2174 2176 2178 2185 2189 2191 2187 2183 2189 2194 2196 2197 2198 2200 2202 2204 2205 2205 2206 2207 2207 2207 2206 2206 2207 2205 2204 2204 2205 2205 2205 2205 2208 2211 2213
2176 2171 2171 2171 2173 2174 2174 2173 2171 2167 2165 2166 2163 2161 2156 2152 2146 2147 2148 2148 2147 2149 2150 2146 2144 2142 2141 2146 2150 2151 2149 2149 2151 2149 2150 2148 2144 2137 2137 2143 2151 2157 2163 2169 2172 2172 2168 2163 2162 2167 2176 2183 2188 2183 2179 2187 2194 2195 2196 2197 2195 2199 2201 2202 2203 2204 2206 2205 2205 2204 2204 2204 2203 2202 2202 2202 2202 2200 2205 2208 2211 2213
2153 2147 2147 2146 2151 2153 2156 2157 2158 2155 2158 2156 2154 2154 2152 2146 2138 2137 2138 2134 2133 2136 2134 2136 2135 2133 2133 2137 2144 2143 2139 2139 2144 2146 2142 2145 2131 2114 2114 2125 2137 2151 2158 2165 2166 2165 2161 2156 2148 2145 2150 2172 2180 2179 2178 2189 2190 2191 2193 2196 2197 2196 2196 2194 2197 2200 2203 2202 2203 2203 2202 2199 2197 2199 2198 2200 2194 2192 2202 2210 2212 2213
2134 2130 2124 2122 2125 2130 2133 2138 2141 2142 2140 2141 2143 2144 2144 2138 2128 2124 2122 2119 2118 2118 2122 2124 2129 2127 2128 2132 2136 2133 2128 2131 2137 2138 2139 2135 2124 2104 2092 2096 2114 2127 2145 2156 2158 2152 2155 2150 2141 2126 2138 2154 2171 2173 2179 2184 2187 2184 2187 2195 2197 2194 2190 2185 2188 2196 2195 2196 2199 2200 2198 2195 2191 2190 2195 2191 2185 2182 2199 2209 2212 2213
2122 2112 2105 2097 2098 2103 2112 2117 2127 2121 2121 2126 2131 2130 2125 2118 2110 2106 2104 2101 2102 2106 2105 2115 2118 2120 2120 2127 2129 2125 2124 2126 2130 2137 2132 2131 2125 2098 2078 2073 2084 2107 2133 2152 2150 2149 2143 2144 2144 2142 2142 2158 2165 2169 2175 2183 2180 2180 2183 2191 2195 2194 2184 2181 2184 2183 2183 2187 2194 2197 2196 2190 2187 2185 2188 2188 2184 2188 2201 2211 2212 -9999
2104 2094 2082 2074 2075 2081 2094 2107 2108 2105 2100 2106 2115 2113 2104 2097 2091 2086 2082 2081 2088 2089 2093 2100 2107 2105 2112 2117 2116 2113 2118 2115 2116 2121 2121 2116 2107 2087 2056 2045 2054 2083 2118 2140 2144 2140 2137 2128 2129 2142 2150 2155 2163 2170 2177 2176 2179 2181 2183 2192 2193 2188 2185 2181 2180 2175 2173 2180 2191 2194 2192 2190 2181 2176 2183 2189 2193 2198 2210 2211 -9999 -9999
2083 2076 2056 2055 2053 2063 2085 2097 2103 2095 2089 2089 2099 2104 2101 2090 2078 2069 2062 2067 2075 2076 2076 2086 2091 2095 2100 2104 2094 2092 2100 2096 2095 2101 2102 2097 2092 2068 2038 2014 2016 2045 2092 2117 2124 2132 2133 2121 2119 2120 2135 2145 2155 2169 2169 2171 2176 2180 2183 2186 2185 2178 2175 2178 2179 2174 2173 2182 2189 2192 2191 2186 2173 2172 2185 2194 2203 2209 2210 -9999 -9999 -9999
2069 2060 2047 2034 2035 2045 2074 2089 2091 2088 2085 2077 2076 2092 2093 2084 2069 2054 2048 2052 2061 2056 2054 2066 2074 2081 2086 2082 2070 2071 2075 2069 2062 2072 2078 2074 2070 2052 2020 1988 1976 1997 2050 2085 2094 2106 2123 2128 2111 2107 2112 2128 2148 2156 2159 2164 2168 2171 2168 2170 2164 2164 2169 2171 2174 2172 2173 2181 2183 2188 2189 2178 2171 2172 2189 2198 2204 2208 2209 -9999 -9999 -9999
2052 2048 2040 2028 2017 2030 2059 2070 2069 2073 2076 2064 2056 2068 2081 2079 2061 2044 2034 2039 2043 2031 2029 2043 2052 2060 2063 2057 2049 2052 2056 2032 2021 2027 2037 2035 2034 2027 2001 1969 1942 1952 1993 2035 2056 2071 2105 2122 2107 2085 2087 2109 2131 2139 2143 2149 2152 2149 2142 2133 2139 2147 2159 2157 2160 2164 2168 2171 2179 2183 2182 2178 2172 2181 2192 2195 2200 2206 2209 2210 -9999 -9999
2028 2039 2036 2021 2003 2010 2031 2044 2045 2053 2065 2054 2041 2041 2060 2062 2048 2024 2011 2020 2024 2008 2002 2012 2026 2033 2031 2026 2021 2032 2030 2005 1979 1974 1978 1976 1974 1974 1964 1937 1915 1909 1935 1976 2008 2045 2082 2107 2090 2066 2072 2088 2120 2129 2127 2131 2126 2118 2104 2099 2109 2130 2147 2135 2142 2154 2161 2160 2171 2181 2184 2181 2182 2189 2193 2193 2197 2204 2209 2210 -9999 -9999
2010 2018 2027 2012 1990 1984 2002 2011 2023 2040 2050 2040 2019 2026 2036 2046 2023 1999 1984 1991 1999 1982 1971 1979 1990 1998 1991 1983 1986 1998 2002 1977 1943 1921 1916 1912 1908 1909 1905 1886 1869 1864 1881 1929 1981 2025 2071 2090 2078 2059 2059 2087 2108 2122 2120 2117 2108 2095 2082 2073 2080 2113 2128 2122 2126 2148 2149 2147 2158 2177 2182 2186 2188 2193 2195 2197 2200 2206 2209 2210 -9999 -9999
1991 2000 2012 2006 1987 1979 1981 1996 2012 2029 2034 2019 2005 2005 2028 2024 1996 1966 1950 1951 1960 1953 1946 1946 1959 1965 1951 1940 1940 1958 1966 1948 1910 1875 1862 1857 1849 1843 1844 1834 1810 1808 1831 1888 1949 2003 2048 2075 2076 2062 2072 2082 2105 2109 2107 2096 2097 2091 2082 2066 2071 2095 2124 2115 2119 2140 2145 2147 2157 2172 2182 2185 2189 2192 2195 2199 2202 2206 2208 -9999 -9999 -9999
1970 1985 1995 1990 1972 1961 1966 1975 1996 2015 2017 2009 1992 1998 2012 2001 1964 1929 1904 1903 1908 1911 1916 1920 1931 1939 1918 1900 1897 1909 1921 1908 1881 1847 1823 1812 1797 1788 1789 1782 1776 1771 1802 1863 1926 1975 2017 2047 2057 2049 2056 2068 2086 2096 2087 2079 2079 2075 2068 2060 2064 2097 2125 2121 2111 2126 2147 2152 2163 2171 2181 2187 2188 2190 2194 2197 2202 2206 2208 -9999 -9999 -9999
1950 1973 1975 1961 1945 1930 1933 1947 1966 1985 2002 1998 1986 1980 1994 1984 1942 1898 1870 1854 1858 1865 1878 1892 1905 1914 1896 1872 1862 1865 1871 1862 1843 1822 1798 1780 1761 1742 1741 1745 1752 1770 1796 1863 1923 1969 2007 2020 2029 2016 2014 2029 2051 2071 2062 2055 2058 2052 2051 2051 2073 2110 2140 2139 2129 2139 2153 2168 2168 2174 2182 2186 2187 2188 2190 2190 2200 2206 2209 -9999 -9999 -9999
1946 1955 1953 1928 1905 1897 1903 1922 1947 1972 1984 1993 1970 1961 1970 1966 1919 1880 1847 1833 1830 1832 1849 1864 1882 1890 1879 1864 1846 1843 1840 1829 1814 1793 1771 1750 1728 1709 1700 1723 1755 1778 1816 1859 1911 1956 1972 1978 1973 1964 1974 1990 2020 2036 2030 2018 2028 2032 2039 2056 2085 2123 2153 2161 2154 2159 2168 2176 2178 2180 2184 2186 2186 2187 2184 2182 2193 2204 2209 2210 -9999 -9999
1933 1946 1932 1906 1883 1873 1889 1918 1946 1965 1976 1971 1951 1930 1945 1935 1895 1850 1831 1820 1819 1819 1826 1841 1852 1863 1867 1859 1846 1835 1829 1819 1798 1770 1746 1726 1704 1679 1689 1720 1763 1805 1830 1868 1903 1927 1932 1908 1898 1908 1932 1960 1991 2001 1995 1980 1987 1999 2019 2048 2082 2116 2147 2166 2168 2170 2173 2177 2180 2182 2184 2184 2185 2187 2181 2180 2192 2203 2208 2212 2214 -9999
1919 1924 1919 1894 1874 1862 1884 1919 1948 1962 1965 1953 1925 1902 1916 1922 1870 1833 1812 1811 1815 1818 1822 1825 1833 1839 1852 1853 1840 1831 1823 1813 1793 1764 1737 1726 1707 1692 1706 1746 1781 1808 1845 1870 1897 1914 1899 1859 1836 1848 1879 1911 1933 1956 1955 1954 1963 1984 2018 2050 2090 2115 2147 2166 2174 2177 2177 2179 2181 2181 2182 2184 2184 2183 2181 2181 2192 2201 2209 2214 2217 -9999
1895 1906 1907 1895 1878 1871 1886 1912 1937 1949 1948 1931 1894 1873 1891 1905 1863 1822 1810 1810 1821 1823 1824 1825 1823 1830 1842 1843 1832 1824 1814 1798 1784 1765 1753 1744 1731 1717 1740 1774 1793 1819 1842 1865 1879 1895 1883 1840 1817 1816 1834 1853 1886 1914 1942 1957 1990 2020 2051 2089 2114 2142 2161 2176 2179 2181 2180 2182 2181 2180 2181 2182 2184 2185 2184 2184 2192 2200 2211 2217 2220 -9999
1873 1881 1890 1884 1879 1883 1901 1917 1928 1936 1932 1911 1877 1847 1866 1881 1848 1816 1811 1822 1827 1827 1825 1825 1824 1827 1837 1837 1820 1810 1791 1773 1753 1753 1755 1757 1748 1741 1757 1779 1797 1815 1842 1854 1864 1873 1870 1850 1830 1824 1814 1825 1854 1890 1922 1960 1996 2038 2078 2107 2139 2157 2174 2177 2181 2180 2181 2178 2179 2177 2178 2176 2184 2188 2192 2198 2201 2209 2219 2223 2223 -9999
1855 1863 1866 1859 1853 1867 1900 1917 1926 1926 1924 1911 1874 1847 1851 1858 1839 1823 1824 1830 1835 1829 1825 1822 1818 1822 1829 1820 1806 1786 1763 1735 1728 1720 1743 1755 1757 1756 1775 1788 1789 1811 1838 1846 1847 1849 1863 1861 1861 1854 1837 1830 1839 1873 1909 1951 1998 2040 2087 2123 2148 2166 2174 2175 2175 2175 2168 2171 2168 2171 2173 2177 2180 2188 2193 2208 2216 2223 2228 2227 -9999 -9999
1840 1846 1850 1839 1828 1843 1875 1898 1912 1911 1912 1901 1875 1840 1828 1835 1827 1826 1825 1825 1827 1828 1825 1818 1808 1805 1803 1806 1793 1771 1742 1721 1698 1707 1732 1756 1764 1773 1790 1801 1798 1800 1824 1831 1819 1830 1852 1867 1879 1878 1873 1857 1860 1880 1921 1973 2015 2054 2092 2122 2146 2166 2171 2168 2163 2154 2148 2146 2157 2166 2174 2178 2190 2191 2200 2213 2228 2234 2237 -9999 -9999 -9999
1820 1825 1830 1825 1821 1824 1848 1870 1888 1894 1893 1885 1860 1828 1811 1802 1806 1818 1815 1814 1816 1820 1820 1807 1790 1774 1768 1774 1779 1769 1743 1720 1707 1705 1743 1775 1785 1788 1804 1815 1801 1796 1799 1791 1785 1801 1837 1859 1865 1888 1894 1896 1901 1930 1965 2005 2039 2068 2098 2126 2153 2164 2170 2161 2149 2135 2120 2129 2150 2169 2182 2192 2204 2212 2216 2229 2237 2243 2247 2248 -9999 -9999
1815 1806 1807 1808 1808 1813 1816 1840 1860 1871 1878 1870 1852 1833 1814 1801 1795 1803 1805 1803 1806 1810 1806 1791 1769 1749 1734 1741 1750 1748 1738 1728 1721 1726 1757 1788 1801 1802 1806 1821 1818 1797 1784 1760 1736 1752 1793 1816 1849 1882 1917 1932 1952 1982 2015 2044 2066 2091 2117 2143 2159 2168 2166 2167 2157 2134 2117 2120 2146 2172 2191 2204 2218 2229 2236 2243 2247 2252 2255 2256 2253 -9999
1844 1820 1814 1811 1807 1800 1804 1816 1836 1846 1857 1849 1836 1825 1820 1813 1804 1802 1798 1799 1802 1806 1801 1784 1761 1738 1718 1713 1710 1707 1711 1721 1741 1758 1779 1799 1817 1812 1811 1821 1825 1816 1796 1757 1718 1706 1731 1775 1828 1883 1929 1964 1985 2015 2044 2070 2091 2115 2137 2155 2166 2157 2157 2163 2163 2150 2136 2143 2165 2190 2207 2220 2231 2240 2251 2257 2259 2261 2266 2266 -9999 -9999
1881 1866 1852 1844 1833 1824 1810 1814 1820 1827 1837 1830 1816 1807 1806 1815 1809 1802 1797 1800 1805 1810 1811 1797 1777 1753 1726 1706 1685 1686 1690 1712 1751 1781 1796 1813 1827 1832 1821 1824 1833 1830 1815 1784 1727 1690 1695 1747 1814 1873 1925 1965 2004 2029 2062 2087 2108 2129 2148 2161 2163 2149 2138 2149 2158 2162 2171 2183 2201 2214 2229 2237 2247 2256 2264 2270 2272 2273 2276 2276 2274 -9999
1914 1897 1893 1882 1873 1856 1829 1819 1819 1819 1823 1815 1804 1790 1788 1796 1798 1797 1797 1800 1806 1814 1819 1815 1801 1775 1750 1720 1708 1704 1713 1721 1746 1779 1801 1820 1844 1849 1842 1839 1847 1842 1826 1800 1753 1701 1690 1722 1795 1849 1900 1947 1984 2029 2061 2089 2111 2130 2143 2156 2161 2154 2143 2146 2150 2158 2164 2182 2197 2215 2232 2250 2262 2272 2280 2284 2286 2286 2287 2286 -9999 2277
1927 1922 1914 1909 1898 1873 1843 1827 1832 1822 1816 1806 1791 1780 1771 1779 1784 1789 1793 1800 1807 1815 1824 1829 1822 1807 1781 1761 1745 1757 1758 1745 1746 1754 1786 1820 1848 1868 1867 1860 1857 1842 1824 1810 1778 1740 1729 1751 1789 1841 1892 1942 1991 2029 2069 2095 2115 2129 2136 2141 2154 2159 2162 2161 2160 2155 2155 2164 2185 2210 2239 2260 2276 2286 2291 2295 2296 2296 2295 2291 2286 2281
1934 1932 1927 1920 1910 1889 1859 1853 1856 1846 1828 1815 1802 1786 1781 1776 1775 1785 1793 1800 1810 1818 1827 1834 1838 1835 1819 1793 1787 1796 1805 1791 1761 1760 1774 1807 1848 1880 1897 1897 1881 1852 1822 1813 1794 1789 1798 1815 1835 1858 1907 1958 2003 2043 2071 2096 2117 2128 2129 2135 2139 2154 2167 2174 2172 2173 2167 2178 2204 2227 2252 2273 2284 2293 2300 2302 2303 2302 2299 2295 2289 2282
1936 1936 1934 1931 1925 1912 1894 1887 1889 1871 1857 1845 1831 1823 1805 1790 1778 1788 1789 1798 1809 1821 1826 1831 1853 1863 1849 1825 1809 1824 1835 1827 1814 1803 1816 1834 1857 1896 1924 1937 1923 1873 1838 1819 1814 1818 1857 1887 1905 1922 1954 1997 2027 2053 2079 2102 2123 2136 2145 2144 2149 2150 2162 2173 2185 2187 2184 2198 2215 2236 2257 2277 2291 2300 2304 2307 2307 2306 2302 2298 2292 2287
1936 1937 1934 1936 1935 1930 1921 1912 1911 1899 1886 1874 1867 1848 1836 1808 1801 1806 1806 1811 1829 1836 1844 1853 1876 1891 1878 1849 1838 1839 1847 1840 1835 1850 1868 1890 1913 1933 1960 1977 1957 1908 1860 1847 1839 1864 1892 1931 1968 1988 2012 2034 2051 2072 2095 2119 2141 2155 2169 2178 2167 2159 2160 2179 2197 2204 2197 2194 2208 2230 2254 2279 2294 2304 2308 2309 2310 2307 2304 2299 2294 2288
