Data/tmin/PRISM_tmin_pr_1963-1995_normal_450mM1_01_asc.asc
ncols 557
nrows 164
xllcorner -67.31875000000
yllcorner 17.86875000000
cellsize 0.00416666667
NODATA_value -9999
[rows 0 to 35 of 164, columns 82 to 163 of 557]
-9999 -9999 -9999 -9999 -9999 -9999 -9999 -9999 -9999 -9999 -9999 -9999 -9999 -9999 -9999 -9999 -9999 -9999 -9999 -9999 -9999 -9999 -9999 -9999 -9999 -9999 -9999 -9999 -9999 -9999 -9999 -9999 -9999 -9999 -9999 -9999 -9999 -9999 -9999 -9999 -9999 -9999 -9999 -9999 -9999 -9999 -9999 -9999 -9999 -9999 -9999 -9999 -9999 -9999 -9999 -9999 -9999 -9999 -9999 -9999 -9999 -9999 -9999 -9999 -9999 -9999 -9999 -9999 -9999 -9999 -9999 -9999 -9999 -9999 -9999 -9999 -9999 -9999 -9999 -9999 -9999 -9999
-9999 -9999 -9999 -9999 -9999 -9999 -9999 -9999 -9999 -9999 -9999 -9999 -9999 -9999 -9999 -9999 -9999 -9999 -9999 -9999 -9999 -9999 -9999 -9999 -9999 -9999 -9999 -9999 -9999 -9999 -9999 -9999 -9999 -9999 -9999 -9999 -9999 -9999 -9999 -9999 -9999 -9999 -9999 -9999 -9999 -9999 -9999 -9999 -9999 -9999 -9999 -9999 -9999 -9999 -9999 -9999 -9999 -9999 -9999 -9999 -9999 -9999 -9999 -9999 -9999 -9999 -9999 -9999 -9999 -9999 -9999 -9999 -9999 -9999 -9999 -9999 -9999 -9999 -9999 -9999 -9999 -9999
-9999 -9999 -9999 -9999 -9999 -9999 -9999 -9999 -9999 -9999 -9999 -9999 -9999 -9999 -9999 -9999 -9999 -9999 -9999 -9999 -9999 -9999 -9999 -9999 -9999 -9999 -9999 -9999 -9999 -9999 -9999 -9999 -9999 -9999 -9999 -9999 -9999 -9999 -9999 -9999 -9999 -9999 -9999 -9999 -9999 -9999 -9999 -9999 -9999 -9999 -9999 -9999 -9999 -9999 -9999 -9999 -9999 -9999 -9999 -9999 -9999 -9999 -9999 -9999 -9999 -9999 -9999 -9999 -9999 -9999 -9999 -9999 -9999 -9999 -9999 -9999 -9999 -9999 -9999 -9999 -9999 -9999
-9999 -9999 -9999 -9999 -9999 -9999 -9999 -9999 -9999 -9999 -9999 -9999 -9999 -9999 -9999 -9999 -9999 -9999 -9999 -9999 -9999 -9999 -9999 -9999 -9999 -9999 -9999 -9999 -9999 -9999 -9999 -9999 -9999 -9999 -9999 -9999 -9999 -9999 -9999 -9999 -9999 -9999 -9999 -9999 -9999 -9999 -9999 -9999 -9999 -9999 -9999 -9999 -9999 -9999 -9999 -9999 -9999 -9999 -9999 -9999 -9999 -9999 -9999 -9999 -9999 -9999 -9999 -9999 -9999 -9999 -9999 -9999 -9999 -9999 -9999 -9999 -9999 -9999 -9999 -9999 -9999 -9999
-9999 -9999 -9999 -9999 -9999 -9999 -9999 -9999 -9999 -9999 -9999 -9999 -9999 -9999 -9999 -9999 -9999 -9999 -9999 -9999 -9999 -9999 -9999 -9999 -9999 -9999 -9999 -9999 -9999 -9999 -9999 -9999 -9999 -9999 -9999 -9999 -9999 -9999 -9999 -9999 -9999 -9999 -9999 -9999 -9999 -9999 -9999 -9999 -9999 -9999 -9999 -9999 -9999 -9999 -9999 -9999 -9999 -9999 -9999 -9999 -9999 -9999 -9999 -9999 -9999 -9999 -9999 -9999 -9999 -9999 -9999 -9999 -9999 -9999 -9999 -9999 -9999 -9999 -9999 -9999 -9999 -9999
-9999 -9999 -9999 -9999 -9999 -9999 -9999 -9999 -9999 -9999 -9999 -9999 -9999 -9999 -9999 -9999 -9999 -9999 -9999 -9999 -9999 -9999 -9999 -9999 -9999 -9999 -9999 -9999 -9999 -9999 -9999 -9999 -9999 -9999 -9999 -9999 -9999 -9999 -9999 -9999 -9999 -9999 -9999 -9999 -9999 -9999 -9999 -9999 -9999 -9999 -9999 -9999 -9999 -9999 -9999 -9999 -9999 -9999 -9999 -9999 -9999 -9999 -9999 -9999 -9999 -9999 -9999 -9999 -9999 -9999 -9999 -9999 -9999 -9999 -9999 -9999 -9999 -9999 -9999 -9999 -9999 -9999
-9999 -9999 -9999 -9999 -9999 -9999 -9999 -9999 -9999 -9999 -9999 -9999 -9999 -9999 -9999 -9999 -9999 -9999 -9999 -9999 -9999 -9999 -9999 -9999 -9999 -9999 -9999 -9999 -9999 -9999 -9999 -9999 -9999 -9999 -9999 -9999 -9999 -9999 -9999 -9999 -9999 -9999 -9999 -9999 -9999 -9999 -9999 -9999 -9999 -9999 -9999 -9999 -9999 -9999 -9999 -9999 -9999 -9999 -9999 -9999 -9999 -9999 -9999 -9999 -9999 -9999 -9999 -9999 -9999 -9999 -9999 -9999 -9999 -9999 -9999 -9999 -9999 -9999 -9999 -9999 -9999 -9999
-9999 -9999 -9999 -9999 -9999 -9999 -9999 -9999 -9999 -9999 -9999 -9999 -9999 -9999 -9999 -9999 -9999 -9999 -9999 -9999 -9999 -9999 -9999 -9999 -9999 -9999 -9999 -9999 -9999 -9999 -9999 -9999 -9999 -9999 -9999 -9999 -9999 -9999 -9999 -9999 -9999 -9999 -9999 -9999 -9999 -9999 -9999 -9999 -9999 -9999 -9999 -9999 -9999 -9999 -9999 -9999 -9999 -9999 -9999 -9999 -9999 -9999 -9999 -9999 -9999 -9999 -9999 -9999 -9999 -9999 -9999 -9999 -9999 -9999 -9999 -9999 -9999 -9999 -9999 -9999 -9999 -9999
-9999 -9999 -9999 -9999 -9999 -9999 -9999 -9999 -9999 -9999 -9999 -9999 -9999 -9999 -9999 -9999 -9999 -9999 -9999 -9999 -9999 -9999 -9999 -9999 -9999 -9999 -9999 -9999 -9999 -9999 -9999 -9999 -9999 -9999 -9999 -9999 -9999 -9999 -9999 -9999 -9999 -9999 -9999 -9999 -9999 -9999 -9999 -9999 -9999 -9999 -9999 -9999 -9999 -9999 -9999 -9999 -9999 -9999 -9999 -9999 -9999 -9999 -9999 -9999 -9999 -9999 -9999 -9999 -9999 -9999 -9999 -9999 -9999 -9999 -9999 -9999 -9999 -9999 -9999 -9999 -9999 -9999
-9999 -9999 -9999 -9999 -9999 -9999 -9999 -9999 -9999 -9999 -9999 -9999 -9999 -9999 -9999 -9999 -9999 -9999 -9999 -9999 -9999 -9999 -9999 -9999 -9999 -9999 -9999 -9999 -9999 -9999 -9999 -9999 -9999 -9999 -9999 -9999 -9999 -9999 -9999 -9999 -9999 -9999 -9999 -9999 -9999 -9999 -9999 -9999 -9999 -9999 -9999 -9999 -9999 -9999 -9999 -9999 -9999 -9999 -9999 -9999 -9999 -9999 -9999 -9999 -9999 -9999 -9999 -9999 -9999 -9999 -9999 -9999 -9999 -9999 -9999 -9999 -9999 -9999 -9999 -9999 -9999 -9999
-9999 -9999 -9999 -9999 -9999 -9999 -9999 -9999 -9999 -9999 -9999 -9999 -9999 -9999 -9999 -9999 -9999 -9999 -9999 -9999 -9999 -9999 -9999 -9999 -9999 -9999 -9999 -9999 -9999 -9999 -9999 -9999 -9999 -9999 -9999 -9999 -9999 -9999 -9999 -9999 -9999 -9999 -9999 -9999 -9999 -9999 -9999 -9999 -9999 -9999 -9999 -9999 -9999 -9999 -9999 -9999 -9999 -9999 -9999 -9999 -9999 -9999 -9999 -9999 -9999 -9999 -9999 -9999 -9999 -9999 -9999 -9999 -9999 -9999 -9999 -9999 -9999 -9999 -9999 -9999 -9999 -9999
1944 1939 1935 1934 -9999 -9999 1924 1922 1915 1914 -9999 -9999 -9999 -9999 -9999 -9999 -9999 -9999 -9999 -9999 -9999 -9999 -9999 -9999 -9999 1854 1852 1850 1846 1842 1838 1840 -9999 -9999 -9999 -9999 -9999 1820 1818 1814 1813 1812 1811 1810 1810 1809 1808 1808 -9999 -9999 -9999 -9999 -9999 -9999 -9999 -9999 -9999 -9999 -9999 -9999 -9999 -9999 -9999 -9999 -9999 -9999 -9999 -9999 -9999 -9999 -9999 -9999 -9999 -9999 -9999 -9999 -9999 -9999 -9999 -9999 1819 1820
1955 1951 1948 1945 1947 1939 1931 1925 1925 1920 1920 1917 1915 1915 1915 -9999 -9999 -9999 -9999 1889 1884 1880 1875 1870 1865 1859 1856 1853 1849 1845 1844 1842 1843 1840 1837 1834 1832 1826 1823 1819 1815 1814 1813 1812 1811 1811 1810 1810 1812 1813 -9999 -9999 -9999 -9999 -9999 -9999 -9999 -9999 -9999 -9999 -9999 -9999 -9999 -9999 -9999 -9999 -9999 -9999 -9999 -9999 -9999 -9999 1815 1815 1815 1816 1817 1819 1820 1821 1821 1823
1955 1950 1947 1944 1945 1941 1933 1931 1930 1928 1925 1921 1919 1919 1922 1926 1926 1919 1912 1900 1895 1889 1883 1877 1872 1868 1864 1860 1856 1851 1847 1845 1840 1837 1834 1832 1830 1829 1827 1823 1823 1821 1820 1819 1818 1818 1817 1817 1817 1818 1820 1819 -9999 -9999 -9999 -9999 -9999 -9999 -9999 -9999 -9999 -9999 -9999 -9999 -9999 -9999 1811 -9999 -9999 -9999 1812 1812 1813 1813 1813 1814 1815 1816 1818 1819 1821 1823
1938 1934 1929 1932 1937 1934 1926 1919 1919 1923 1924 1926 1927 1928 1927 1929 1923 1917 1910 1903 1896 1891 1885 1879 1874 1870 1866 1862 1857 1853 1846 1841 1837 1834 1832 1830 1830 1830 1829 1828 1827 1826 1824 1824 1823 1822 1821 1821 1821 1819 1819 1818 1817 1815 -9999 -9999 -9999 -9999 -9999 -9999 -9999 -9999 -9999 -9999 -9999 1809 1810 1810 -9999 1809 1810 1811 1812 1812 1812 1813 1814 1815 1817 1818 1820 1823
1915 1911 1912 1919 1926 1923 1913 1900 1900 1904 1910 1915 1919 1921 1926 1924 1920 1914 1907 1901 1895 1890 1885 1880 1876 1872 1870 1866 1863 1856 1849 1841 1836 1831 1829 1829 1829 1832 1832 1833 1833 1832 1831 1830 1828 1827 1826 1825 1824 1822 1818 1817 1815 1813 1810 1809 1810 1811 1811 1812 1811 1810 1810 1809 1808 1808 1809 1808 1808 1808 1810 1811 1812 1814 1812 1813 1814 1815 1817 1819 1820 1822
1898 1898 1903 1911 1916 1917 1903 1896 1889 1891 1894 1897 1902 1909 1912 1915 1913 1909 1904 1899 1893 1889 1884 1880 1876 1874 1872 1870 1867 1862 1855 1849 1842 1835 1832 1830 1831 1832 1835 1837 1838 1838 1837 1835 1833 1831 1829 1828 1828 1825 1822 1819 1816 1812 1809 1807 1807 1807 1808 1808 1809 1809 1808 1810 1810 1810 1809 1809 1808 1807 1811 1811 1816 1815 1812 1810 1812 1814 1815 1816 1818 1820
1896 1898 1904 1910 1914 1910 1904 1891 1890 1889 1889 1891 1894 1895 1899 1900 1903 1903 1900 1896 1892 1888 1884 1881 1879 1877 1876 1873 1870 1868 1863 1858 1850 1843 1838 1837 1834 1835 1836 1838 1840 1841 1840 1838 1836 1834 1833 1832 1831 1830 1827 1826 1823 1818 1814 1810 1809 1807 1806 1807 1807 1809 1811 1814 1817 1816 1816 1815 1812 1813 1812 1815 1816 1817 1813 1810 1811 1813 1814 1814 1815 1817
1900 1903 1909 1914 1911 1908 1898 1892 1890 1890 1890 1891 1893 1895 1895 1895 1897 1899 1894 1891 1888 1886 1884 1882 1879 1878 1876 1873 1871 1870 1868 1862 1855 1847 1842 1834 1836 1835 1838 1841 1843 1844 1843 1840 1838 1837 1835 1834 1832 1830 1830 1830 1829 1827 1824 1824 1820 1815 1813 1810 1809 1809 1810 1817 1817 1815 1814 1814 1817 1815 1818 1816 1818 1819 1815 1811 1811 1814 1815 1815 1815 1816
1897 1900 1901 1899 1898 1894 1891 1889 1889 1889 1889 1890 1891 1893 1893 1891 1893 1892 1891 1888 1886 1885 1883 1882 1881 1880 1879 1876 1873 1872 1870 1866 1860 1854 1841 1838 1836 1840 1844 1848 1848 1848 1847 1843 1840 1836 1833 1832 1830 1829 1829 1829 1828 1828 1831 1832 1830 1825 1819 1813 1807 1805 1808 1810 1813 1809 1806 1810 1811 1817 1817 1818 1818 1818 1817 1810 1809 1811 1813 1813 1814 1816
1884 1884 1882 1891 1888 1891 1888 1889 1889 1889 1890 1890 1889 1889 1889 1888 1887 1890 1887 1886 1885 1884 1883 1883 1883 1884 1883 1882 1879 1877 1876 1873 1867 1860 1850 1844 1846 1847 1851 1852 1852 1852 1850 1846 1842 1837 1834 1833 1832 1832 1832 1830 1828 1827 1828 1831 1830 1825 1819 1811 1805 1803 1802 1809 1810 1809 1809 1807 1812 1811 1817 1817 1818 1819 1817 1810 1808 1810 1811 1812 1815 1818
1871 1873 1881 1881 1888 1884 1884 1885 1886 1889 1889 1889 1887 1886 1886 1885 1886 1885 1887 1885 1884 1883 1883 1883 1883 1883 1883 1881 1880 1877 1876 1872 1868 1862 1854 1850 1848 1853 1854 1854 1853 1853 1851 1848 1843 1839 1837 1836 1837 1838 1837 1835 1832 1830 1827 1827 1825 1821 1816 1811 1804 1803 1805 1808 1811 1811 1811 1811 1807 1812 1814 1817 1817 1816 1814 1810 1809 1811 1813 1813 1817 1821
1868 1874 1877 1883 1880 1881 1881 1882 1885 1887 1889 1889 1888 1888 1887 1886 1882 1884 1886 1885 1885 1883 1883 1882 1881 1882 1881 1881 1879 1877 1874 1869 1865 1862 1854 1848 1844 1847 1851 1851 1851 1851 1850 1847 1844 1841 1838 1837 1838 1840 1839 1838 1836 1833 1829 1826 1825 1825 1823 1819 1809 1804 1806 1809 1811 1811 1809 1809 1811 1810 1813 1814 1813 1811 1810 1809 1812 1813 1815 1817 1820 1824
1863 1867 1875 1878 1876 1879 1878 1881 1883 1886 1887 1887 1887 1887 1888 1885 1883 1883 1884 1885 1883 1883 1882 1883 1880 1880 1879 1878 1877 1875 1872 1870 1865 1862 1856 1848 1840 1845 1847 1846 1847 1847 1845 1844 1841 1838 1836 1834 1835 1837 1837 1837 1837 1836 1834 1831 1832 1832 1833 1826 1813 1806 1805 1807 1808 1808 1807 1807 1808 1808 1809 1808 1808 1808 1809 1812 1813 1815 1816 1818 1823 1825
1860 1865 1876 1877 1881 1879 1880 1880 1881 1884 1884 1884 1884 1883 1883 1883 1881 1881 1882 1879 1880 1879 1880 1879 1877 1874 1873 1871 1869 1868 1869 1868 1865 1861 1855 1850 1845 1848 1848 1847 1845 1844 1843 1841 1839 1836 1833 1832 1832 1833 1833 1834 1835 1837 1838 1838 1839 1839 1836 1830 1816 1807 1805 1805 1805 1805 1805 1805 1806 1807 1807 1808 1809 1809 1810 1812 1814 1814 1815 1817 1821 1822
1860 1865 1870 1876 1877 1879 1876 1877 1879 1884 1885 1885 1884 1883 1882 1881 1881 1881 1880 1878 1877 1876 1875 1876 1872 1870 1868 1866 1864 1863 1861 1862 1858 1859 1859 1855 1852 1853 1853 1849 1846 1844 1845 1842 1839 1836 1833 1832 1832 1832 1833 1832 1833 1834 1836 1839 1838 1839 1836 1832 1818 1809 1806 1805 1804 1804 1805 1806 1805 1806 1808 1809 1811 1811 1813 1814 1814 1816 1815 1816 1818 1818
1864 1866 1871 1873 1877 1875 1868 1867 1872 1878 1882 1882 1881 1880 1879 1878 1880 1880 1878 1877 1875 1873 1872 1870 1868 1865 1863 1861 1859 1857 1855 1853 1855 1855 1856 1851 1849 1851 1848 1845 1841 1841 1841 1841 1841 1833 1829 1828 1830 1831 1831 1830 1828 1829 1830 1828 1829 1832 1832 1829 1817 1807 1806 1806 1804 1805 1805 1806 1806 1806 1808 1811 1813 1815 1815 1816 1817 1816 1816 1816 1816 1816
1864 1866 1874 1872 1875 1873 1868 1867 1869 1868 1869 1868 1867 1866 1865 1866 1871 1872 1872 1872 1872 1870 1867 1864 1861 1859 1857 1854 1851 1846 1846 1845 1844 1846 1843 1842 1843 1845 1843 1840 1836 1832 1833 1833 1829 1824 1816 1816 1820 1821 1819 1818 1815 1812 1813 1810 1812 1819 1823 1822 1816 1807 1806 1806 1805 1805 1806 1807 1807 1808 1809 1811 1813 1813 1813 1814 1814 1814 1813 1813 1813 1812
1857 1863 1865 1866 1864 1865 1866 1871 1870 1865 1860 1859 1857 1855 1853 1854 1853 1855 1855 1858 1862 1862 1859 1855 1852 1848 1846 1842 1837 1833 1831 1832 1833 1833 1835 1833 1841 1836 1832 1832 1831 1829 1826 1823 1822 1813 1809 1807 1808 1807 1802 1800 1797 1796 1792 1793 1792 1800 1804 1812 1808 1807 1807 1806 1805 1806 1807 1808 1808 1809 1811 1811 1812 1811 1812 1811 1811 1809 1808 1807 1806 1806
1857 1858 1862 1858 1858 1858 1858 1862 1861 1854 1853 1852 1850 1847 1845 1841 1841 1838 1837 1841 1841 1843 1841 1838 1835 1833 1828 1822 1816 1813 1814 1812 1815 1815 1822 1825 1832 1825 1821 1822 1823 1821 1820 1817 1812 1807 1800 1797 1795 1787 1782 1780 1780 1775 1774 1772 1774 1778 1784 1791 1795 1794 1801 1806 1806 1806 1807 1808 1807 1808 1808 1808 1807 1807 1806 1804 1802 1800 1799 1797 1796 1796
1860 1859 1858 1857 1856 1855 1854 1853 1851 1854 1848 1846 1844 1841 1838 1836 1833 1831 1828 1824 1823 1822 1822 1816 1818 1817 1812 1802 1796 1793 1790 1788 1789 1796 1798 1807 1816 1811 1806 1809 1807 1806 1803 1802 1797 1790 1786 1782 1777 1774 1765 1764 1763 1760 1755 1755 1755 1758 1766 1770 1770 1778 1789 1802 1805 1805 1805 1805 1805 1804 1804 1800 1796 1793 1790 1785 1782 1783 1786 1785 1781 1782
1861 1860 1858 1857 1854 1853 1851 1849 1852 1855 1846 1840 1837 1834 1831 1828 1824 1822 1817 1811 1807 1806 1802 1798 1800 1801 1796 1785 1775 1773 1767 1764 1771 1775 1783 1785 1797 1801 1793 1790 1789 1785 1785 1782 1780 1772 1767 1766 1765 1759 1760 1757 1754 1751 1746 1746 1743 1744 1746 1748 1756 1761 1780 1795 1803 1804 1804 1804 1803 1803 1800 1784 1776 1770 1764 1760 1758 1762 1768 1768 1765 1764
1866 1863 1860 1855 1854 1851 1848 1845 1848 1850 1840 1830 1827 1824 1819 1815 1811 1807 1801 1796 1788 1785 1781 1777 1779 1780 1775 1765 1757 1750 1745 1745 1750 1759 1762 1767 1782 1785 1780 1771 1767 1766 1764 1764 1759 1753 1752 1749 1746 1746 1744 1744 1741 1738 1737 1740 1739 1735 1738 1741 1744 1757 1775 1781 1786 1799 1803 1804 1803 1803 1792 1768 1748 1744 1740 1735 1736 1741 1749 1754 1753 1752
1868 1859 1851 1848 1841 1844 1841 1838 1836 1837 1827 1821 1817 1811 1802 1799 1794 1789 1782 1774 1769 1760 1760 1756 1756 1758 1755 1748 1740 1734 1729 1729 1735 1739 1746 1747 1756 1769 1759 1748 1743 1744 1744 1742 1738 1735 1732 1732 1727 1722 1727 1726 1725 1722 1723 1724 1725 1730 1735 1739 1741 1752 1751 1751 1751 1767 1791 1798 1800 1801 1784 1748 1733 1723 1719 1721 1724 1731 1737 1743 1744 1743
1851 1843 1839 1831 1831 1830 1835 1831 1823 1818 1811 1806 1798 1792 1780 1776 1772 1767 1758 1753 1745 1740 1734 1737 1738 1735 1734 1727 1719 1716 1712 1714 1722 1728 1726 1732 1738 1749 1749 1733 1724 1721 1725 1721 1718 1712 1713 1708 1704 1706 1705 1707 1708 1705 1701 1701 1703 1710 1726 1733 1732 1731 1738 1720 1718 1739 1758 1780 1791 1789 1769 1735 1719 1715 1714 1714 1720 1724 1728 1732 1734 1739
1838 1833 1828 1824 1818 1821 1827 1825 1816 1807 1801 1794 1787 1773 1763 1757 1753 1746 1742 1735 1729 1718 1715 1717 1718 1718 1710 1705 1697 1697 1701 1706 1714 1718 1715 1711 1717 1733 1738 1722 1711 1711 1708 1705 1698 1691 1687 1683 1682 1684 1687 1689 1689 1685 1681 1677 1678 1689 1709 1711 1709 1708 1705 1702 1703 1713 1735 1756 1780 1782 1757 1719 1708 1709 1709 1716 1714 1718 1720 1725 1731 1733
