Data/tmin/PRISM_tmin_pr_1963-1995_normal_450mM1_12_asc.asc
ncols 557
nrows 164
xllcorner -67.31875000000
yllcorner 17.86875000000
cellsize 0.00416666667
NODATA_value -9999
[rows 0 to 35 of 164, columns 164 to 245 of 557]
-9999 -9999 -9999 -9999 -9999 -9999 -9999 -9999 -9999 -9999 -9999 -9999 -9999 -9999 -9999 -9999 -9999 -9999 -9999 -9999 -9999 -9999 -9999 -9999 -9999 -9999 -9999 -9999 -9999 -9999 -9999 -9999 -9999 -9999 -9999 -9999 -9999 -9999 -9999 -9999 -9999 -9999 -9999 -9999 -9999 -9999 -9999 -9999 -9999 -9999 -9999 -9999 -9999 -9999 -9999 -9999 -9999 -9999 -9999 -9999 -9999 -9999 -9999 -9999 -9999 -9999 -9999 -9999 -9999 -9999 -9999 -9999 -9999 -9999 -9999 -9999 -9999 -9999 -9999 -9999 -9999 -9999
-9999 -9999 -9999 -9999 -9999 -9999 -9999 -9999 -9999 -9999 -9999 -9999 -9999 -9999 -9999 -9999 -9999 -9999 -9999 -9999 -9999 -9999 -9999 -9999 -9999 -9999 -9999 -9999 -9999 -9999 -9999 -9999 -9999 -9999 -9999 -9999 -9999 -9999 -9999 -9999 -9999 -9999 -9999 -9999 -9999 -9999 -9999 -9999 -9999 -9999 -9999 -9999 -9999 -9999 -9999 -9999 -9999 -9999 -9999 -9999 -9999 -9999 -9999 -9999 -9999 -9999 -9999 -9999 -9999 -9999 -9999 -9999 -9999 -9999 -9999 -9999 -9999 -9999 -9999 -9999 -9999 -9999
-9999 -9999 -9999 -9999 -9999 -9999 -9999 -9999 -9999 -9999 -9999 -9999 -9999 -9999 -9999 -9999 -9999 -9999 -9999 -9999 -9999 -9999 -9999 -9999 -9999 -9999 -9999 -9999 -9999 -9999 -9999 -9999 -9999 -9999 -9999 -9999 -9999 -9999 -9999 -9999 -9999 -9999 -9999 -9999 -9999 -9999 -9999 -9999 -9999 -9999 -9999 -9999 -9999 -9999 -9999 -9999 -9999 -9999 -9999 -9999 -9999 -9999 -9999 -9999 -9999 -9999 -9999 -9999 -9999 -9999 -9999 -9999 -9999 -9999 -9999 -9999 -9999 -9999 -9999 -9999 -9999 -9999
-9999 -9999 -9999 -9999 -9999 -9999 -9999 -9999 -9999 -9999 -9999 -9999 -9999 -9999 -9999 -9999 -9999 -9999 -9999 -9999 -9999 -9999 -9999 -9999 -9999 -9999 -9999 -9999 -9999 -9999 -9999 -9999 -9999 -9999 -9999 -9999 -9999 -9999 -9999 -9999 -9999 -9999 -9999 -9999 -9999 -9999 -9999 -9999 -9999 -9999 -9999 -9999 -9999 -9999 -9999 -9999 -9999 -9999 -9999 -9999 -9999 -9999 -9999 -9999 -9999 -9999 -9999 -9999 -9999 -9999 -9999 -9999 -9999 -9999 -9999 -9999 -9999 -9999 -9999 -9999 -9999 -9999
-9999 -9999 -9999 -9999 -9999 -9999 -9999 -9999 -9999 -9999 -9999 -9999 -9999 -9999 -9999 -9999 -9999 -9999 -9999 -9999 -9999 -9999 -9999 -9999 -9999 -9999 -9999 -9999 -9999 -9999 -9999 -9999 -9999 -9999 -9999 -9999 -9999 -9999 -9999 -9999 -9999 -9999 -9999 -9999 -9999 -9999 -9999 -9999 -9999 -9999 -9999 -9999 -9999 -9999 -9999 -9999 -9999 -9999 -9999 -9999 -9999 -9999 -9999 -9999 -9999 -9999 -9999 -9999 -9999 -9999 -9999 -9999 -9999 -9999 -9999 -9999 -9999 -9999 -9999 -9999 -9999 -9999
-9999 -9999 -9999 -9999 -9999 -9999 -9999 -9999 -9999 -9999 -9999 -9999 -9999 -9999 -9999 -9999 -9999 -9999 -9999 -9999 -9999 -9999 -9999 -9999 -9999 -9999 -9999 -9999 -9999 -9999 -9999 -9999 -9999 -9999 -9999 -9999 -9999 -9999 -9999 -9999 -9999 -9999 -9999 -9999 -9999 -9999 -9999 -9999 -9999 -9999 -9999 -9999 -9999 -9999 -9999 -9999 -9999 -9999 -9999 -9999 -9999 -9999 -9999 -9999 -9999 -9999 -9999 -9999 -9999 -9999 -9999 -9999 -9999 -9999 -9999 -9999 -9999 -9999 -9999 -9999 -9999 -9999
-9999 -9999 -9999 -9999 -9999 -9999 -9999 -9999 -9999 -9999 -9999 -9999 -9999 -9999 -9999 -9999 -9999 -9999 -9999 -9999 -9999 -9999 -9999 -9999 -9999 -9999 -9999 -9999 -9999 -9999 -9999 -9999 -9999 -9999 -9999 -9999 -9999 -9999 -9999 -9999 -9999 -9999 -9999 -9999 -9999 -9999 -9999 -9999 -9999 -9999 -9999 -9999 -9999 -9999 -9999 -9999 -9999 -9999 -9999 -9999 -9999 -9999 -9999 -9999 -9999 -9999 -9999 -9999 -9999 -9999 -9999 -9999 -9999 -9999 -9999 -9999 -9999 -9999 -9999 -9999 -9999 -9999
-9999 -9999 -9999 -9999 -9999 -9999 -9999 -9999 -9999 -9999 -9999 -9999 -9999 -9999 -9999 -9999 -9999 -9999 -9999 -9999 -9999 -9999 -9999 -9999 -9999 -9999 -9999 -9999 -9999 -9999 -9999 -9999 -9999 -9999 -9999 -9999 -9999 -9999 -9999 -9999 -9999 -9999 -9999 -9999 -9999 -9999 -9999 -9999 -9999 -9999 -9999 -9999 -9999 -9999 -9999 -9999 -9999 -9999 -9999 -9999 -9999 -9999 -9999 -9999 -9999 -9999 -9999 -9999 -9999 -9999 -9999 -9999 -9999 -9999 -9999 -9999 -9999 -9999 -9999 -9999 -9999 -9999
-9999 -9999 -9999 -9999 -9999 -9999 -9999 -9999 -9999 -9999 -9999 -9999 -9999 -9999 -9999 -9999 -9999 -9999 -9999 -9999 -9999 -9999 -9999 -9999 -9999 -9999 -9999 -9999 -9999 -9999 -9999 -9999 -9999 -9999 -9999 -9999 -9999 -9999 -9999 -9999 -9999 -9999 -9999 -9999 -9999 -9999 -9999 -9999 -9999 -9999 -9999 -9999 -9999 -9999 -9999 -9999 -9999 -9999 -9999 -9999 -9999 -9999 -9999 -9999 -9999 -9999 -9999 -9999 -9999 -9999 -9999 -9999 -9999 -9999 -9999 -9999 -9999 -9999 -9999 -9999 -9999 -9999
-9999 -9999 -9999 -9999 -9999 -9999 -9999 -9999 -9999 -9999 -9999 -9999 -9999 -9999 -9999 -9999 -9999 -9999 -9999 -9999 -9999 -9999 -9999 -9999 -9999 -9999 -9999 -9999 -9999 -9999 -9999 -9999 -9999 -9999 -9999 -9999 -9999 -9999 -9999 -9999 -9999 -9999 -9999 -9999 -9999 -9999 -9999 -9999 -9999 -9999 -9999 -9999 -9999 -9999 -9999 -9999 -9999 -9999 -9999 -9999 -9999 -9999 -9999 -9999 -9999 -9999 -9999 -9999 -9999 -9999 -9999 -9999 -9999 -9999 -9999 -9999 -9999 -9999 -9999 -9999 -9999 -9999
-9999 -9999 -9999 -9999 -9999 -9999 -9999 -9999 -9999 -9999 -9999 -9999 -9999 -9999 -9999 -9999 -9999 -9999 -9999 -9999 -9999 -9999 -9999 -9999 -9999 -9999 -9999 -9999 -9999 -9999 -9999 -9999 -9999 -9999 -9999 -9999 -9999 -9999 -9999 -9999 -9999 -9999 -9999 -9999 -9999 -9999 -9999 -9999 -9999 -9999 -9999 -9999 -9999 -9999 -9999 -9999 -9999 -9999 -9999 -9999 -9999 -9999 -9999 -9999 -9999 -9999 -9999 -9999 -9999 -9999 -9999 -9999 -9999 -9999 -9999 -9999 -9999 -9999 -9999 -9999 -9999 -9999
1890 1891 1892 1895 1897 1901 1905 -9999 -9999 -9999 -9999 -9999 -9999 -9999 -9999 -9999 -9999 -9999 -9999 -9999 -9999 -9999 -9999 -9999 -9999 -9999 -9999 -9999 -9999 -9999 -9999 -9999 -9999 -9999 -9999 -9999 -9999 -9999 -9999 -9999 -9999 -9999 -9999 -9999 -9999 -9999 -9999 -9999 -9999 -9999 -9999 -9999 -9999 1977 -9999 -9999 1975 1975 -9999 -9999 -9999 -9999 -9999 -9999 -9999 -9999 -9999 -9999 -9999 -9999 -9999 -9999 -9999 -9999 -9999 -9999 -9999 -9999 -9999 -9999 -9999 -9999
1893 1894 1896 1898 1902 1907 1911 1915 1915 1916 1920 -9999 -9999 -9999 -9999 1948 1950 1953 1956 1959 1961 -9999 -9999 -9999 -9999 -9999 -9999 -9999 -9999 -9999 -9999 -9999 -9999 -9999 -9999 -9999 -9999 -9999 -9999 -9999 -9999 -9999 -9999 -9999 -9999 -9999 -9999 1987 1988 1988 1988 1988 1986 1981 1980 1980 1978 1978 1978 1979 -9999 1981 1980 1981 1983 1984 1982 1983 -9999 -9999 -9999 -9999 -9999 -9999 -9999 -9999 -9999 -9999 -9999 -9999 -9999 -9999
1893 1895 1898 1899 1903 1907 1912 1915 1917 1922 1926 1933 1936 1939 1941 1944 1947 1950 1953 1957 1960 1962 1965 1968 1971 1974 1977 1979 -9999 -9999 -9999 -9999 -9999 -9999 -9999 -9999 -9999 -9999 -9999 -9999 -9999 -9999 -9999 -9999 -9999 -9999 1988 1988 1988 1988 1989 1989 1989 1987 1987 1987 1986 1986 1987 1987 1990 1988 1988 1989 1990 1989 1988 1988 1993 1996 1996 1996 1996 1996 -9999 -9999 -9999 -9999 -9999 -9999 -9999 -9999
1894 1896 1897 1900 1901 1906 1909 1913 1916 1922 1926 1930 1934 1937 1940 1941 1945 1948 1951 1953 1956 1960 1963 1966 1969 1973 1976 1980 1983 1987 1989 -9999 -9999 -9999 -9999 -9999 -9999 -9999 -9999 -9999 -9999 -9999 -9999 -9999 -9999 1989 1989 1988 1988 1988 1988 1990 1989 1989 1989 1990 1989 1990 1990 1991 1991 1991 1990 1991 1992 1993 1991 1991 1994 1995 1995 1995 1995 1995 1995 -9999 -9999 -9999 -9999 -9999 -9999 -9999
1893 1895 1896 1895 1898 1900 1905 1908 1914 1920 1924 1927 1930 1933 1935 1937 1940 1944 1946 1950 1951 1955 1959 1963 1966 1969 1973 1976 1982 1985 1989 1993 1995 1999 1993 1991 -9999 -9999 -9999 -9999 -9999 -9999 -9999 -9999 1987 1988 1986 1984 1983 1983 1985 1986 1987 1986 1987 1987 1987 1987 1989 1990 1990 1989 1988 1988 1989 1989 1990 1991 1992 1994 1994 1992 1992 1992 1994 1994 1994 1995 1997 1998 1997 1996
1891 1893 1893 1893 1894 1897 1900 1904 1910 1917 1922 1924 1927 1930 1932 1933 1937 1940 1944 1945 1947 1950 1954 1958 1961 1963 1966 1971 1977 1984 1987 1991 1994 1994 1994 1985 1985 1986 1986 1987 1987 1987 1987 1987 1987 1985 1983 1980 1980 1981 1983 1985 1985 1986 1986 1986 1985 1987 1988 1989 1990 1989 1988 1988 1988 1988 1988 1988 1989 1991 1991 1988 1985 1987 1991 1993 1993 1993 1994 1993 1993 1993
1889 1891 1891 1892 1894 1897 1900 1903 1907 1913 1917 1921 1924 1928 1931 1932 1936 1939 1942 1945 1946 1949 1952 1956 1958 1960 1962 1966 1973 1979 1983 1988 1989 1994 1991 1989 1984 1984 1985 1985 1986 1986 1986 1986 1985 1983 1981 1979 1980 1982 1984 1985 1986 1986 1987 1987 1987 1987 1988 1989 1989 1988 1987 1987 1988 1988 1988 1988 1989 1990 1991 1987 1983 1985 1991 1992 1992 1992 1992 1991 1991 1991
1887 1889 1890 1892 1894 1897 1900 1904 1908 1912 1916 1920 1924 1927 1930 1933 1935 1938 1941 1944 1946 1949 1952 1955 1958 1960 1963 1967 1972 1977 1981 1979 1980 1983 1986 1984 1981 1979 1981 1982 1983 1984 1984 1984 1982 1981 1980 1980 1980 1982 1984 1982 1983 1986 1986 1986 1986 1987 1988 1988 1988 1987 1986 1987 1987 1988 1988 1988 1988 1989 1988 1985 1981 1983 1988 1991 1990 1990 1990 1989 1988 1988
1887 1889 1891 1892 1894 1897 1900 1904 1908 1913 1917 1920 1923 1926 1929 1932 1934 1937 1940 1943 1945 1949 1951 1954 1958 1961 1964 1968 1973 1977 1977 1978 1974 1975 1976 1975 1972 1969 1973 1977 1979 1980 1981 1980 1980 1979 1979 1979 1979 1981 1980 1978 1979 1982 1985 1985 1986 1986 1986 1987 1986 1986 1986 1986 1986 1986 1986 1987 1986 1986 1985 1983 1981 1982 1988 1989 1989 1988 1988 1985 1984 1983
1890 1892 1894 1895 1896 1900 1903 1906 1910 1915 1918 1921 1924 1926 1928 1931 1934 1936 1939 1941 1944 1947 1951 1954 1957 1961 1964 1968 1972 1976 1980 1979 1980 1981 1979 1980 1973 1972 1972 1976 1978 1979 1979 1978 1978 1978 1978 1978 1979 1979 1979 1977 1978 1982 1983 1984 1984 1985 1986 1986 1986 1985 1985 1985 1984 1984 1985 1985 1984 1983 1983 1983 1982 1985 1987 1990 1989 1989 1988 1987 1983 1981
1895 1900 1900 1900 1902 1905 1908 1910 1913 1915 1918 1920 1923 1925 1928 1930 1933 1935 1937 1940 1943 1947 1950 1954 1957 1961 1964 1968 1971 1974 1975 1974 1973 1973 1973 1971 1971 1969 1971 1974 1977 1977 1977 1977 1977 1976 1977 1977 1977 1977 1977 1977 1978 1980 1981 1983 1983 1983 1984 1985 1985 1985 1984 1984 1983 1983 1983 1982 1982 1983 1984 1986 1986 1987 1988 1989 1989 1989 1988 1987 1986 1983
1902 1904 1907 1905 1904 1907 1909 1910 1912 1913 1915 1917 1920 1923 1925 1927 1930 1932 1935 1939 1942 1946 1950 1954 1957 1961 1964 1965 1967 1968 1964 1959 1956 1959 1960 1961 1965 1967 1969 1972 1972 1971 1971 1972 1972 1974 1975 1975 1975 1975 1974 1975 1975 1975 1978 1980 1981 1981 1982 1983 1984 1984 1983 1983 1983 1983 1983 1982 1982 1983 1986 1986 1987 1986 1987 1988 1988 1988 1988 1988 1987 1986
1904 1906 1905 1906 1905 1907 1908 1909 1910 1911 1913 1915 1918 1920 1923 1926 1928 1930 1933 1937 1940 1945 1948 1953 1957 1960 1962 1963 1966 1967 1965 1958 1957 1961 1960 1964 1965 1967 1966 1966 1964 1961 1961 1962 1965 1967 1971 1971 1970 1971 1972 1972 1970 1971 1974 1978 1979 1979 1980 1981 1982 1982 1982 1982 1982 1983 1982 1982 1981 1983 1984 1985 1985 1983 1983 1981 1981 1982 1985 1985 1986 1984
1899 1898 1899 1902 1904 1905 1906 1906 1907 1908 1910 1912 1914 1917 1920 1924 1926 1927 1930 1934 1937 1940 1946 1951 1956 1960 1961 1963 1966 1967 1962 1961 1960 1956 1957 1954 1956 1955 1955 1959 1959 1959 1960 1961 1961 1965 1967 1966 1966 1967 1969 1968 1966 1968 1971 1973 1974 1976 1978 1979 1980 1980 1978 1982 1981 1981 1981 1978 1979 1980 1981 1981 1979 1977 1973 1969 1965 1967 1970 1973 1975 1976
1894 1893 1896 1900 1902 1902 1902 1903 1903 1904 1906 1909 1911 1913 1916 1919 1922 1923 1927 1932 1935 1941 1946 1952 1955 1959 1962 1964 1965 1962 1959 1959 1957 1953 1945 1942 1942 1942 1945 1948 1952 1954 1955 1956 1958 1958 1961 1960 1960 1962 1963 1962 1959 1959 1963 1963 1962 1964 1967 1971 1973 1971 1973 1978 1980 1977 1975 1972 1971 1971 1971 1969 1967 1963 1962 1956 1954 1955 1956 1957 1958 1965
1892 1892 1894 1897 1899 1898 1898 1898 1899 1900 1903 1905 1908 1910 1913 1914 1917 1919 1923 1928 1934 1941 1946 1951 1954 1957 1960 1963 1965 1964 1964 1968 1966 1959 1949 1944 1943 1944 1945 1947 1948 1949 1950 1950 1950 1950 1951 1951 1953 1953 1954 1949 1943 1942 1947 1948 1946 1946 1950 1954 1959 1965 1968 1976 1979 1974 1966 1962 1962 1962 1958 1957 1955 1954 1953 1953 1953 1954 1955 1953 1957 1960
1893 1892 1891 1892 1893 1894 1893 1894 1895 1898 1900 1903 1906 1909 1911 1912 1915 1918 1922 1926 1932 1938 1943 1947 1951 1954 1956 1958 1961 1964 1966 1969 1968 1965 1959 1952 1952 1952 1949 1946 1946 1944 1942 1939 1938 1936 1937 1939 1940 1943 1942 1938 1931 1931 1935 1938 1940 1940 1943 1948 1959 1965 1968 1974 1974 1971 1961 1958 1960 1960 1956 1951 1948 1946 1947 1950 1953 1956 1957 1959 1959 1960
1889 1888 1887 1887 1888 1889 1889 1890 1893 1896 1899 1901 1904 1907 1909 1911 1914 1917 1921 1924 1927 1932 1934 1938 1944 1946 1951 1953 1955 1959 1962 1964 1964 1966 1962 1957 1953 1949 1944 1942 1939 1937 1933 1930 1930 1930 1931 1932 1935 1936 1936 1933 1930 1930 1932 1936 1937 1939 1941 1949 1958 1961 1960 1961 1969 1967 1967 1963 1967 1971 1964 1955 1949 1945 1945 1948 1950 1953 1958 1961 1965 1965
1881 1881 1879 1881 1880 1883 1885 1888 1891 1893 1897 1898 1901 1904 1907 1910 1913 1916 1918 1920 1920 1921 1922 1926 1929 1935 1942 1949 1953 1955 1958 1960 1962 1964 1961 1951 1943 1938 1935 1934 1935 1935 1933 1931 1931 1931 1931 1931 1931 1931 1931 1930 1929 1931 1933 1934 1937 1938 1941 1946 1951 1955 1948 1950 1953 1959 1956 1958 1964 1970 1967 1959 1950 1945 1945 1945 1947 1951 1955 1960 1964 1966
1871 1868 1869 1868 1871 1875 1881 1885 1888 1891 1893 1895 1898 1902 1904 1908 1910 1913 1915 1914 1914 1916 1919 1920 1923 1924 1932 1940 1948 1950 1953 1956 1959 1960 1956 1939 1933 1929 1927 1928 1930 1930 1929 1930 1928 1928 1929 1927 1926 1925 1925 1925 1926 1927 1929 1932 1934 1937 1939 1941 1944 1943 1942 1936 1937 1936 1939 1941 1954 1967 1970 1962 1957 1951 1949 1947 1949 1950 1951 1954 1957 1960
1853 1853 1852 1857 1859 1867 1874 1877 1881 1883 1885 1888 1895 1900 1904 1905 1908 1909 1910 1911 1911 1913 1915 1916 1916 1914 1918 1923 1930 1934 1938 1950 1957 1958 1948 1929 1917 1917 1916 1918 1918 1921 1921 1919 1918 1920 1921 1922 1919 1916 1916 1918 1918 1919 1921 1925 1928 1929 1933 1929 1931 1936 1929 1929 1930 1932 1932 1938 1952 1966 1966 1960 1959 1958 1957 1956 1955 1954 1951 1951 1951 1951
1840 1841 1842 1843 1848 1855 1857 1860 1862 1864 1867 1874 1883 1893 1897 1902 1904 1902 1903 1902 1903 1908 1908 1908 1909 1910 1906 1908 1908 1908 1919 1940 1954 1957 1937 1912 1903 1903 1903 1905 1906 1908 1912 1915 1912 1911 1915 1911 1908 1903 1903 1904 1909 1909 1911 1915 1915 1915 1917 1928 1924 1927 1929 1927 1930 1929 1928 1932 1946 1958 1956 1954 1954 1956 1957 1956 1954 1953 1951 1948 1947 1947
1834 1834 1835 1836 1840 1842 1845 1846 1850 1853 1857 1863 1873 1879 1889 1895 1891 1891 1889 1889 1890 1897 1901 1902 1904 1901 1900 1897 1896 1896 1905 1934 1952 1946 1920 1896 1893 1893 1895 1895 1893 1893 1901 1902 1902 1902 1902 1896 1889 1887 1888 1896 1900 1903 1905 1907 1908 1906 1923 1922 1923 1920 1919 1921 1921 1921 1918 1923 1933 1946 1954 1944 1949 1951 1948 1947 1944 1944 1945 1943 1943 1941
1827 1831 1829 1832 1834 1837 1837 1843 1845 1850 1855 1859 1862 1872 1881 1885 1886 1882 1887 1884 1887 1888 1894 1895 1896 1894 1887 1888 1887 1887 1898 1927 1946 1940 1906 1883 1880 1880 1878 1882 1879 1881 1884 1891 1890 1894 1894 1886 1879 1878 1890 1897 1905 1906 1905 1907 1905 1917 1923 1925 1914 1910 1912 1913 1911 1908 1908 1908 1913 1936 1936 1933 1932 1934 1932 1929 1924 1929 1933 1934 1933 1935
1823 1821 1823 1823 1828 1831 1834 1836 1842 1845 1850 1854 1857 1864 1877 1881 1874 1873 1875 1875 1870 1877 1879 1884 1885 1881 1878 1875 1875 1877 1889 1918 1944 1938 1900 1873 1860 1861 1862 1869 1875 1872 1874 1877 1878 1879 1883 1879 1873 1880 1889 1899 1901 1901 1899 1897 1904 1915 1919 1911 1901 1902 1903 1903 1900 1897 1895 1896 1906 1925 1930 1915 1916 1914 1917 1912 1915 1920 1928 1928 1926 1925
