Data/tmin/PRISM_tmin_pr_1963-1995_normal_450mM1_03_asc.asc
ncols 557
nrows 164
xllcorner -67.31875000000
yllcorner 17.86875000000
cellsize 0.00416666667
NODATA_value -9999
[rows 108 to 143 of 164, columns 164 to 245 of 557]
1565 1577 1591 1595 1589 1603 1618 1617 1631 1660 1690 1719 1749 1769 1757 1748 1744 1742 1711 1673 1680 1730 1760 1740 1712 1682 1694 1719 1767 1799 1823 1840 1835 1821 1806 1785 1773 1773 1780 1786 1785 1780 1774 1772 1765 1743 1725 1709 1717 1713 1712 1712 1709 1710 1714 1711 1711 1720 1717 1714 1715 1705 1705 1711 1724 1729 1720 1726 1728 1720 1706 1707 1707 1707 1704 1708 1691 1679 1675 1685 1692 1691
1596 1602 1615 1609 1599 1614 1627 1625 1635 1670 1705 1736 1767 1787 1775 1755 1763 1769 1741 1694 1706 1748 1774 1767 1736 1704 1686 1716 1764 1810 1836 1846 1835 1819 1796 1759 1732 1727 1732 1748 1757 1759 1764 1768 1763 1742 1721 1723 1730 1739 1733 1728 1722 1722 1731 1727 1719 1720 1726 1720 1716 1717 1713 1710 1726 1731 1729 1734 1734 1721 1709 1715 1723 1719 1712 1706 1702 1692 1681 1690 1697 1693
1617 1619 1638 1630 1618 1634 1648 1636 1631 1665 1708 1744 1775 1801 1787 1778 1790 1799 1769 1730 1727 1768 1791 1786 1751 1714 1701 1708 1767 1818 1846 1853 1842 1817 1780 1735 1693 1667 1664 1671 1684 1702 1721 1741 1749 1745 1745 1750 1759 1764 1759 1751 1752 1749 1749 1738 1726 1736 1740 1729 1725 1728 1726 1726 1730 1743 1744 1750 1750 1736 1724 1726 1734 1725 1719 1717 1712 1705 1694 1689 1695 1687
1643 1648 1660 1662 1647 1660 1676 1651 1637 1642 1674 1711 1762 1793 1798 1782 1812 1817 1786 1751 1763 1779 1808 1808 1777 1744 1727 1732 1768 1813 1848 1861 1853 1826 1793 1746 1710 1670 1642 1624 1619 1634 1660 1694 1729 1747 1764 1778 1784 1786 1780 1781 1779 1764 1761 1745 1740 1751 1761 1748 1741 1745 1746 1738 1739 1751 1758 1769 1766 1754 1744 1744 1741 1741 1731 1731 1723 1718 1701 1697 1688 1685
1694 1687 1692 1696 1682 1695 1709 1687 1657 1645 1646 1680 1730 1798 1787 1794 1813 1827 1802 1778 1781 1799 1809 1825 1800 1776 1760 1748 1772 1811 1846 1865 1865 1852 1824 1801 1766 1730 1687 1649 1625 1622 1639 1670 1706 1742 1772 1793 1802 1807 1805 1796 1782 1760 1748 1745 1741 1762 1770 1769 1765 1771 1767 1756 1751 1762 1778 1776 1763 1749 1741 1738 1739 1730 1734 1724 1717 1712 1709 1701 1700 1693
1735 1720 1712 1717 1716 1728 1736 1723 1710 1688 1681 1693 1750 1794 1806 1786 1817 1836 1822 1808 1812 1811 1826 1833 1821 1796 1777 1767 1788 1820 1851 1874 1872 1864 1851 1831 1808 1774 1736 1696 1667 1656 1661 1675 1704 1735 1772 1803 1815 1824 1820 1809 1786 1757 1747 1740 1738 1746 1770 1780 1788 1796 1790 1779 1771 1783 1785 1774 1752 1733 1724 1722 1719 1722 1720 1719 1710 1706 1704 1706 1701 1695
1761 1739 1725 1739 1745 1753 1767 1762 1756 1748 1737 1755 1786 1826 1808 1802 1816 1834 1840 1833 1837 1841 1843 1853 1839 1820 1800 1788 1807 1831 1859 1871 1872 1865 1854 1835 1818 1794 1761 1726 1704 1697 1701 1714 1715 1743 1785 1812 1830 1836 1831 1821 1804 1779 1769 1756 1744 1746 1764 1788 1804 1815 1806 1803 1797 1799 1793 1769 1742 1725 1714 1705 1709 1710 1715 1716 1708 1707 1702 1698 1696 1693
1782 1760 1745 1758 1773 1778 1793 1792 1797 1793 1800 1812 1834 1833 1826 1817 1829 1847 1856 1856 1857 1859 1861 1863 1857 1845 1835 1827 1839 1860 1871 1878 1872 1859 1837 1822 1805 1797 1778 1757 1737 1733 1742 1745 1745 1758 1793 1828 1842 1843 1839 1831 1819 1807 1794 1784 1767 1756 1763 1792 1817 1828 1824 1821 1818 1814 1799 1774 1748 1733 1713 1709 1708 1705 1711 1711 1712 1708 1706 1699 1698 1699
1800 1776 1762 1780 1783 1790 1807 1814 1817 1827 1834 1852 1847 1836 1817 1828 1846 1858 1868 1868 1870 1868 1869 1871 1869 1866 1862 1860 1872 1880 1882 1877 1869 1851 1830 1808 1798 1802 1807 1796 1782 1774 1782 1789 1779 1779 1802 1829 1845 1855 1844 1839 1833 1823 1818 1806 1788 1763 1769 1792 1827 1847 1845 1843 1831 1815 1795 1767 1742 1722 1715 1704 1707 1707 1708 1717 1717 1717 1713 1710 1713 1716
1805 1792 1779 1795 1795 1790 1808 1826 1836 1843 1856 1860 1862 1835 1822 1834 1852 1864 1870 1875 1876 1877 1876 1878 1880 1877 1879 1882 1890 1891 1885 1878 1868 1857 1839 1828 1821 1824 1830 1826 1809 1806 1814 1822 1815 1803 1810 1826 1846 1855 1857 1850 1842 1837 1835 1823 1810 1793 1790 1815 1837 1857 1861 1856 1836 1816 1792 1766 1738 1723 1708 1704 1701 1702 1714 1722 1717 1713 1710 1711 1715 1705
1820 1808 1807 1804 1807 1790 1806 1818 1838 1855 1854 1870 1869 1857 1849 1853 1866 1870 1874 1877 1881 1883 1884 1883 1886 1885 1887 1894 1899 1897 1891 1883 1878 1867 1862 1858 1848 1849 1846 1834 1818 1822 1834 1842 1835 1827 1826 1837 1848 1861 1867 1863 1852 1845 1838 1831 1827 1822 1826 1830 1846 1860 1868 1865 1847 1827 1806 1783 1761 1745 1731 1711 1700 1697 1699 1713 1715 1706 1704 1703 1697 1683
1826 1828 1819 1824 1815 1819 1808 1815 1836 1850 1864 1872 1883 1876 1871 1873 1875 1877 1879 1882 1886 1888 1889 1888 1890 1889 1891 1899 1905 1902 1898 1890 1882 1879 1873 1872 1864 1861 1855 1843 1833 1833 1844 1846 1834 1822 1831 1836 1849 1866 1873 1871 1858 1842 1835 1826 1835 1841 1842 1843 1842 1860 1874 1875 1862 1843 1824 1801 1786 1773 1754 1731 1704 1695 1691 1703 1720 1723 1720 1702 1687 1674
1820 1833 1840 1833 1843 1841 1837 1829 1839 1862 1872 1886 1893 1888 1885 1881 1878 1880 1882 1887 1889 1893 1894 1893 1894 1889 1890 1904 1908 1906 1901 1895 1890 1887 1885 1877 1867 1862 1861 1859 1850 1850 1854 1846 1828 1816 1818 1831 1850 1869 1881 1874 1854 1834 1818 1809 1824 1840 1850 1844 1846 1859 1880 1883 1867 1847 1822 1808 1791 1785 1768 1740 1726 1718 1709 1719 1740 1749 1735 1716 1690 1686
1826 1834 1850 1854 1861 1868 1863 1853 1860 1874 1886 1897 1899 1892 1886 1881 1877 1876 1881 1887 1894 1897 1900 1900 1893 1883 1882 1897 1910 1907 1903 1899 1897 1895 1890 1881 1867 1861 1864 1866 1868 1869 1866 1858 1839 1823 1821 1831 1853 1877 1887 1880 1862 1838 1818 1806 1809 1835 1855 1859 1859 1873 1888 1885 1864 1838 1815 1792 1786 1775 1760 1749 1745 1752 1744 1742 1760 1766 1753 1721 1715 1716
1846 1843 1855 1869 1879 1887 1885 1881 1881 1890 1898 1901 1899 1887 1880 1878 1876 1877 1879 1888 1897 1903 1905 1902 1892 1876 1873 1888 1904 1911 1908 1904 1901 1896 1890 1881 1867 1862 1864 1878 1882 1879 1873 1860 1855 1840 1834 1845 1867 1886 1890 1883 1869 1856 1844 1827 1831 1845 1863 1875 1875 1886 1891 1883 1861 1835 1807 1788 1769 1757 1744 1748 1763 1783 1776 1769 1776 1779 1743 1732 1733 1750
1864 1858 1865 1877 1892 1897 1898 1895 1896 1901 1903 1904 1895 1889 1882 1886 1886 1888 1889 1894 1902 1908 1910 1909 1900 1889 1881 1888 1900 1912 1914 1907 1897 1898 1893 1887 1875 1864 1869 1883 1890 1885 1874 1866 1863 1854 1840 1848 1871 1886 1893 1883 1873 1869 1862 1859 1854 1865 1875 1875 1877 1886 1898 1885 1865 1838 1805 1783 1775 1758 1754 1759 1782 1801 1802 1790 1792 1774 1751 1737 1767 1783
1861 1860 1861 1877 1890 1902 1904 1902 1904 1906 1907 1903 1894 1889 1890 1892 1894 1894 1899 1901 1908 1913 1915 1916 1914 1909 1904 1899 1906 1914 1912 1898 1887 1890 1901 1901 1890 1878 1875 1889 1896 1891 1882 1875 1881 1868 1852 1858 1861 1878 1892 1892 1881 1875 1870 1868 1869 1879 1880 1875 1870 1872 1893 1886 1860 1824 1794 1783 1790 1792 1787 1790 1802 1817 1820 1816 1805 1790 1771 1780 1803 1817
1856 1855 1855 1867 1886 1901 1907 1907 1909 1909 1908 1897 1889 1891 1895 1900 1900 1905 1906 1911 1915 1918 1920 1921 1921 1921 1919 1917 1916 1919 1913 1896 1880 1889 1900 1909 1902 1892 1885 1893 1901 1898 1891 1888 1887 1881 1869 1860 1856 1861 1884 1897 1889 1879 1875 1867 1871 1880 1891 1889 1876 1882 1890 1887 1856 1822 1794 1791 1804 1819 1821 1823 1829 1840 1842 1831 1812 1792 1793 1813 1831 1844
1868 1864 1862 1870 1888 1905 1910 1911 1912 1911 1901 1894 1887 1900 1906 1910 1911 1912 1915 1918 1920 1923 1924 1924 1925 1926 1926 1925 1923 1922 1917 1906 1895 1896 1905 1909 1910 1904 1901 1903 1907 1904 1899 1894 1894 1888 1879 1876 1858 1862 1885 1901 1893 1888 1880 1881 1877 1886 1897 1903 1902 1896 1901 1889 1869 1841 1820 1810 1816 1820 1829 1841 1858 1864 1859 1849 1827 1816 1826 1843 1861 1869
1887 1883 1875 1883 1898 1910 1915 1915 1915 1911 1905 1892 1897 1908 1917 1918 1919 1919 1922 1924 1925 1926 1927 1927 1928 1928 1928 1928 1926 1924 1921 1919 1914 1913 1918 1920 1919 1918 1913 1913 1913 1911 1907 1903 1899 1896 1893 1884 1877 1875 1893 1903 1902 1893 1894 1891 1893 1896 1903 1909 1909 1907 1905 1899 1887 1875 1859 1843 1824 1817 1826 1838 1870 1877 1874 1863 1854 1849 1862 1873 1883 1890
1907 1902 1900 1904 1911 1916 1917 1918 1918 1918 1913 1912 1911 1920 1924 1925 1924 1925 1927 1928 1928 1929 1929 1929 1930 1930 1930 1929 1928 1927 1925 1923 1922 1924 1927 1929 1930 1928 1924 1921 1920 1919 1918 1914 1912 1911 1907 1905 1896 1899 1904 1913 1909 1906 1903 1902 1904 1905 1908 1911 1911 1910 1908 1906 1905 1899 1889 1874 1857 1847 1841 1861 1872 1868 1872 1873 1871 1879 1887 1895 1902 1900
1915 1916 1916 1917 1918 1919 1919 1920 1920 1921 1922 1921 1923 1926 1928 1929 1929 1929 1930 1930 1931 1931 1931 1930 1931 1931 1931 1930 1930 1929 1928 1927 1926 1925 1927 1930 1932 1933 1932 1929 1927 1927 1926 1923 1921 1919 1917 1914 1912 1911 1912 1912 1912 1910 1902 1905 1910 1911 1913 1912 1913 1913 1911 1910 1911 1911 1907 1900 1889 1883 1889 1885 1877 1855 1853 1869 1878 1891 1903 1912 1914 1914
1920 1921 1922 1921 1921 1921 1921 1922 1923 1923 1924 1925 1927 1928 1930 1931 1932 1932 1932 1932 1932 1932 1932 1932 1932 1932 1932 1931 1931 1931 1930 1929 1928 1928 1927 1927 1930 1931 1935 1933 1931 1934 1933 1929 1926 1923 1920 1919 1918 1916 1914 1914 1913 1909 1904 1904 1911 1914 1913 1914 1914 1914 1914 1912 1913 1915 1914 1911 1907 1907 1907 1907 1892 1861 1862 1870 1871 1876 1896 1911 1920 1920
1922 1923 1924 1923 1923 1923 1923 1924 1925 1925 1926 1927 1928 1930 1931 1932 1933 1933 1933 1933 1933 1933 1933 1933 1933 1933 1932 1932 1931 1931 1931 1931 1930 1930 1929 1929 1929 1931 1936 1934 1934 1934 1938 1934 1929 1926 1925 1923 1922 1920 1918 1918 1918 1915 1910 1913 1917 1917 1917 1914 1915 1915 1915 1916 1917 1919 1919 1916 1915 1914 1917 1916 1911 1901 1899 1894 1875 1869 1875 1900 1919 1925
1925 1926 1926 1926 1925 1925 1925 1926 1926 1927 1928 1929 1930 1931 1932 1933 1934 1934 1934 1934 1934 1934 1934 1934 1933 1933 1933 1933 1932 1932 1932 1932 1931 1931 1931 1931 1930 1933 1938 1940 1937 1940 1939 1937 1933 1930 1929 1927 1925 1924 1923 1923 1922 1920 1919 1920 1920 1920 1919 1918 1917 1918 1918 1919 1921 1922 1923 1920 1917 1917 1917 1920 1919 1921 1923 1922 1910 1895 1897 1908 1919 1924
1927 1927 1928 1928 1928 1928 1928 1928 1928 1929 1930 1931 1932 1933 1933 1934 1934 1935 1935 1935 1935 1935 1934 1934 1934 1934 1934 1933 1933 1933 1933 1932 1932 1932 1932 1932 1932 1931 1937 1939 1942 1942 1944 1941 1934 1935 1933 1930 1928 1928 1928 1927 1926 1924 1923 1923 1923 1922 1922 1921 1921 1921 1922 1923 1924 1925 1926 1924 1921 1918 1919 1919 1921 1922 1923 1927 1928 1928 1924 1922 1925 1926
1929 1929 1930 1930 1929 1929 1929 1929 1929 1930 1931 1932 1933 1934 1934 1934 1935 1935 1935 1935 1935 1935 1934 1934 1934 1934 1934 1934 1934 1934 1934 1934 1934 1934 1933 1933 1932 1932 1932 1935 1938 1941 1946 1941 1938 1933 1936 1933 1932 1931 1931 1930 1929 1928 1927 1926 1925 1924 1924 1923 1923 1924 1925 1926 1927 1929 1929 1928 1926 1925 1923 1923 1922 1923 1923 1926 1930 1934 1935 1935 1933 1932
1931 1931 1931 1931 1931 1931 1931 1931 1931 1931 1932 1933 1933 1934 1934 1935 1935 1935 1935 1936 1936 1935 1935 1935 1935 1935 1935 1935 1935 1935 1935 1935 1935 1934 1934 1933 1933 1933 1933 1933 1933 1938 1941 1946 1938 1939 1934 1938 1935 1934 1933 1932 1931 1930 1929 1927 1927 1926 1926 1926 1926 1927 1928 1929 1929 1931 1933 1933 1932 1931 1930 1929 1930 1931 1931 1934 1937 1939 1940 1939 1938 1938
1933 1933 1932 1932 1932 1932 1932 1932 1932 1932 1933 1934 1934 1934 1934 1935 1935 1935 1935 1936 1936 1936 1935 1936 1936 1936 1936 1936 1936 1936 1936 1936 1935 1935 1935 1934 1934 1934 1933 1933 1933 1933 1940 1941 1943 1939 1940 1935 1936 1937 1935 1934 1933 1932 1930 1929 1928 1929 1929 1929 1929 1930 1931 1932 1932 1933 1936 1937 1938 1937 1937 1937 1938 1939 1939 1940 1941 1943 1942 1940 1940 1939
1933 1933 1933 1933 1933 1933 1933 1933 1933 1933 1934 1934 1934 1934 1935 1935 1935 1935 1935 1936 1936 1936 1936 1936 1936 1937 1937 1937 1936 1936 1936 1936 1935 -9999 -9999 -9999 -9999 1934 1934 -9999 -9999 -9999 -9999 1938 1939 1941 1939 1938 1935 1936 1935 1934 1933 1933 1931 1931 1930 1931 1931 1931 1932 1933 1934 1935 1936 1936 1939 1941 1941 1942 1942 1942 1943 1942 1942 1941 1942 1942 1942 1941 1940 1940
1934 1934 1934 1934 1933 1933 1933 1934 1934 1934 1934 1934 1934 1935 1935 1935 1935 1935 1935 1936 1936 1937 1937 1937 1937 1937 1937 1937 1937 1936 -9999 -9999 -9999 -9999 -9999 -9999 -9999 -9999 -9999 -9999 -9999 -9999 -9999 -9999 1933 1940 1943 1941 1939 1937 1933 1929 1931 1931 1933 1932 1932 1932 1933 1933 1934 1935 1936 1937 1938 1939 1941 1942 1943 1943 1943 1943 1943 1942 1942 1941 1940 1941 1942 1941 1941 1940
-9999 1935 1935 1935 1934 1934 1934 1934 1935 1935 1934 1935 1935 1935 1935 1935 1935 1935 1936 1936 1936 1936 1937 1937 1937 1937 1937 -9999 -9999 -9999 -9999 -9999 -9999 -9999 -9999 -9999 -9999 -9999 -9999 -9999 -9999 -9999 -9999 -9999 -9999 1939 1943 1942 1940 1938 1934 1933 1931 1932 1932 1932 1931 1931 1932 1933 1934 1935 1936 1937 1938 1938 1939 1940 1940 1940 1940 1940 1939 1939 1939 1938 1937 1938 1939 1940 1939 1939
-9999 -9999 1936 1936 1935 1936 1935 1935 1935 1935 1935 1935 1935 1934 1935 1935 1935 1935 1936 1936 1937 1937 1937 1937 1937 -9999 -9999 -9999 -9999 -9999 -9999 -9999 -9999 -9999 -9999 -9999 -9999 -9999 -9999 -9999 -9999 -9999 -9999 -9999 -9999 -9999 1942 1941 1940 1938 1937 1935 1934 1934 1933 1933 1932 1932 1932 1933 1934 1936 1936 1937 1938 1938 1939 1939 1939 1939 1939 1939 1938 -9999 -9999 1937 1936 1936 1937 1938 1939 1938
-9999 -9999 -9999 1936 1936 1935 1936 1936 1936 1935 1934 1934 1934 1933 1933 1934 1934 1934 1935 1935 -9999 -9999 -9999 -9999 -9999 -9999 -9999 -9999 -9999 -9999 -9999 -9999 -9999 -9999 -9999 -9999 -9999 -9999 -9999 -9999 -9999 -9999 -9999 -9999 -9999 -9999 1941 1941 1941 1940 1939 1938 1937 1936 1935 1934 1934 1933 1933 1934 1936 1937 1938 1939 1939 1939 1939 1939 1939 1939 -9999 -9999 -9999 -9999 -9999 -9999 1936 1936 1936 1938 1939 1938
-9999 -9999 -9999 -9999 1935 1934 1933 1934 -9999 -9999 -9999 1934 -9999 1933 1934 1934 1934 1934 -9999 -9999 -9999 -9999 -9999 -9999 -9999 -9999 -9999 -9999 -9999 -9999 -9999 -9999 -9999 -9999 -9999 -9999 -9999 -9999 -9999 -9999 -9999 -9999 -9999 -9999 -9999 -9999 -9999 1941 1941 1941 1941 1940 1940 1939 1938 1937 1936 1936 1935 1936 1937 1939 1939 1939 1939 1939 1939 1939 -9999 -9999 -9999 -9999 -9999 -9999 -9999 -9999 -9999 1936 1936 1937 1939 1939
-9999 -9999 -9999 -9999 -9999 -9999 -9999 -9999 -9999 -9999 -9999 -9999 -9999 -9999 1934 -9999 -9999 -9999 -9999 -9999 -9999 -9999 -9999 -9999 -9999 -9999 -9999 -9999 -9999 -9999 -9999 -9999 -9999 -9999 -9999 -9999 -9999 -9999 -9999 -9999 -9999 -9999 -9999 -9999 -9999 -9999 -9999 -9999 1941 1941 1941 1941 1941 1940 1940 1939 1938 1938 1938 1938 1939 1940 1940 1939 1939 -9999 -9999 -9999 -9999 -9999 -9999 -9999 -9999 -9999 -9999 -9999 -9999 -9999 -9999 1937 1939 1939
