Data/tmin/PRISM_tmin_pr_1963-1995_normal_450mM1_03_asc.asc
ncols 557
nrows 164
xllcorner -67.31875000000
yllcorner 17.86875000000
cellsize 0.00416666667
NODATA_value -9999
[rows 36 to 71 of 164, columns 82 to 163 of 557]
1835 1834 1830 1824 1813 1811 1823 1822 1814 1808 1804 1802 1791 1778 1761 1753 1752 1746 1741 1734 1726 1714 1714 1711 1713 1711 1709 1701 1696 1697 1707 1713 1723 1721 1712 1708 1714 1733 1743 1727 1716 1712 1706 1697 1692 1686 1682 1678 1682 1686 1691 1690 1691 1685 1684 1679 1679 1688 1698 1711 1697 1698 1698 1704 1709 1714 1726 1749 1775 1789 1770 1734 1717 1716 1721 1720 1721 1721 1727 1732 1737 1741
1826 1825 1822 1815 1805 1800 1797 1792 1785 1777 1775 1778 1780 1764 1744 1741 1735 1732 1727 1718 1709 1702 1697 1695 1693 1692 1691 1695 1687 1691 1696 1699 1701 1700 1690 1689 1694 1715 1729 1718 1700 1693 1684 1676 1675 1674 1672 1670 1672 1675 1679 1683 1682 1681 1678 1674 1673 1678 1697 1704 1695 1687 1690 1694 1696 1701 1706 1725 1755 1780 1775 1749 1715 1712 1711 1710 1710 1714 1720 1726 1727 1731
1814 1813 1804 1798 1792 1782 1776 1768 1760 1751 1747 1756 1762 1753 1729 1718 1715 1713 1707 1703 1693 1686 1684 1679 1677 1678 1683 1689 1691 1685 1684 1685 1681 1677 1676 1674 1681 1697 1720 1716 1700 1679 1668 1661 1664 1665 1664 1661 1660 1660 1664 1667 1671 1671 1672 1667 1669 1674 1688 1705 1690 1680 1681 1683 1685 1685 1690 1702 1725 1754 1779 1755 1724 1703 1705 1705 1704 1710 1715 1717 1720 1721
1803 1802 1795 1787 1779 1770 1758 1755 1745 1734 1731 1741 1751 1743 1720 1703 1694 1693 1692 1685 1679 1674 1675 1669 1674 1675 1676 1684 1684 1678 1675 1668 1660 1653 1653 1655 1660 1673 1699 1712 1688 1661 1645 1642 1642 1643 1645 1643 1643 1643 1649 1654 1655 1659 1659 1662 1664 1669 1693 1698 1685 1676 1678 1679 1675 1677 1679 1682 1694 1723 1759 1764 1725 1702 1696 1697 1698 1703 1707 1709 1711 1715
1787 1787 1781 1777 1772 1759 1748 1740 1730 1719 1720 1730 1742 1739 1724 1706 1694 1686 1681 1677 1672 1669 1666 1668 1668 1673 1671 1670 1671 1668 1665 1660 1646 1640 1639 1643 1644 1656 1683 1696 1675 1646 1635 1631 1627 1629 1630 1634 1634 1641 1645 1649 1651 1653 1657 1661 1664 1678 1694 1699 1676 1669 1675 1669 1666 1665 1667 1671 1674 1700 1749 1761 1732 1698 1692 1692 1694 1696 1699 1698 1700 1703
1769 1771 1769 1766 1763 1756 1745 1737 1723 1715 1717 1729 1733 1733 1729 1720 1708 1698 1687 1678 1674 1668 1663 1657 1664 1668 1665 1658 1659 1657 1656 1654 1645 1636 1639 1636 1642 1649 1671 1678 1654 1634 1627 1626 1625 1625 1630 1632 1639 1639 1642 1644 1649 1649 1655 1657 1661 1673 1692 1688 1667 1659 1659 1657 1650 1653 1655 1660 1665 1711 1747 1760 1720 1691 1683 1689 1688 1691 1690 1690 1689 1697
1754 1758 1756 1754 1754 1750 1744 1738 1727 1718 1722 1724 1725 1725 1723 1721 1718 1711 1702 1696 1692 1688 1677 1669 1661 1663 1659 1652 1648 1649 1646 1645 1638 1634 1629 1638 1644 1652 1668 1660 1639 1623 1621 1623 1627 1628 1631 1636 1639 1642 1638 1644 1648 1651 1649 1653 1656 1665 1682 1682 1666 1652 1652 1651 1648 1647 1649 1650 1677 1724 1765 1738 1702 1674 1677 1681 1684 1686 1686 1682 1682 1686
1745 1748 1748 1749 1747 1741 1737 1733 1721 1715 1709 1715 1716 1716 1716 1715 1714 1713 1710 1706 1707 1702 1696 1679 1666 1659 1656 1647 1644 1640 1638 1634 1632 1627 1627 1635 1647 1655 1663 1650 1627 1612 1613 1618 1623 1626 1625 1628 1634 1635 1641 1640 1651 1644 1641 1644 1651 1656 1664 1670 1659 1647 1646 1646 1648 1645 1644 1648 1677 1742 1752 1730 1678 1668 1674 1681 1684 1686 1683 1679 1674 1678
1738 1740 1737 1737 1735 1731 1726 1721 1711 1700 1699 1701 1706 1707 1709 1709 1709 1708 1706 1706 1704 1702 1699 1688 1671 1659 1656 1646 1640 1639 1634 1631 1629 1627 1627 1634 1644 1653 1652 1638 1615 1605 1607 1614 1620 1618 1616 1619 1620 1632 1631 1639 1634 1627 1624 1630 1638 1643 1646 1660 1646 1642 1643 1647 1644 1641 1639 1642 1670 1727 1753 1728 1699 1685 1678 1679 1681 1679 1672 1671 1668 1672
1733 1732 1731 1728 1727 1723 1716 1708 1700 1690 1688 1695 1700 1702 1704 1706 1703 1701 1699 1696 1693 1691 1692 1688 1674 1663 1651 1645 1639 1635 1633 1628 1628 1627 1626 1631 1641 1646 1641 1623 1610 1596 1600 1605 1607 1607 1609 1610 1619 1620 1625 1620 1617 1614 1614 1619 1627 1632 1646 1653 1647 1638 1637 1638 1637 1630 1630 1633 1653 1695 1736 1746 1728 1715 1689 1678 1676 1671 1667 1667 1669 1674
1730 1729 1730 1726 1723 1719 1711 1709 1700 1691 1685 1689 1690 1692 1697 1700 1697 1693 1690 1686 1682 1677 1680 1680 1675 1661 1651 1643 1640 1636 1631 1627 1625 1624 1624 1627 1635 1637 1628 1616 1602 1595 1591 1592 1594 1596 1602 1610 1608 1613 1612 1609 1611 1611 1621 1621 1624 1631 1641 1663 1647 1636 1632 1629 1626 1624 1624 1628 1630 1667 1701 1735 1738 1730 1698 1675 1674 1670 1662 1667 1670 1676
1719 1725 1725 1724 1722 1717 1720 1715 1714 1701 1689 1684 1685 1686 1690 1692 1689 1685 1681 1677 1673 1670 1670 1673 1669 1661 1649 1644 1643 1638 1631 1624 1622 1622 1623 1625 1630 1634 1624 1615 1607 1592 1586 1583 1583 1591 1602 1602 1603 1606 1606 1611 1609 1612 1621 1628 1627 1638 1651 1655 1650 1636 1624 1623 1624 1622 1622 1616 1620 1628 1670 1701 1727 1731 1708 1686 1668 1658 1656 1656 1661 1668
1709 1712 1710 1713 1716 1721 1724 1728 1722 1709 1697 1688 1684 1685 1685 1686 1684 1680 1676 1673 1669 1667 1669 1668 1667 1659 1649 1641 1638 1636 1630 1623 1621 1620 1620 1624 1629 1628 1622 1616 1607 1598 1586 1581 1583 1590 1599 1600 1594 1604 1613 1610 1607 1612 1616 1625 1639 1638 1645 1645 1633 1623 1614 1611 1613 1615 1610 1607 1608 1622 1643 1676 1713 1737 1730 1704 1669 1653 1644 1644 1644 1648
1703 1704 1704 1703 1714 1725 1732 1736 1731 1720 1706 1693 1686 1681 1680 1681 1682 1677 1672 1668 1665 1665 1665 1666 1664 1659 1648 1637 1633 1630 1630 1624 1622 1622 1622 1625 1627 1623 1615 1612 1610 1601 1587 1580 1581 1588 1597 1593 1592 1601 1600 1606 1610 1613 1627 1628 1625 1625 1619 1613 1610 1608 1603 1604 1604 1603 1606 1602 1607 1619 1627 1655 1687 1731 1738 1708 1668 1643 1637 1633 1628 1633
1685 1696 1693 1699 1709 1719 1734 1737 1737 1722 1709 1697 1685 1681 1677 1678 1680 1676 1671 1667 1665 1662 1662 1661 1660 1656 1648 1637 1628 1629 1629 1627 1625 1625 1624 1623 1622 1617 1611 1610 1611 1604 1592 1584 1581 1589 1594 1595 1592 1592 1596 1602 1618 1623 1623 1624 1615 1606 1601 1596 1599 1600 1603 1602 1597 1600 1601 1604 1610 1618 1625 1632 1665 1713 1731 1705 1655 1637 1629 1626 1627 1625
1672 1680 1686 1687 1695 1708 1723 1738 1736 1720 1709 1692 1683 1676 1674 1674 1675 1673 1669 1668 1665 1662 1659 1658 1657 1655 1650 1641 1634 1631 1631 1628 1627 1627 1624 1620 1618 1615 1611 1609 1610 1608 1601 1592 1590 1589 1592 1594 1591 1590 1593 1608 1612 1613 1611 1607 1609 1605 1602 1596 1597 1598 1606 1605 1598 1591 1598 1603 1609 1616 1622 1625 1653 1706 1721 1698 1663 1632 1630 1625 1626 1627
1662 1668 1672 1676 1681 1698 1720 1734 1738 1729 1710 1700 1683 1676 1674 1673 1673 1671 1671 1669 1668 1665 1662 1660 1659 1656 1652 1646 1640 1635 1634 1627 1625 1624 1622 1619 1617 1616 1614 1609 1606 1607 1600 1594 1589 1590 1592 1592 1593 1598 1601 1601 1603 1591 1590 1589 1594 1601 1598 1597 1596 1601 1604 1607 1597 1595 1598 1604 1610 1614 1615 1620 1650 1702 1713 1698 1679 1652 1630 1630 1622 1620
1657 1659 1662 1667 1676 1691 1714 1734 1739 1732 1726 1707 1693 1680 1676 1676 1676 1676 1677 1676 1673 1672 1669 1670 1666 1663 1657 1652 1646 1644 1640 1635 1629 1626 1623 1620 1618 1617 1612 1607 1604 1601 1597 1589 1588 1588 1591 1593 1601 1608 1602 1598 1590 1588 1583 1583 1586 1586 1591 1591 1597 1597 1606 1603 1596 1599 1598 1605 1610 1610 1607 1615 1650 1692 1682 1677 1680 1662 1642 1625 1625 1620
1652 1654 1657 1663 1673 1687 1708 1723 1734 1736 1727 1721 1702 1688 1682 1680 1681 1683 1684 1685 1682 1681 1681 1680 1679 1672 1666 1660 1656 1651 1649 1646 1638 1634 1628 1623 1620 1615 1611 1604 1601 1600 1594 1590 1588 1587 1591 1596 1601 1609 1600 1587 1588 1588 1585 1584 1580 1579 1581 1586 1593 1603 1600 1596 1599 1599 1606 1610 1609 1608 1607 1610 1646 1679 1662 1644 1681 1682 1666 1661 1655 1656
1649 1654 1656 1659 1671 1683 1694 1711 1720 1728 1730 1722 1712 1701 1691 1686 1685 1687 1690 1691 1692 1690 1691 1691 1688 1683 1676 1673 1668 1665 1661 1655 1649 1639 1633 1627 1621 1617 1611 1606 1600 1597 1594 1593 1591 1591 1593 1595 1602 1601 1596 1587 1589 1592 1587 1586 1583 1574 1575 1580 1588 1594 1595 1594 1598 1604 1607 1611 1617 1610 1605 1605 1636 1674 1648 1632 1663 1684 1677 1661 1662 1663
1654 1657 1658 1661 1667 1676 1686 1695 1709 1720 1720 1718 1712 1707 1696 1691 1691 1692 1696 1699 1699 1699 1699 1699 1696 1691 1687 1683 1681 1675 1670 1665 1655 1646 1635 1629 1624 1619 1614 1607 1601 1596 1594 1594 1594 1591 1597 1596 1597 1598 1590 1591 1586 1588 1585 1583 1580 1576 1573 1574 1578 1580 1578 1585 1591 1596 1595 1602 1611 1618 1618 1613 1633 1667 1658 1635 1663 1679 1667 1641 1618 1615
1661 1664 1662 1663 1670 1673 1678 1687 1694 1705 1706 1701 1700 1699 1695 1691 1694 1699 1702 1703 1703 1703 1704 1703 1701 1697 1695 1691 1687 1682 1675 1669 1662 1651 1640 1631 1626 1622 1616 1610 1603 1600 1595 1593 1592 1590 1594 1595 1592 1587 1588 1586 1583 1582 1579 1578 1580 1577 1576 1573 1570 1567 1566 1572 1586 1589 1589 1602 1616 1633 1645 1641 1648 1664 1658 1642 1654 1675 1677 1644 1610 1605
1666 1663 1663 1668 1670 1675 1677 1681 1686 1690 1689 1684 1685 1687 1688 1693 1698 1701 1705 1706 1705 1704 1705 1705 1704 1702 1700 1697 1692 1687 1680 1674 1669 1659 1647 1637 1632 1626 1621 1613 1610 1605 1601 1599 1596 1593 1599 1593 1588 1585 1583 1582 1578 1577 1581 1583 1584 1587 1578 1573 1564 1560 1560 1571 1583 1585 1601 1614 1629 1634 1641 1633 1636 1650 1638 1632 1640 1657 1664 1653 1628 1608
1664 1662 1664 1670 1674 1674 1679 1680 1679 1682 1680 1681 1680 1684 1689 1696 1700 1704 1706 1708 1707 1707 1708 1707 1706 1704 1702 1700 1697 1693 1687 1681 1674 1666 1653 1642 1634 1630 1624 1618 1617 1617 1612 1613 1609 1604 1601 1593 1585 1585 1586 1584 1576 1583 1590 1593 1594 1587 1579 1563 1557 1550 1551 1559 1572 1581 1586 1596 1601 1603 1593 1592 1604 1612 1616 1613 1625 1633 1653 1654 1641 1632
1662 1660 1665 1671 1675 1677 1677 1680 1678 1677 1683 1680 1683 1688 1694 1699 1703 1705 1706 1707 1709 1709 1709 1709 1708 1706 1705 1702 1700 1693 1693 1687 1681 1671 1657 1645 1638 1632 1626 1624 1625 1626 1621 1623 1620 1608 1605 1592 1587 1594 1601 1596 1593 1590 1601 1598 1586 1582 1566 1559 1553 1548 1539 1544 1554 1562 1557 1558 1558 1567 1573 1574 1588 1604 1593 1599 1604 1616 1617 1629 1638 1624
1659 1660 1665 1673 1676 1677 1678 1678 1678 1685 1688 1693 1689 1690 1698 1702 1705 1707 1709 1707 1708 1709 1710 1709 1708 1708 1705 1704 1696 1694 1691 1690 1683 1672 1659 1646 1641 1635 1629 1623 1624 1619 1614 1613 1610 1605 1599 1592 1591 1600 1616 1614 1604 1599 1597 1588 1575 1562 1556 1547 1545 1542 1536 1526 1538 1538 1537 1521 1535 1549 1561 1570 1589 1595 1586 1577 1586 1593 1595 1596 1609 1611
1655 1661 1668 1671 1675 1676 1677 1679 1683 1695 1711 1711 1710 1703 1700 1704 1710 1711 1709 1711 1709 1710 1710 1710 1710 1707 1707 1704 1702 1694 1696 1690 1683 1673 1661 1653 1646 1640 1633 1626 1619 1614 1605 1605 1601 1596 1594 1589 1584 1594 1606 1613 1607 1596 1592 1577 1562 1552 1541 1532 1528 1524 1522 1524 1531 1542 1524 1520 1525 1543 1557 1570 1588 1590 1572 1558 1570 1592 1598 1596 1600 1595
1653 1655 1667 1670 1669 1673 1675 1680 1687 1703 1717 1727 1724 1718 1711 1710 1717 1713 1705 1709 1711 1705 1709 1710 1710 1710 1707 1705 1700 1696 1695 1691 1684 1675 1666 1658 1651 1643 1635 1627 1618 1610 1604 1598 1593 1592 1587 1581 1578 1581 1595 1604 1604 1596 1582 1573 1555 1543 1532 1519 1508 1505 1511 1521 1540 1543 1528 1518 1522 1538 1549 1565 1576 1577 1556 1545 1567 1594 1606 1599 1596 1591
1643 1656 1664 1668 1668 1668 1672 1673 1680 1692 1707 1719 1731 1729 1724 1722 1723 1714 1697 1698 1701 1699 1702 1712 1709 1710 1708 1702 1696 1690 1692 1691 1684 1676 1668 1661 1653 1644 1635 1626 1617 1608 1602 1594 1592 1590 1588 1580 1572 1572 1589 1602 1605 1600 1589 1573 1557 1542 1526 1509 1495 1496 1511 1527 1544 1540 1524 1520 1530 1540 1552 1559 1569 1562 1544 1544 1562 1583 1587 1590 1587 1577
1646 1648 1662 1666 1665 1664 1666 1670 1671 1679 1696 1716 1728 1739 1732 1725 1728 1717 1697 1690 1687 1686 1701 1707 1708 1706 1705 1702 1695 1688 1691 1685 1682 1675 1667 1659 1652 1642 1632 1623 1613 1608 1602 1595 1592 1597 1592 1580 1564 1565 1576 1592 1593 1594 1585 1578 1565 1546 1536 1510 1496 1504 1519 1537 1543 1534 1519 1520 1525 1536 1543 1552 1564 1559 1554 1548 1563 1557 1562 1560 1565 1558
1643 1645 1653 1664 1664 1663 1660 1664 1670 1678 1694 1715 1735 1734 1732 1727 1726 1730 1709 1692 1682 1674 1687 1703 1702 1701 1704 1700 1694 1685 1685 1680 1677 1674 1665 1658 1649 1639 1629 1618 1611 1602 1602 1590 1584 1581 1575 1563 1548 1550 1563 1573 1581 1584 1578 1571 1563 1554 1539 1515 1506 1515 1531 1537 1539 1535 1527 1525 1521 1522 1533 1543 1547 1556 1552 1562 1557 1553 1554 1562 1570 1571
1649 1646 1656 1676 1687 1675 1664 1661 1668 1678 1701 1725 1735 1733 1726 1723 1731 1735 1726 1713 1696 1685 1681 1689 1688 1698 1696 1694 1683 1677 1678 1674 1669 1669 1662 1653 1645 1635 1620 1613 1598 1592 1586 1574 1559 1553 1547 1537 1536 1540 1548 1556 1569 1586 1574 1565 1556 1546 1531 1515 1512 1528 1535 1540 1538 1536 1535 1527 1515 1516 1528 1538 1547 1551 1562 1563 1558 1549 1554 1559 1568 1574
1655 1654 1670 1701 1714 1702 1685 1671 1669 1679 1696 1720 1727 1719 1708 1715 1729 1729 1722 1717 1724 1712 1704 1691 1686 1692 1698 1688 1676 1661 1667 1668 1665 1661 1655 1645 1635 1621 1611 1596 1583 1570 1565 1550 1538 1531 1525 1520 1517 1528 1531 1534 1557 1571 1569 1554 1547 1531 1519 1506 1521 1532 1535 1532 1530 1532 1524 1522 1519 1516 1527 1543 1556 1568 1570 1570 1548 1533 1541 1549 1562 1576
1661 1666 1690 1720 1728 1720 1697 1686 1673 1672 1680 1688 1694 1684 1684 1702 1714 1710 1694 1696 1710 1728 1728 1710 1699 1697 1697 1691 1670 1656 1654 1660 1662 1657 1644 1632 1618 1603 1589 1578 1562 1544 1539 1526 1518 1512 1507 1494 1496 1509 1517 1524 1530 1546 1543 1535 1529 1511 1498 1506 1520 1530 1525 1517 1512 1502 1500 1499 1513 1514 1521 1529 1545 1559 1567 1556 1534 1519 1527 1542 1560 1577
1660 1671 1696 1712 1723 1709 1707 1688 1681 1677 1670 1670 1672 1673 1668 1685 1694 1686 1678 1679 1694 1712 1728 1719 1703 1701 1691 1684 1671 1639 1638 1647 1653 1649 1637 1618 1602 1583 1569 1557 1540 1521 1512 1502 1495 1494 1483 1474 1479 1495 1515 1515 1521 1524 1532 1526 1517 1499 1493 1502 1521 1524 1514 1507 1493 1488 1473 1486 1498 1506 1504 1515 1523 1537 1544 1538 1512 1499 1511 1527 1546 1564
1660 1669 1685 1694 1701 1707 1707 1700 1699 1694 1679 1666 1669 1671 1674 1679 1687 1688 1695 1703 1705 1709 1711 1713 1708 1697 1690 1683 1663 1647 1624 1630 1633 1633 1620 1605 1586 1566 1549 1535 1520 1501 1490 1479 1470 1465 1462 1454 1466 1489 1502 1510 1513 1527 1534 1531 1515 1498 1492 1501 1513 1514 1508 1500 1493 1478 1477 1476 1485 1487 1493 1495 1506 1513 1524 1512 1495 1488 1495 1510 1524 1548
