Data/tmin/PRISM_tmin_pr_1963-1995_normal_450mM1_03_asc.asc
ncols 557
nrows 164
xllcorner -67.31875000000
yllcorner 17.86875000000
cellsize 0.00416666667
NODATA_value -9999
[rows 108 to 143 of 164, columns 246 to 327 of 557]
1685 1681 1680 1677 1668 1653 1639 1610 1593 1628 1647 1624 1592 1556 1544 1552 1574 1592 1595 1587 1589 1601 1606 1594 1592 1586 1579 1578 1581 1568 1548 1541 1529 1502 1488 1503 1523 1541 1554 1551 1550 1553 1558 1569 1573 1571 1548 1532 1531 1527 1533 1529 1537 1535 1529 1522 1524 1528 1529 1530 1526 1529 1532 1534 1533 1535 1539 1551 1587 1639 1689 1708 1710 1714 1713 1710 1706 1711 1713 1713 1712 1706
1686 1683 1683 1676 1667 1670 1660 1626 1602 1625 1632 1605 1568 1543 1536 1563 1572 1586 1604 1595 1587 1591 1586 1576 1565 1563 1574 1578 1579 1563 1543 1536 1529 1508 1493 1513 1541 1550 1543 1550 1544 1543 1551 1548 1571 1570 1548 1525 1523 1537 1533 1537 1530 1531 1522 1518 1529 1542 1549 1547 1542 1540 1544 1542 1543 1538 1529 1537 1580 1636 1676 1694 1694 1697 1699 1694 1696 1701 1712 1716 1712 1710
1681 1670 1672 1668 1666 1673 1684 1663 1639 1640 1632 1610 1590 1584 1594 1592 1584 1586 1603 1599 1578 1591 1586 1568 1557 1550 1554 1557 1558 1543 1531 1529 1526 1513 1515 1536 1556 1547 1544 1544 1542 1546 1540 1550 1562 1570 1554 1542 1543 1545 1545 1533 1531 1531 1530 1530 1552 1566 1583 1570 1556 1550 1546 1542 1538 1531 1533 1550 1591 1636 1669 1676 1688 1695 1692 1694 1696 1702 1709 1715 1718 1717
1676 1672 1666 1666 1660 1670 1685 1675 1663 1642 1636 1637 1639 1649 1647 1641 1614 1616 1629 1617 1608 1603 1593 1564 1536 1532 1532 1537 1537 1541 1531 1527 1524 1527 1531 1541 1550 1545 1544 1539 1535 1542 1547 1546 1563 1566 1563 1556 1555 1550 1540 1532 1529 1534 1539 1559 1591 1623 1618 1592 1558 1551 1545 1534 1527 1521 1531 1563 1604 1641 1660 1675 1685 1696 1700 1700 1705 1706 1713 1723 1729 1736
1689 1683 1680 1675 1670 1675 1677 1658 1636 1632 1648 1676 1695 1695 1691 1670 1663 1659 1668 1648 1622 1618 1579 1539 1524 1525 1531 1537 1560 1560 1555 1542 1538 1531 1524 1524 1531 1540 1547 1539 1533 1540 1551 1557 1565 1568 1566 1564 1555 1542 1536 1533 1529 1533 1545 1589 1654 1675 1656 1606 1571 1564 1559 1547 1537 1525 1525 1553 1589 1624 1655 1668 1689 1698 1702 1706 1710 1716 1725 1733 1743 1751
1695 1697 1690 1683 1679 1689 1683 1651 1625 1636 1668 1701 1708 1710 1697 1687 1682 1687 1672 1643 1612 1584 1556 1529 1524 1533 1544 1554 1578 1599 1586 1579 1561 1552 1531 1511 1515 1526 1534 1531 1531 1543 1551 1563 1567 1569 1572 1566 1559 1549 1540 1540 1536 1536 1560 1627 1694 1708 1666 1624 1600 1594 1587 1579 1571 1551 1536 1551 1570 1612 1643 1676 1692 1700 1705 1710 1714 1727 1731 1740 1749 1763
1700 1706 1699 1680 1669 1680 1686 1670 1664 1675 1702 1714 1719 1722 1709 1708 1705 1685 1662 1613 1573 1556 1540 1531 1534 1554 1557 1570 1601 1612 1611 1593 1596 1574 1558 1530 1508 1511 1516 1526 1541 1550 1554 1558 1561 1567 1569 1568 1563 1555 1549 1546 1554 1561 1597 1662 1733 1736 1701 1677 1663 1647 1625 1628 1611 1588 1569 1566 1585 1613 1655 1683 1704 1712 1720 1722 1729 1727 1736 1742 1758 1775
1707 1710 1692 1669 1666 1668 1686 1692 1703 1720 1727 1732 1743 1736 1724 1720 1711 1681 1626 1587 1554 1557 1552 1539 1556 1574 1595 1607 1627 1637 1615 1613 1602 1599 1578 1550 1514 1502 1507 1526 1541 1551 1554 1548 1555 1565 1570 1568 1568 1560 1555 1564 1591 1618 1651 1708 1755 1778 1762 1750 1730 1697 1683 1676 1657 1636 1615 1608 1608 1633 1663 1686 1700 1714 1727 1737 1735 1739 1740 1756 1776 1797
1710 1708 1691 1696 1698 1708 1704 1711 1718 1734 1739 1751 1763 1750 1725 1722 1713 1660 1618 1584 1586 1598 1592 1583 1598 1630 1647 1652 1655 1641 1627 1616 1613 1597 1590 1563 1535 1502 1504 1516 1534 1538 1541 1547 1555 1566 1571 1569 1564 1563 1559 1577 1617 1655 1699 1736 1776 1801 1813 1797 1769 1745 1731 1729 1712 1685 1662 1646 1629 1637 1651 1664 1674 1693 1717 1732 1742 1749 1754 1771 1794 1817
1693 1685 1698 1707 1732 1738 1732 1723 1731 1736 1749 1765 1778 1762 1727 1710 1694 1675 1648 1649 1652 1665 1659 1645 1662 1683 1689 1665 1648 1639 1619 1630 1617 1599 1584 1579 1543 1508 1496 1511 1516 1523 1526 1535 1550 1562 1564 1565 1567 1571 1581 1597 1619 1654 1698 1748 1782 1818 1835 1823 1798 1785 1780 1775 1743 1712 1687 1668 1659 1645 1646 1644 1650 1671 1696 1722 1741 1751 1763 1781 1810 1836
1667 1685 1700 1728 1748 1757 1756 1753 1747 1751 1759 1782 1795 1772 1723 1682 1675 1671 1699 1708 1711 1715 1700 1700 1704 1699 1682 1648 1618 1595 1602 1611 1611 1596 1593 1579 1553 1514 1486 1498 1506 1507 1518 1532 1553 1559 1560 1565 1577 1597 1637 1658 1670 1680 1720 1765 1802 1832 1852 1846 1822 1821 1813 1792 1758 1715 1693 1703 1694 1679 1665 1657 1662 1673 1698 1725 1744 1754 1758 1784 1814 1841
1674 1697 1720 1734 1766 1783 1780 1775 1766 1755 1771 1794 1804 1780 1729 1682 1656 1671 1686 1714 1728 1731 1731 1725 1714 1695 1672 1632 1591 1578 1558 1570 1567 1587 1595 1587 1567 1516 1495 1487 1499 1515 1532 1569 1588 1589 1577 1565 1573 1610 1662 1709 1728 1743 1766 1798 1828 1848 1868 1864 1859 1848 1835 1807 1765 1722 1720 1737 1736 1709 1695 1694 1683 1682 1702 1733 1758 1767 1777 1793 1811 1816
1701 1723 1736 1754 1783 1807 1805 1796 1778 1770 1789 1813 1819 1798 1763 1729 1703 1676 1690 1706 1739 1757 1748 1743 1725 1708 1685 1651 1619 1588 1573 1553 1537 1557 1587 1588 1569 1542 1511 1512 1531 1556 1588 1621 1649 1642 1611 1586 1578 1596 1650 1688 1719 1753 1775 1786 1800 1820 1844 1868 1875 1878 1857 1820 1777 1740 1741 1769 1765 1749 1739 1726 1710 1684 1692 1732 1765 1793 1810 1825 1811 1794
1732 1759 1774 1790 1819 1833 1828 1812 1790 1782 1807 1832 1837 1819 1799 1777 1750 1729 1727 1749 1771 1775 1762 1741 1719 1714 1711 1692 1666 1649 1624 1582 1536 1539 1552 1562 1565 1557 1544 1548 1574 1615 1648 1678 1696 1682 1651 1619 1606 1600 1614 1634 1664 1709 1729 1723 1727 1747 1785 1827 1869 1885 1878 1843 1804 1766 1775 1800 1813 1801 1786 1770 1724 1681 1676 1706 1756 1798 1833 1845 1824 1793
1764 1782 1806 1827 1843 1857 1849 1834 1814 1811 1831 1855 1859 1841 1821 1807 1790 1778 1787 1796 1795 1780 1752 1717 1693 1687 1691 1703 1701 1681 1660 1618 1573 1555 1551 1547 1552 1554 1559 1570 1594 1638 1682 1722 1733 1715 1689 1666 1641 1611 1597 1600 1627 1665 1693 1680 1665 1686 1713 1770 1831 1880 1886 1868 1830 1809 1808 1837 1852 1845 1822 1788 1743 1695 1673 1703 1751 1802 1845 1863 1854 1832
1796 1808 1822 1843 1863 1875 1874 1863 1852 1849 1861 1878 1877 1863 1843 1829 1820 1819 1828 1818 1800 1776 1746 1722 1692 1676 1673 1694 1698 1691 1669 1646 1617 1605 1589 1562 1552 1557 1593 1606 1620 1637 1689 1739 1765 1748 1721 1699 1666 1618 1591 1601 1630 1665 1705 1709 1703 1692 1709 1743 1813 1872 1901 1893 1870 1845 1849 1871 1880 1863 1827 1788 1749 1712 1694 1710 1748 1795 1832 1863 1876 1872
1827 1830 1837 1848 1868 1885 1892 1887 1884 1879 1884 1886 1885 1868 1850 1836 1839 1846 1847 1834 1813 1792 1770 1749 1730 1702 1685 1687 1695 1693 1686 1669 1651 1647 1633 1608 1575 1582 1631 1682 1676 1675 1707 1764 1780 1756 1715 1689 1663 1619 1605 1630 1667 1694 1738 1775 1775 1772 1763 1775 1818 1876 1915 1920 1906 1886 1888 1898 1902 1872 1827 1784 1760 1738 1723 1730 1746 1783 1824 1853 1884 1896
1852 1854 1848 1852 1867 1887 1899 1904 1902 1901 1895 1888 1874 1856 1835 1822 1835 1849 1858 1847 1826 1809 1785 1766 1736 1720 1694 1681 1675 1683 1688 1682 1674 1676 1682 1662 1625 1616 1667 1724 1741 1726 1750 1787 1783 1728 1670 1630 1620 1615 1624 1673 1719 1743 1776 1819 1838 1838 1823 1809 1830 1882 1928 1951 1941 1929 1925 1928 1911 1878 1833 1809 1789 1788 1776 1768 1767 1784 1819 1848 1874 1892
1875 1878 1868 1866 1879 1893 1904 1910 1912 1908 1901 1888 1870 1854 1829 1817 1821 1836 1842 1835 1821 1799 1770 1745 1728 1713 1706 1678 1675 1687 1704 1711 1706 1715 1719 1708 1684 1666 1698 1745 1779 1782 1792 1809 1783 1718 1636 1600 1598 1631 1672 1719 1766 1787 1815 1846 1875 1880 1862 1838 1850 1892 1943 1965 1966 1958 1956 1941 1922 1885 1862 1840 1836 1831 1830 1818 1794 1809 1834 1857 1865 1876
1890 1889 1889 1887 1896 1904 1911 1913 1915 1913 1907 1890 1878 1860 1842 1822 1822 1817 1824 1822 1809 1786 1765 1753 1738 1737 1720 1704 1698 1718 1736 1746 1746 1745 1749 1743 1726 1711 1715 1753 1792 1816 1828 1827 1792 1734 1673 1629 1627 1652 1703 1739 1774 1814 1839 1874 1898 1908 1897 1880 1884 1920 1953 1972 1974 1975 1967 1960 1937 1912 1897 1882 1867 1871 1866 1847 1822 1827 1853 1860 1851 1845
1896 1898 1900 1904 1909 1914 1915 1917 1918 1915 1909 1901 1885 1876 1862 1851 1838 1832 1830 1827 1815 1797 1781 1781 1772 1760 1747 1725 1733 1748 1776 1785 1780 1782 1774 1766 1752 1736 1731 1751 1801 1836 1850 1837 1800 1760 1719 1682 1650 1654 1684 1727 1772 1825 1863 1890 1916 1931 1931 1924 1938 1951 1968 1972 1973 1974 1976 1968 1962 1947 1932 1914 1896 1902 1899 1873 1845 1857 1862 1850 1818 1813
1907 1907 1912 1914 1916 1919 1920 1921 1919 1917 1914 1905 1898 1891 1884 1875 1868 1856 1850 1835 1817 1801 1794 1800 1792 1783 1767 1763 1765 1791 1811 1818 1804 1790 1778 1774 1765 1761 1759 1779 1819 1858 1877 1861 1829 1798 1778 1743 1687 1671 1696 1737 1790 1843 1877 1906 1932 1956 1961 1961 1966 1974 1975 1971 1971 1972 1969 1973 1971 1968 1962 1942 1927 1930 1922 1898 1883 1882 1875 1829 1785 1778
1918 1918 1918 1919 1920 1922 1923 1923 1921 1920 1917 1912 1904 1902 1898 1893 1887 1877 1863 1844 1825 1811 1811 1818 1822 1810 1800 1799 1814 1830 1844 1823 1797 1774 1766 1771 1785 1793 1795 1815 1839 1878 1897 1893 1868 1855 1837 1794 1744 1730 1743 1767 1814 1850 1883 1916 1953 1982 1986 1977 1978 1977 1973 1970 1969 1968 1968 1966 1972 1975 1972 1961 1952 1952 1935 1912 1912 1913 1876 1824 1774 1761
1925 1925 1924 1924 1924 1924 1924 1925 1925 1924 1923 1919 1911 1909 1903 1897 1891 1888 1879 1865 1855 1845 1838 1846 1854 1846 1828 1832 1848 1865 1860 1829 1797 1784 1781 1800 1823 1840 1850 1857 1880 1896 1919 1915 1903 1891 1879 1840 1800 1805 1806 1819 1845 1886 1911 1942 1969 1990 1990 1979 1979 1979 1976 1971 1968 1967 1964 1964 1966 1968 1967 1964 1962 1959 1935 1913 1922 1921 1890 1838 1811 1797
1930 1930 1930 1929 1928 1926 1926 1926 1927 1928 1926 1923 1918 1912 1905 1896 1895 1893 1894 1887 1878 1873 1857 1855 1866 1870 1862 1865 1883 1898 1888 1860 1840 1827 1823 1828 1858 1882 1890 1906 1916 1931 1939 1937 1927 1919 1907 1881 1866 1870 1871 1860 1886 1911 1940 1958 1968 1977 1976 1973 1978 1982 1979 1976 1969 1965 1962 1959 1960 1961 1962 1964 1970 1969 1944 1924 1940 1946 1917 1893 1866 1854
1930 1934 1933 1932 1930 1929 1929 1929 1929 1928 1929 1927 1924 1921 1915 1910 1904 1906 1903 1894 1888 1884 1872 1860 1871 1888 1892 1899 1910 1922 1920 1904 1887 1871 1854 1855 1881 1910 1922 1935 1944 1950 1956 1956 1952 1942 1931 1920 1910 1919 1912 1905 1914 1934 1950 1962 1964 1966 1966 1967 1973 1975 1976 1972 1969 1963 1959 1957 1956 1957 1960 1970 1977 1971 1953 1942 1953 1957 1949 1930 1906 1865
1936 1935 1934 1933 1932 1931 1931 1930 1929 1929 1929 1929 1928 1926 1924 1923 1921 1916 1915 1907 1899 1897 1895 1885 1890 1907 1917 1915 1924 1930 1932 1927 1917 1902 1887 1884 1909 1932 1946 1950 1954 1955 1960 1965 1964 1959 1954 1951 1942 1939 1941 1940 1945 1953 1959 1960 1961 1962 1961 1961 1964 1965 1965 1966 1963 1960 1957 1955 1954 1954 1959 1973 1978 1970 1963 1956 1959 1958 1955 1935 1892 1836
1937 1936 1935 1934 1934 1933 1932 1931 1930 1930 1929 1928 1928 1928 1928 1929 1928 1924 1922 1918 1912 1913 1909 1910 1912 1919 1922 1924 1928 1932 1934 1936 1934 1929 1925 1921 1932 1948 1953 1956 1953 1954 1956 1960 1961 1962 1968 1969 1963 1952 1951 1949 1954 1956 1955 1955 1958 1958 1958 1957 1957 1957 1957 1958 1957 1955 1954 1953 1952 1953 1962 1970 1978 1971 1965 1967 1958 1953 1948 1932 1876 1826
1938 1937 1936 1935 1935 1934 1933 1932 1932 1931 1930 1929 1929 1927 1930 1932 1932 1929 1927 1925 1925 1921 1922 1922 1922 1925 1926 1927 1931 1933 1934 1935 1937 1938 1939 1937 1943 1948 1953 1950 1951 1952 1954 1955 1956 1955 1959 1963 1955 1950 1949 1949 1949 1951 1951 1952 1954 1955 1954 1954 1953 1952 1952 1952 1952 1951 1951 1951 1951 1954 1956 1962 1961 1959 1960 1959 1953 1951 1952 1935 1906 1868
1939 1938 1937 1936 1936 1935 1934 1934 1933 1932 1931 1930 1929 1929 1931 1933 1934 1933 1932 1931 1931 1931 1928 1928 1928 1927 1928 1930 1931 1932 1933 1935 1937 1936 1938 1942 1943 1947 1948 1949 1949 1951 1952 1953 1953 1951 1950 1949 1946 1946 1946 1946 1946 1947 1948 1949 1951 1951 1951 1950 1949 1949 1949 1949 1949 1950 1950 1950 1950 1950 1952 1950 1950 1950 1951 1951 1950 1951 1952 1952 1936 1926
1940 1939 1938 1937 1936 1935 1934 1934 1933 1933 1932 1932 1932 1931 1934 1935 1936 1936 1936 1935 1936 1934 1933 1932 1931 1930 1930 1931 1932 1933 1934 1936 1938 1938 1939 1942 1944 1945 1946 1947 1948 1950 1950 1950 1949 1948 1946 1944 1943 1943 1943 1943 1943 1944 1945 1946 1947 1948 1947 1947 1946 1947 1947 1948 1949 1949 1950 1950 1950 1949 1949 1949 1948 1948 1948 1949 1951 1952 1954 1955 1955 1953
1939 1938 1937 1937 1936 1935 1934 1934 1934 1934 1933 1933 1933 1931 1930 1936 1937 1938 1938 1938 1938 1938 1936 1935 1934 1933 1932 1933 1933 1934 1935 1936 1938 1937 1938 1942 1942 1942 1944 1945 1946 1947 1948 1948 1947 1945 1945 1943 1942 1941 1941 1941 1941 1941 1942 1944 1945 1945 1944 1944 1945 1945 1947 1948 1949 1950 1950 1950 1950 1950 1950 1949 1948 1949 1949 1952 1953 1955 1956 1957 1958 1960
1938 1938 1938 1937 1936 1935 1935 1934 1934 1934 1934 1934 1931 1926 1924 1930 1937 1939 1940 1940 1940 1939 1937 1936 1935 1934 1933 1933 1934 1934 1935 1935 1936 1936 1937 1939 1940 1941 1942 1943 1944 1945 1946 1946 1945 1944 1943 1943 1941 1940 1940 1940 1939 1940 1940 1941 1942 1942 1942 1943 1944 1945 1947 1948 1948 -9999 -9999 -9999 -9999 -9999 -9999 -9999 1949 1950 1952 1953 1955 1956 1957 1959 1960 1962
1938 1938 1938 1938 1937 1936 1935 1935 1935 1935 1935 1935 1933 1926 1922 1929 1935 1939 1940 1941 1940 1939 1938 1937 1935 1934 1934 1934 1934 1934 1934 1934 1935 1936 1936 1937 1938 1939 1940 1941 1942 1943 1944 1944 1944 1943 1942 1941 1941 1940 1940 1940 1940 1940 1940 1940 1940 1941 1942 1942 1944 1945 1946 1947 -9999 -9999 -9999 -9999 -9999 -9999 -9999 -9999 -9999 1951 1953 1954 1955 -9999 -9999 -9999 1962 1963
1939 1938 1938 1938 1937 1937 1936 1936 1936 1936 1936 1936 1934 1930 1925 1929 1935 1938 1940 1940 1940 1939 1938 1937 1935 1934 1934 1934 1934 1934 1934 1934 1934 1935 1936 1937 1937 1938 1939 1940 1940 1941 1942 1942 1942 1941 1941 1940 1941 1941 1941 1941 1941 1941 1941 1941 1941 1942 1942 1943 1944 1946 1946 -9999 -9999 -9999 -9999 -9999 -9999 -9999 -9999 -9999 -9999 -9999 1954 1954 -9999 -9999 -9999 -9999 -9999 -9999
1939 1938 1938 1938 1937 1937 1937 1937 1937 1937 1937 1937 1936 1933 1931 1933 1936 1939 1939 1939 1939 1938 1937 1936 1935 1935 1934 1934 1933 1933 1933 1934 1934 1935 1935 1936 1937 1937 1938 1938 1939 1939 1940 1940 1940 1940 1940 1940 1941 1941 -9999 -9999 -9999 -9999 1942 1942 1942 1943 1944 1944 1945 1945 -9999 -9999 -9999 -9999 -9999 -9999 -9999 -9999 -9999 -9999 -9999 -9999 -9999 -9999 -9999 -9999 -9999 -9999 -9999 -9999
