Data/tmin/PRISM_tmin_pr_1963-1995_normal_450mM1_10_asc.asc
ncols 557
nrows 164
xllcorner -67.31875000000
yllcorner 17.86875000000
cellsize 0.00416666667
NODATA_value -9999
[rows 72 to 107 of 164, columns 82 to 163 of 557]
1888 1883 1876 1880 1886 1884 1895 1895 1889 1891 1898 1904 1901 1897 1895 1896 1912 1921 1920 1922 1924 1923 1910 1906 1895 1896 1870 1852 1836 1814 1806 1806 1810 1808 1807 1804 1799 1782 1763 1749 1737 1728 1718 1707 1703 1704 1708 1723 1735 1752 1769 1787 1784 1797 1813 1826 1822 1813 1806 1811 1819 1823 1821 1817 1810 1801 1790 1790 1797 1793 1793 1801 1805 1812 1814 1804 1791 1787 1794 1803 1815 1828
1883 1889 1889 1885 1887 1887 1893 1886 1886 1881 1886 1899 1908 1897 1888 1891 1905 1922 1927 1940 1928 1911 1895 1876 1873 1880 1882 1865 1851 1840 1817 1806 1797 1802 1800 1796 1794 1776 1757 1740 1725 1710 1701 1698 1692 1696 1699 1703 1715 1728 1749 1764 1782 1786 1799 1813 1817 1815 1819 1816 1821 1817 1810 1809 1808 1801 1794 1796 1799 1797 1786 1791 1796 1800 1798 1789 1781 1780 1781 1782 1788 1812
1889 1897 1896 1892 1895 1888 1891 1887 1879 1884 1884 1899 1904 1899 1886 1878 1883 1902 1918 1923 1918 1891 1866 1838 1842 1862 1871 1866 1856 1843 1828 1801 1794 1791 1792 1790 1782 1769 1753 1736 1718 1698 1686 1687 1689 1684 1680 1688 1695 1705 1719 1734 1746 1757 1785 1801 1823 1827 1826 1832 1824 1816 1805 1804 1806 1803 1801 1808 1819 1808 1792 1800 1806 1801 1791 1775 1767 1774 1778 1771 1773 1779
1895 1900 1900 1905 1898 1896 1888 1884 1893 1887 1897 1902 1908 1902 1886 1862 1851 1862 1890 1907 1905 1899 1870 1847 1829 1833 1839 1838 1829 1829 1807 1792 1775 1783 1784 1780 1772 1752 1744 1730 1712 1695 1687 1687 1681 1672 1668 1673 1682 1693 1694 1692 1704 1735 1766 1805 1822 1830 1831 1827 1821 1806 1803 1812 1815 1818 1820 1822 1834 1824 1813 1817 1823 1813 1790 1765 1757 1766 1776 1777 1766 1762
1887 1892 1902 1905 1903 1893 1883 1881 1886 1887 1884 1897 1904 1900 1892 1864 1833 1840 1858 1868 1878 1893 1888 1860 1838 1813 1810 1812 1808 1798 1782 1768 1767 1764 1768 1775 1760 1739 1727 1717 1705 1698 1689 1682 1673 1661 1653 1666 1675 1679 1676 1673 1699 1737 1775 1786 1803 1815 1818 1817 1804 1793 1809 1824 1838 1834 1831 1827 1837 1842 1834 1832 1826 1817 1793 1767 1757 1760 1773 1777 1770 1757
1881 1888 1899 1906 1898 1894 1885 1886 1886 1876 1882 1892 1897 1895 1892 1868 1829 1815 1818 1823 1836 1861 1866 1854 1829 1803 1793 1799 1790 1776 1762 1754 1749 1747 1751 1761 1758 1735 1728 1721 1708 1702 1689 1673 1662 1647 1644 1655 1668 1677 1679 1686 1714 1743 1750 1744 1748 1772 1794 1793 1783 1783 1805 1837 1847 1853 1840 1830 1837 1850 1842 1828 1817 1806 1794 1781 1768 1763 1759 1764 1759 1752
1881 1885 1900 1894 1892 1887 1886 1882 1887 1876 1880 1892 1887 1886 1881 1861 1825 1792 1793 1794 1807 1822 1826 1820 1810 1794 1785 1785 1775 1763 1752 1746 1737 1730 1725 1740 1744 1732 1727 1720 1712 1695 1680 1663 1652 1640 1634 1649 1666 1682 1697 1702 1718 1724 1716 1702 1707 1736 1775 1782 1781 1780 1806 1823 1837 1834 1831 1816 1820 1834 1827 1815 1801 1798 1797 1791 1787 1770 1759 1755 1753 1758
1881 1882 1885 1891 1881 1882 1874 1883 1881 1879 1887 1889 1886 1871 1867 1846 1810 1787 1774 1790 1792 1795 1793 1792 1792 1781 1775 1767 1764 1755 1750 1745 1740 1726 1722 1735 1738 1734 1725 1715 1701 1691 1670 1657 1653 1643 1640 1651 1665 1688 1703 1717 1728 1729 1720 1712 1710 1742 1769 1784 1786 1787 1797 1808 1811 1809 1802 1792 1789 1795 1797 1793 1792 1791 1796 1805 1796 1782 1769 1758 1758 1769
1885 1872 1877 1875 1879 1873 1871 1867 1879 1874 1884 1884 1876 1871 1852 1828 1803 1779 1780 1785 1789 1788 1781 1777 1772 1767 1753 1756 1752 1750 1752 1745 1736 1728 1719 1727 1738 1737 1725 1706 1693 1678 1665 1663 1664 1658 1654 1659 1669 1676 1697 1714 1728 1730 1717 1715 1724 1750 1782 1790 1791 1785 1789 1791 1788 1780 1778 1766 1758 1767 1775 1785 1784 1792 1803 1807 1802 1788 1777 1761 1766 1783
1887 1872 1862 1862 1868 1867 1862 1865 1868 1867 1864 1865 1859 1850 1838 1812 1784 1780 1775 1785 1784 1787 1778 1771 1772 1758 1747 1744 1750 1752 1753 1748 1732 1715 1702 1705 1713 1708 1707 1685 1669 1657 1654 1660 1671 1665 1659 1662 1658 1663 1677 1697 1714 1709 1696 1693 1718 1753 1771 1783 1787 1777 1774 1777 1769 1762 1760 1755 1750 1755 1768 1787 1786 1787 1801 1805 1786 1778 1765 1760 1765 1782
1878 1860 1851 1865 1870 1876 1868 1870 1873 1867 1861 1851 1844 1838 1817 1791 1777 1774 1777 1775 1777 1774 1768 1768 1771 1766 1758 1757 1762 1764 1763 1751 1732 1716 1701 1696 1694 1690 1679 1670 1650 1639 1633 1646 1659 1654 1653 1655 1655 1652 1662 1677 1684 1684 1680 1700 1723 1748 1762 1768 1764 1768 1769 1763 1754 1744 1745 1744 1738 1748 1764 1783 1792 1786 1798 1784 1766 1748 1743 1736 1752 1768
1869 1857 1853 1863 1882 1880 1876 1870 1882 1875 1862 1852 1842 1826 1810 1798 1787 1790 1783 1778 1773 1773 1756 1755 1766 1766 1767 1775 1779 1778 1773 1750 1728 1712 1691 1683 1684 1672 1675 1667 1651 1633 1622 1628 1633 1637 1634 1644 1644 1648 1651 1654 1660 1660 1670 1693 1718 1730 1738 1746 1755 1763 1761 1755 1738 1726 1725 1724 1732 1727 1744 1776 1773 1776 1766 1754 1743 1736 1728 1721 1731 1747
1873 1865 1856 1867 1883 1890 1886 1889 1891 1889 1879 1861 1843 1826 1813 1808 1808 1801 1782 1779 1779 1778 1757 1752 1757 1769 1774 1779 1789 1788 1775 1750 1722 1699 1676 1660 1662 1661 1670 1671 1655 1633 1618 1610 1617 1610 1615 1621 1632 1637 1640 1644 1651 1652 1657 1683 1696 1710 1722 1739 1744 1748 1753 1733 1721 1712 1706 1710 1710 1712 1719 1744 1761 1739 1728 1718 1727 1731 1717 1707 1710 1723
1886 1875 1861 1858 1874 1894 1896 1902 1900 1897 1885 1871 1849 1831 1819 1817 1808 1799 1774 1772 1782 1782 1763 1743 1751 1754 1759 1769 1778 1777 1764 1738 1710 1688 1662 1643 1642 1650 1661 1659 1642 1624 1608 1614 1614 1611 1604 1607 1613 1622 1630 1644 1654 1656 1653 1667 1681 1692 1709 1727 1729 1741 1736 1727 1718 1703 1698 1694 1705 1699 1711 1733 1735 1725 1711 1705 1735 1732 1717 1700 1702 1705
1903 1884 1862 1851 1863 1883 1900 1906 1910 1900 1892 1876 1860 1843 1828 1813 1808 1786 1768 1758 1766 1774 1757 1745 1741 1743 1741 1751 1764 1758 1743 1723 1703 1676 1652 1637 1639 1649 1658 1645 1626 1613 1610 1623 1636 1627 1612 1599 1594 1607 1620 1640 1656 1656 1651 1653 1664 1681 1699 1712 1714 1717 1724 1725 1720 1717 1695 1689 1686 1688 1696 1710 1720 1715 1707 1719 1734 1733 1720 1711 1705 1703
1909 1892 1871 1853 1862 1879 1890 1901 1900 1901 1881 1875 1859 1845 1831 1813 1800 1792 1764 1759 1755 1757 1755 1747 1748 1737 1731 1736 1743 1737 1727 1716 1698 1674 1649 1633 1640 1650 1656 1636 1617 1603 1599 1620 1633 1628 1611 1598 1585 1587 1604 1623 1639 1648 1643 1642 1654 1673 1692 1695 1692 1686 1694 1709 1722 1719 1705 1689 1678 1668 1672 1681 1690 1694 1705 1707 1728 1719 1715 1721 1719 1712
1906 1891 1874 1857 1869 1883 1890 1890 1898 1885 1874 1861 1858 1843 1827 1811 1801 1787 1779 1769 1762 1759 1754 1761 1756 1744 1731 1722 1730 1726 1715 1702 1693 1664 1636 1628 1625 1641 1649 1635 1612 1598 1588 1602 1619 1617 1615 1603 1590 1583 1589 1605 1621 1631 1631 1628 1638 1660 1676 1682 1670 1671 1673 1679 1702 1703 1693 1683 1669 1653 1651 1656 1667 1678 1688 1708 1711 1715 1723 1729 1733 1727
1904 1898 1877 1871 1884 1900 1899 1894 1896 1889 1867 1870 1860 1849 1830 1815 1801 1798 1794 1787 1779 1770 1767 1764 1758 1744 1725 1713 1718 1719 1708 1694 1679 1658 1635 1616 1614 1622 1638 1631 1613 1593 1579 1583 1598 1614 1615 1613 1603 1592 1595 1609 1620 1624 1620 1613 1620 1637 1657 1661 1668 1666 1662 1666 1661 1663 1667 1666 1654 1642 1641 1647 1663 1676 1694 1703 1718 1719 1734 1752 1746 1737
1909 1899 1879 1871 1892 1902 1900 1894 1894 1882 1874 1870 1872 1850 1840 1820 1807 1801 1804 1789 1789 1783 1773 1768 1753 1738 1722 1704 1715 1721 1714 1689 1677 1659 1635 1620 1606 1616 1636 1633 1617 1600 1577 1571 1577 1596 1609 1617 1618 1613 1616 1624 1628 1625 1614 1606 1604 1615 1631 1645 1653 1668 1673 1658 1655 1644 1652 1670 1667 1656 1653 1655 1671 1686 1702 1711 1713 1723 1741 1756 1759 1744
1909 1895 1874 1873 1888 1899 1904 1903 1894 1885 1868 1869 1856 1859 1847 1839 1816 1798 1790 1786 1788 1788 1783 1773 1755 1740 1723 1705 1715 1725 1713 1698 1677 1660 1644 1628 1624 1633 1645 1642 1626 1608 1592 1574 1568 1583 1603 1618 1632 1631 1629 1636 1638 1629 1625 1609 1595 1591 1607 1622 1635 1651 1666 1671 1654 1641 1650 1670 1683 1680 1667 1673 1678 1694 1703 1708 1717 1724 1738 1756 1758 1751
1917 1899 1886 1884 1896 1900 1909 1912 1908 1888 1869 1849 1840 1837 1857 1854 1824 1795 1780 1775 1783 1779 1775 1764 1753 1735 1715 1701 1704 1707 1708 1689 1679 1665 1645 1639 1637 1645 1652 1645 1630 1622 1602 1586 1575 1585 1601 1620 1639 1642 1646 1646 1648 1646 1638 1622 1591 1578 1583 1601 1614 1631 1649 1659 1653 1633 1630 1649 1671 1678 1675 1674 1688 1695 1704 1706 1716 1726 1736 1746 1754 1747
1923 1917 1904 1905 1911 1908 1912 1924 1919 1906 1876 1852 1831 1834 1845 1849 1830 1792 1770 1761 1758 1750 1744 1748 1733 1723 1705 1693 1695 1697 1697 1692 1684 1664 1651 1648 1650 1655 1653 1638 1629 1622 1611 1594 1584 1587 1592 1613 1627 1650 1657 1655 1655 1650 1643 1623 1595 1575 1576 1589 1594 1608 1631 1647 1654 1645 1643 1651 1659 1658 1657 1665 1677 1692 1700 1701 1709 1723 1726 1731 1744 1747
1932 1921 1908 1908 1924 1910 1914 1927 1932 1920 1896 1867 1842 1829 1834 1833 1817 1793 1766 1746 1729 1718 1721 1723 1733 1717 1703 1700 1704 1717 1722 1719 1702 1674 1653 1654 1659 1666 1654 1630 1612 1618 1611 1600 1595 1600 1606 1606 1624 1639 1654 1649 1641 1636 1626 1618 1602 1590 1582 1592 1589 1589 1609 1629 1644 1658 1670 1667 1651 1636 1631 1645 1662 1679 1690 1696 1713 1720 1733 1730 1737 1744
1930 1920 1890 1890 1901 1902 1901 1912 1922 1919 1899 1875 1854 1843 1832 1818 1795 1776 1752 1731 1718 1705 1696 1708 1713 1712 1703 1706 1713 1724 1738 1737 1730 1702 1679 1669 1666 1668 1658 1624 1607 1607 1612 1603 1607 1622 1624 1632 1622 1637 1648 1642 1631 1622 1619 1614 1614 1606 1599 1605 1599 1591 1598 1619 1641 1656 1683 1684 1658 1632 1627 1635 1651 1670 1684 1700 1713 1737 1740 1744 1742 1749
1914 1904 1885 1874 1876 1879 1892 1889 1909 1922 1914 1903 1887 1885 1870 1835 1793 1758 1739 1730 1727 1714 1700 1691 1701 1707 1714 1712 1715 1712 1714 1718 1721 1714 1703 1687 1670 1665 1652 1629 1604 1602 1601 1601 1603 1620 1630 1634 1624 1618 1634 1637 1634 1623 1619 1616 1618 1616 1606 1618 1613 1603 1609 1623 1632 1637 1655 1668 1655 1639 1631 1639 1653 1671 1689 1703 1723 1732 1752 1746 1757 1765
1864 1883 1904 1894 1885 1909 1921 1915 1930 1952 1952 1935 1923 1909 1898 1868 1823 1782 1751 1750 1753 1750 1727 1711 1706 1704 1713 1719 1711 1715 1713 1708 1710 1708 1708 1696 1679 1670 1659 1639 1622 1606 1604 1595 1596 1598 1612 1623 1613 1598 1612 1637 1636 1637 1625 1625 1630 1633 1615 1611 1621 1608 1623 1635 1623 1597 1608 1628 1637 1632 1637 1640 1655 1674 1689 1703 1718 1736 1746 1758 1773 1778
1878 1903 1936 1940 1925 1938 1971 1953 1957 1967 1964 1957 1935 1913 1906 1894 1866 1824 1798 1772 1784 1782 1769 1762 1726 1703 1703 1699 1696 1707 1716 1721 1711 1705 1693 1683 1670 1661 1655 1644 1632 1620 1609 1603 1594 1595 1599 1617 1607 1593 1604 1628 1636 1634 1632 1632 1641 1631 1605 1599 1591 1597 1615 1633 1610 1574 1572 1601 1624 1635 1635 1643 1656 1677 1693 1711 1729 1741 1752 1762 1782 1793
1935 1942 1983 1984 1946 1959 1982 1979 1972 1967 1960 1953 1934 1907 1890 1887 1872 1851 1818 1807 1799 1809 1824 1818 1792 1739 1725 1717 1706 1712 1737 1745 1734 1711 1699 1682 1662 1657 1648 1640 1630 1616 1605 1606 1609 1611 1613 1621 1616 1607 1616 1629 1633 1636 1634 1636 1637 1627 1603 1586 1589 1577 1597 1615 1603 1569 1562 1589 1620 1631 1645 1645 1667 1694 1712 1729 1747 1752 1750 1762 1779 1783
1977 1980 2014 2009 1972 1949 1965 1976 1968 1958 1946 1939 1928 1900 1879 1869 1855 1848 1839 1809 1814 1828 1847 1877 1849 1809 1777 1771 1752 1748 1763 1778 1746 1719 1712 1699 1682 1652 1646 1638 1633 1622 1620 1626 1650 1659 1661 1650 1644 1627 1631 1635 1629 1630 1626 1627 1627 1625 1616 1609 1596 1585 1590 1595 1589 1567 1552 1573 1598 1630 1646 1660 1685 1718 1729 1746 1764 1763 1757 1758 1761 1769
1988 1999 2025 2026 1988 1963 1967 1966 1959 1949 1938 1934 1933 1910 1883 1862 1856 1850 1845 1829 1822 1836 1854 1869 1874 1845 1813 1809 1791 1780 1793 1800 1765 1732 1728 1733 1698 1679 1660 1660 1658 1657 1651 1663 1689 1712 1704 1688 1675 1656 1640 1635 1630 1627 1613 1612 1612 1619 1624 1620 1611 1602 1601 1595 1592 1576 1561 1589 1613 1633 1664 1674 1703 1734 1746 1760 1776 1779 1771 1767 1767 1763
1996 2008 2034 2023 1999 1996 1982 1976 1971 1955 1941 1936 1935 1909 1881 1865 1862 1865 1864 1855 1863 1873 1877 1884 1890 1874 1835 1832 1814 1796 1820 1836 1805 1776 1780 1765 1749 1721 1715 1706 1697 1684 1678 1683 1709 1734 1732 1714 1706 1682 1644 1627 1626 1621 1611 1600 1600 1607 1618 1619 1617 1630 1629 1614 1611 1596 1588 1620 1646 1652 1668 1686 1720 1752 1763 1775 1790 1783 1780 1782 1774 1772
1991 2016 2023 2013 2006 2012 2003 1991 1989 1975 1953 1944 1924 1900 1874 1874 1874 1883 1877 1875 1876 1890 1891 1891 1894 1890 1862 1849 1838 1828 1843 1853 1839 1825 1824 1826 1794 1768 1753 1729 1702 1694 1690 1702 1721 1751 1750 1744 1748 1718 1667 1623 1626 1621 1608 1600 1596 1597 1602 1607 1622 1654 1661 1645 1637 1628 1619 1658 1685 1677 1675 1690 1723 1769 1780 1787 1785 1799 1795 1803 1798 1788
1993 1996 2010 1999 2003 2017 2014 2006 2007 1987 1959 1938 1919 1888 1882 1879 1889 1894 1893 1880 1887 1895 1901 1899 1900 1894 1868 1868 1861 1858 1870 1863 1847 1840 1855 1851 1808 1774 1738 1710 1694 1697 1716 1733 1752 1772 1783 1785 1783 1754 1680 1633 1613 1608 1598 1603 1601 1599 1593 1597 1622 1672 1702 1690 1689 1676 1667 1690 1716 1699 1677 1689 1724 1768 1796 1793 1791 1796 1812 1815 1805 1804
1970 1982 1988 1985 1987 2008 2007 2010 2010 1993 1973 1967 1948 1925 1919 1906 1903 1911 1905 1897 1888 1895 1903 1903 1899 1899 1870 1865 1866 1872 1866 1863 1853 1852 1865 1852 1808 1745 1724 1703 1703 1726 1747 1774 1786 1805 1813 1809 1797 1753 1688 1635 1614 1592 1597 1610 1621 1616 1605 1602 1623 1679 1721 1746 1747 1740 1724 1725 1751 1731 1717 1717 1750 1791 1811 1808 1801 1812 1820 1822 1820 1814
1958 1960 1968 1965 1976 1990 2001 2010 2011 1989 1980 1978 1964 1947 1936 1926 1914 1923 1920 1904 1891 1892 1892 1889 1898 1895 1879 1871 1877 1870 1876 1867 1874 1875 1882 1858 1797 1750 1721 1718 1718 1738 1768 1794 1816 1830 1831 1830 1805 1769 1712 1673 1636 1605 1607 1624 1638 1645 1631 1629 1635 1667 1717 1765 1801 1805 1782 1779 1791 1786 1756 1756 1775 1806 1824 1830 1818 1824 1828 1841 1837 1829
1940 1941 1942 1941 1952 1972 1990 2003 2007 1988 1977 1977 1962 1943 1935 1924 1912 1922 1916 1910 1900 1897 1897 1889 1900 1914 1898 1894 1888 1885 1867 1878 1887 1890 1885 1859 1817 1777 1758 1752 1743 1755 1784 1816 1837 1843 1826 1804 1793 1768 1737 1718 1681 1643 1635 1645 1655 1687 1683 1666 1660 1665 1688 1754 1822 1852 1846 1832 1849 1840 1805 1774 1788 1814 1840 1853 1845 1836 1846 1859 1867 1857
