Data/tmin/PRISM_tmin_pr_1963-1995_normal_450mM1_04_asc.asc
ncols 557
nrows 164
xllcorner -67.31875000000
yllcorner 17.86875000000
cellsize 0.00416666667
NODATA_value -9999
[rows 108 to 143 of 164, columns 164 to 245 of 557]
1652 1656 1667 1667 1652 1662 1667 1668 1685 1722 1752 1782 1813 1834 1819 1809 1810 1815 1785 1741 1745 1794 1825 1797 1768 1742 1753 1777 1826 1857 1871 1876 1874 1863 1845 1824 1820 1828 1836 1847 1847 1841 1832 1825 1814 1792 1769 1752 1747 1748 1750 1747 1747 1764 1779 1776 1777 1780 1775 1771 1777 1772 1776 1783 1799 1806 1799 1805 1807 1799 1785 1782 1783 1778 1780 1777 1768 1761 1754 1762 1764 1761
1663 1670 1685 1681 1671 1681 1692 1679 1691 1733 1769 1801 1832 1849 1836 1814 1826 1836 1811 1759 1762 1807 1834 1822 1791 1760 1740 1769 1817 1860 1881 1886 1880 1864 1836 1799 1779 1781 1787 1803 1810 1808 1809 1804 1798 1781 1762 1764 1774 1785 1787 1776 1767 1776 1794 1790 1784 1788 1790 1786 1782 1784 1778 1779 1798 1808 1807 1814 1813 1799 1785 1791 1793 1793 1785 1779 1780 1768 1760 1761 1774 1768
1667 1676 1700 1702 1691 1706 1716 1695 1685 1724 1774 1811 1840 1863 1849 1836 1851 1861 1832 1791 1778 1825 1853 1841 1803 1765 1749 1754 1813 1863 1888 1896 1888 1868 1828 1785 1746 1721 1716 1722 1736 1746 1761 1774 1784 1785 1786 1793 1810 1817 1815 1807 1803 1807 1812 1799 1791 1801 1812 1804 1798 1796 1792 1789 1801 1820 1823 1829 1829 1814 1803 1800 1807 1797 1794 1793 1789 1787 1768 1766 1768 1764
1693 1697 1719 1730 1722 1734 1748 1712 1690 1698 1734 1776 1826 1857 1861 1844 1871 1879 1847 1809 1819 1835 1867 1863 1827 1794 1773 1778 1814 1859 1893 1902 1895 1868 1841 1796 1762 1717 1687 1671 1664 1682 1705 1737 1775 1797 1810 1825 1835 1844 1838 1838 1834 1821 1821 1805 1800 1816 1829 1826 1817 1815 1811 1803 1810 1826 1835 1849 1842 1832 1822 1822 1817 1817 1810 1807 1803 1797 1781 1772 1765 1761
1747 1739 1751 1765 1757 1771 1780 1755 1717 1704 1709 1744 1795 1862 1855 1852 1875 1889 1865 1840 1838 1857 1866 1878 1855 1825 1807 1796 1824 1863 1894 1908 1903 1891 1866 1852 1815 1780 1733 1693 1673 1669 1688 1717 1753 1792 1817 1837 1853 1861 1863 1851 1837 1816 1805 1804 1806 1826 1842 1843 1837 1838 1833 1826 1825 1839 1855 1852 1840 1826 1819 1816 1817 1808 1812 1803 1796 1792 1788 1781 1777 1773
1793 1778 1778 1792 1791 1804 1809 1791 1777 1751 1744 1761 1817 1863 1877 1851 1883 1904 1887 1871 1876 1868 1881 1888 1873 1846 1823 1817 1841 1874 1900 1916 1911 1899 1891 1877 1858 1822 1784 1742 1713 1703 1709 1720 1750 1782 1817 1848 1863 1880 1877 1865 1838 1810 1801 1798 1798 1812 1837 1852 1859 1859 1856 1850 1848 1860 1861 1850 1826 1810 1802 1799 1797 1800 1799 1798 1788 1785 1782 1786 1780 1774
1824 1803 1799 1816 1821 1828 1840 1831 1822 1813 1802 1822 1855 1896 1884 1873 1891 1909 1909 1897 1902 1904 1902 1907 1894 1870 1851 1840 1858 1877 1904 1910 1907 1894 1885 1875 1860 1837 1803 1769 1747 1743 1746 1759 1760 1789 1831 1859 1879 1892 1890 1878 1857 1831 1822 1811 1800 1806 1829 1857 1872 1880 1869 1872 1867 1874 1865 1843 1817 1800 1790 1781 1786 1787 1793 1793 1784 1781 1779 1771 1772 1770
1847 1825 1819 1833 1846 1854 1868 1863 1866 1857 1864 1879 1902 1908 1906 1896 1909 1925 1928 1924 1925 1926 1925 1923 1912 1898 1888 1879 1886 1904 1913 1915 1900 1882 1862 1856 1843 1836 1817 1799 1780 1776 1786 1787 1788 1802 1838 1876 1894 1897 1897 1887 1874 1857 1847 1838 1820 1811 1821 1851 1879 1887 1887 1883 1890 1885 1871 1844 1819 1801 1780 1777 1779 1779 1785 1784 1784 1780 1776 1773 1771 1772
1866 1843 1832 1854 1856 1866 1885 1891 1890 1893 1900 1918 1924 1918 1907 1914 1930 1938 1943 1940 1941 1939 1937 1935 1928 1920 1915 1911 1917 1922 1920 1906 1887 1862 1847 1830 1829 1836 1845 1834 1825 1818 1825 1831 1820 1821 1846 1877 1895 1909 1899 1898 1889 1876 1869 1860 1841 1818 1823 1847 1883 1904 1903 1907 1898 1888 1862 1835 1806 1780 1768 1760 1770 1772 1778 1785 1784 1786 1784 1778 1781 1788
1875 1862 1855 1868 1870 1866 1882 1904 1913 1916 1927 1936 1942 1927 1916 1925 1938 1947 1949 1951 1951 1950 1946 1945 1942 1935 1932 1931 1934 1931 1922 1905 1882 1866 1849 1841 1840 1854 1860 1859 1846 1848 1858 1866 1858 1846 1853 1873 1896 1906 1913 1908 1901 1893 1889 1882 1865 1848 1845 1869 1891 1913 1920 1918 1904 1884 1860 1831 1802 1777 1759 1759 1756 1764 1776 1786 1789 1789 1785 1782 1783 1769
1894 1882 1884 1885 1889 1871 1885 1900 1923 1938 1938 1951 1954 1947 1942 1944 1953 1955 1957 1957 1959 1959 1957 1954 1952 1946 1941 1942 1941 1936 1929 1915 1899 1883 1875 1869 1867 1875 1873 1862 1852 1863 1878 1889 1882 1873 1872 1884 1900 1915 1923 1920 1914 1906 1903 1898 1888 1878 1882 1887 1903 1917 1927 1927 1915 1895 1875 1851 1825 1801 1787 1767 1757 1751 1757 1775 1784 1790 1786 1776 1769 1750
1906 1909 1901 1909 1903 1907 1893 1904 1928 1940 1952 1956 1966 1962 1960 1961 1962 1964 1965 1966 1967 1968 1966 1963 1961 1955 1950 1948 1946 1939 1933 1924 1913 1904 1899 1895 1894 1891 1889 1876 1870 1873 1889 1896 1882 1869 1876 1889 1902 1921 1927 1927 1918 1911 1908 1903 1902 1901 1902 1904 1909 1925 1935 1936 1927 1910 1889 1866 1849 1831 1811 1789 1761 1753 1750 1762 1786 1797 1789 1769 1756 1743
1909 1918 1928 1921 1932 1928 1925 1921 1932 1953 1958 1970 1974 1972 1971 1970 1970 1971 1973 1975 1975 1976 1975 1972 1970 1962 1955 1958 1952 1944 1936 1929 1922 1918 1916 1911 1902 1900 1899 1900 1892 1893 1901 1896 1876 1863 1869 1887 1911 1927 1935 1927 1915 1903 1895 1890 1900 1911 1912 1911 1918 1931 1942 1944 1931 1910 1883 1871 1854 1846 1828 1800 1784 1778 1771 1782 1802 1815 1798 1775 1761 1758
1916 1926 1941 1945 1947 1955 1949 1944 1953 1962 1972 1979 1981 1977 1973 1972 1971 1970 1974 1978 1983 1984 1985 1982 1975 1963 1958 1960 1962 1951 1943 1935 1930 1927 1923 1918 1907 1900 1907 1912 1914 1915 1916 1910 1892 1879 1882 1896 1917 1933 1941 1937 1924 1910 1894 1887 1891 1912 1924 1927 1933 1943 1951 1946 1929 1901 1879 1855 1849 1838 1822 1812 1805 1812 1806 1805 1822 1831 1814 1785 1786 1789
1936 1938 1948 1957 1964 1970 1971 1969 1969 1977 1982 1986 1984 1974 1968 1968 1967 1969 1971 1979 1988 1994 1995 1992 1982 1968 1959 1964 1966 1963 1952 1945 1938 1933 1927 1921 1911 1905 1910 1923 1927 1927 1924 1915 1910 1900 1899 1910 1927 1942 1946 1944 1939 1930 1919 1906 1913 1923 1933 1944 1947 1954 1956 1951 1932 1909 1879 1854 1831 1821 1811 1814 1827 1842 1837 1832 1839 1844 1811 1801 1807 1823
1954 1948 1954 1963 1974 1981 1982 1981 1983 1986 1989 1991 1983 1977 1972 1976 1977 1981 1982 1988 1998 2004 2006 2004 1997 1985 1975 1972 1975 1974 1967 1956 1944 1942 1935 1930 1920 1911 1917 1928 1935 1933 1926 1920 1916 1909 1901 1907 1929 1943 1950 1948 1943 1940 1935 1935 1933 1941 1946 1946 1948 1955 1963 1954 1938 1912 1879 1853 1838 1826 1822 1829 1846 1862 1861 1852 1857 1843 1822 1811 1841 1856
1943 1945 1945 1960 1975 1987 1989 1988 1991 1993 1994 1991 1984 1980 1982 1985 1988 1990 1996 1999 2007 2014 2016 2016 2013 2008 1998 1990 1988 1987 1979 1960 1947 1945 1949 1947 1938 1928 1925 1937 1942 1940 1935 1929 1932 1923 1908 1917 1921 1938 1955 1955 1950 1945 1940 1943 1946 1953 1952 1948 1944 1943 1963 1958 1933 1901 1870 1857 1860 1863 1856 1860 1871 1883 1885 1881 1875 1863 1847 1854 1876 1891
1938 1938 1939 1952 1972 1987 1994 1995 1997 1998 1998 1987 1980 1984 1989 1995 1996 2002 2006 2011 2017 2021 2024 2025 2025 2023 2019 2012 2005 2001 1989 1972 1953 1954 1958 1962 1954 1945 1940 1945 1950 1949 1944 1942 1942 1936 1927 1921 1920 1928 1949 1962 1957 1949 1946 1943 1947 1954 1963 1963 1951 1956 1962 1960 1930 1896 1870 1867 1880 1890 1893 1894 1902 1912 1912 1904 1888 1873 1874 1889 1903 1915
1952 1948 1946 1955 1974 1992 1999 2001 2002 2002 1992 1987 1980 1995 2002 2007 2009 2011 2016 2021 2024 2028 2030 2031 2032 2032 2030 2026 2019 2012 2003 1988 1974 1969 1971 1970 1968 1962 1958 1958 1961 1958 1954 1951 1952 1946 1941 1941 1926 1932 1953 1965 1962 1958 1953 1955 1952 1960 1969 1975 1975 1968 1975 1963 1944 1917 1895 1890 1895 1898 1902 1915 1933 1938 1936 1928 1908 1899 1910 1919 1931 1939
1972 1969 1960 1970 1985 1999 2005 2007 2007 2003 1998 1986 1992 2005 2014 2017 2019 2020 2024 2028 2031 2032 2034 2035 2035 2036 2035 2032 2027 2020 2013 2005 1996 1990 1987 1986 1982 1979 1974 1973 1972 1969 1965 1962 1960 1958 1955 1951 1946 1946 1961 1968 1969 1964 1965 1964 1966 1970 1975 1981 1982 1980 1979 1975 1963 1950 1934 1923 1906 1896 1902 1912 1945 1955 1954 1944 1937 1931 1943 1948 1954 1960
1995 1989 1988 1993 2001 2007 2009 2010 2012 2012 2007 2008 2008 2017 2023 2025 2025 2027 2030 2033 2034 2036 2037 2037 2038 2038 2037 2035 2031 2027 2021 2015 2009 2005 2002 1999 1995 1992 1988 1984 1982 1980 1978 1974 1973 1972 1969 1969 1963 1968 1971 1977 1975 1974 1973 1973 1976 1978 1981 1984 1984 1984 1983 1982 1981 1974 1965 1955 1939 1928 1917 1937 1950 1946 1949 1954 1951 1959 1967 1971 1977 1978
2006 2006 2006 2008 2010 2011 2012 2013 2015 2016 2018 2018 2021 2025 2028 2030 2031 2032 2034 2036 2037 2038 2038 2039 2039 2039 2038 2036 2034 2030 2026 2021 2017 2013 2010 2007 2005 2001 1997 1994 1991 1990 1988 1984 1982 1980 1979 1978 1978 1978 1980 1980 1981 1980 1975 1977 1982 1984 1986 1987 1988 1989 1988 1988 1989 1989 1985 1981 1972 1964 1966 1962 1956 1935 1931 1947 1959 1971 1980 1989 1992 1994
2012 2013 2013 2013 2013 2014 2015 2016 2018 2020 2021 2023 2025 2027 2030 2033 2034 2035 2036 2037 2038 2039 2039 2040 2040 2040 2039 2037 2035 2033 2030 2026 2022 2019 2016 2014 2011 2008 2005 2001 1999 1998 1996 1992 1988 1986 1985 1985 1985 1984 1983 1984 1985 1982 1978 1979 1985 1989 1989 1990 1991 1993 1993 1993 1995 1996 1996 1994 1991 1989 1986 1986 1972 1942 1941 1950 1954 1957 1978 1993 2002 2003
2015 2016 2017 2017 2016 2017 2018 2019 2021 2022 2024 2026 2028 2030 2032 2034 2036 2037 2037 2038 2038 2039 2040 2040 2040 2040 2039 2038 2036 2034 2031 2029 2026 2023 2021 2019 2016 2014 2011 2008 2006 2005 2002 1998 1994 1991 1990 1990 1989 1988 1988 1988 1989 1988 1985 1988 1992 1993 1994 1993 1994 1995 1997 1999 2001 2003 2003 2001 1999 1998 1997 1995 1992 1982 1980 1975 1958 1953 1962 1984 2004 2010
2019 2020 2020 2020 2019 2019 2021 2022 2023 2025 2026 2028 2030 2032 2033 2035 2037 2038 2038 2038 2039 2040 2040 2040 2040 2040 2039 2038 2036 2035 2033 2031 2028 2026 2024 2022 2020 2018 2016 2014 2012 2010 2008 2003 1999 1996 1995 1994 1993 1993 1993 1993 1993 1993 1992 1995 1996 1997 1997 1997 1998 1999 2001 2003 2005 2007 2008 2006 2004 2004 2003 2003 2002 2003 2004 2004 1993 1980 1983 1994 2003 2011
2023 2023 2024 2024 2024 2024 2024 2025 2025 2026 2028 2030 2032 2033 2034 2036 2037 2038 2039 2039 2040 2040 2040 2040 2040 2040 2039 2038 2037 2035 2034 2032 2030 2029 2026 2025 2023 2022 2020 2019 2017 2015 2013 2009 2004 2001 2000 1997 1997 1997 1997 1997 1997 1996 1997 1998 1999 2000 2000 2001 2002 2003 2005 2006 2008 2011 2012 2011 2010 2008 2008 2007 2007 2007 2007 2010 2012 2013 2011 2008 2012 2014
2026 2026 2026 2027 2026 2026 2027 2027 2027 2028 2030 2031 2033 2034 2035 2036 2037 2038 2039 2040 2040 2040 2040 2040 2040 2040 2039 2038 2037 2036 2035 2033 2032 2031 2029 2027 2025 2024 2023 2022 2021 2020 2017 2014 2010 2006 2004 2001 2000 2000 2000 2000 2000 2000 2001 2002 2002 2002 2003 2004 2005 2006 2008 2010 2012 2014 2016 2016 2015 2015 2014 2013 2012 2011 2010 2012 2016 2020 2023 2023 2021 2021
2028 2029 2028 2028 2029 2029 2029 2029 2029 2030 2031 2033 2034 2035 2036 2037 2038 2038 2039 2040 2040 2040 2040 2040 2040 2040 2039 2039 2038 2037 2036 2035 2034 2032 2030 2029 2027 2026 2025 2024 2023 2022 2021 2018 2015 2011 2008 2006 2004 2003 2003 2003 2003 2004 2004 2004 2004 2005 2006 2007 2008 2009 2011 2013 2014 2016 2018 2020 2020 2021 2020 2020 2021 2022 2021 2024 2025 2028 2029 2028 2029 2029
2031 2031 2031 2031 2031 2031 2031 2031 2031 2031 2033 2033 2035 2035 2036 2037 2038 2038 2039 2039 2040 2040 2040 2040 2040 2040 2040 2039 2039 2038 2037 2036 2035 2033 2031 2030 2028 2027 2026 2026 2025 2024 2022 2021 2019 2016 2014 2010 2008 2006 2005 2005 2006 2006 2006 2006 2007 2008 2009 2010 2011 2013 2014 2016 2017 2019 2022 2023 2025 2025 2027 2027 2028 2030 2031 2033 2033 2034 2033 2033 2032 2032
2032 2032 2032 2032 2032 2032 2032 2032 2033 2033 2033 2034 2035 2035 2036 2037 2038 2038 2039 2039 2040 2040 2040 2040 2040 2040 2040 2039 2039 2038 2037 2036 2035 -9999 -9999 -9999 -9999 2028 2027 -9999 -9999 -9999 -9999 2022 2022 2020 2017 2014 2012 2010 2009 2008 2008 2008 2008 2009 2009 2011 2012 2013 2014 2016 2018 2019 2020 2022 2024 2027 2028 2030 2031 2031 2032 2033 2035 2035 2036 2036 2036 2035 2035 2035
2033 2033 2033 2033 2032 2032 2033 2033 2034 2034 2034 2034 2035 2036 2036 2037 2037 2038 2038 2039 2040 2040 2040 2040 2040 2040 2040 2039 2038 2038 -9999 -9999 -9999 -9999 -9999 -9999 -9999 -9999 -9999 -9999 -9999 -9999 -9999 -9999 2022 2021 2020 2017 2015 2013 2012 2010 2010 2009 2010 2011 2011 2013 2014 2015 2016 2018 2020 2021 2023 2024 2026 2028 2030 2031 2032 2033 2033 2035 2036 2036 2036 2036 2037 2037 2038 2038
-9999 2034 2034 2034 2033 2033 2034 2034 2035 2035 2035 2035 2036 2036 2036 2037 2037 2038 2038 2039 2039 2039 2039 2040 2040 2040 2039 -9999 -9999 -9999 -9999 -9999 -9999 -9999 -9999 -9999 -9999 -9999 -9999 -9999 -9999 -9999 -9999 -9999 -9999 2020 2019 2018 2016 2014 2013 2012 2011 2010 2011 2011 2012 2013 2014 2015 2017 2018 2020 2022 2023 2025 2026 2028 2029 2030 2031 2032 2033 2034 2034 2035 2035 2035 2036 2038 2038 2038
-9999 -9999 2035 2035 2035 2035 2035 2035 2035 2035 2035 2035 2036 2036 2036 2036 2037 2037 2038 2038 2039 2039 2039 2039 2039 -9999 -9999 -9999 -9999 -9999 -9999 -9999 -9999 -9999 -9999 -9999 -9999 -9999 -9999 -9999 -9999 -9999 -9999 -9999 -9999 -9999 2019 2019 2018 2016 2015 2013 2013 2013 2013 2013 2013 2014 2015 2016 2018 2019 2021 2022 2024 2026 2027 2028 2029 2030 2031 2032 2032 -9999 -9999 2035 2035 2035 2036 2037 2039 2039
-9999 -9999 -9999 2035 2035 2035 2035 2035 2036 2035 2035 2034 2034 2034 2034 2035 2035 2036 2037 2037 -9999 -9999 -9999 -9999 -9999 -9999 -9999 -9999 -9999 -9999 -9999 -9999 -9999 -9999 -9999 -9999 -9999 -9999 -9999 -9999 -9999 -9999 -9999 -9999 -9999 -9999 2020 2020 2020 2019 2018 2017 2016 2016 2015 2015 2015 2016 2017 2018 2020 2021 2023 2024 2025 2027 2028 2029 2030 2030 -9999 -9999 -9999 -9999 -9999 -9999 2035 2036 2037 2038 2039 2040
-9999 -9999 -9999 -9999 2034 2033 2033 2033 -9999 -9999 -9999 2034 -9999 2034 2034 2035 2035 2035 -9999 -9999 -9999 -9999 -9999 -9999 -9999 -9999 -9999 -9999 -9999 -9999 -9999 -9999 -9999 -9999 -9999 -9999 -9999 -9999 -9999 -9999 -9999 -9999 -9999 -9999 -9999 -9999 -9999 2021 2021 2021 2020 2020 2020 2019 2018 2018 2018 2018 2019 2020 2022 2023 2025 2026 2027 2028 2028 2029 -9999 -9999 -9999 -9999 -9999 -9999 -9999 -9999 -9999 2037 2037 2038 2040 2041
-9999 -9999 -9999 -9999 -9999 -9999 -9999 -9999 -9999 -9999 -9999 -9999 -9999 -9999 2034 -9999 -9999 -9999 -9999 -9999 -9999 -9999 -9999 -9999 -9999 -9999 -9999 -9999 -9999 -9999 -9999 -9999 -9999 -9999 -9999 -9999 -9999 -9999 -9999 -9999 -9999 -9999 -9999 -9999 -9999 -9999 -9999 -9999 2021 2022 2022 2022 2022 2021 2021 2021 2021 2020 2021 2022 2024 2025 2026 2027 2027 -9999 -9999 -9999 -9999 -9999 -9999 -9999 -9999 -9999 -9999 -9999 -9999 -9999 -9999 2038 2040 2041
