Data/tmin/PRISM_tmin_pr_1963-1995_normal_450mM1_11_asc.asc
ncols 557
nrows 164
xllcorner -67.31875000000
yllcorner 17.86875000000
cellsize 0.00416666667
NODATA_value -9999
[rows 108 to 143 of 164, columns 164 to 245 of 557]
1750 1758 1770 1777 1765 1778 1784 1790 1803 1842 1863 1890 1911 1922 1908 1903 1898 1895 1867 1826 1830 1876 1907 1887 1862 1837 1849 1871 1917 1949 1975 1989 1989 1977 1963 1943 1936 1931 1935 1944 1944 1939 1926 1919 1904 1885 1865 1854 1854 1862 1858 1854 1859 1878 1891 1893 1899 1905 1903 1902 1899 1894 1896 1897 1913 1920 1913 1921 1922 1911 1901 1894 1889 1887 1890 1891 1874 1863 1854 1867 1883 1884
1767 1771 1790 1797 1791 1806 1819 1797 1806 1841 1872 1899 1926 1939 1930 1911 1912 1916 1890 1848 1857 1897 1917 1905 1875 1851 1836 1864 1911 1957 1982 1994 1987 1973 1948 1914 1889 1886 1887 1901 1908 1904 1903 1901 1896 1879 1867 1869 1877 1884 1883 1872 1870 1885 1899 1900 1897 1901 1903 1903 1900 1904 1897 1894 1910 1923 1920 1927 1925 1912 1898 1904 1906 1903 1899 1888 1886 1876 1865 1873 1889 1880
1777 1784 1814 1821 1815 1828 1839 1814 1796 1828 1873 1903 1930 1952 1939 1929 1934 1937 1913 1881 1873 1916 1934 1923 1888 1857 1843 1850 1908 1959 1988 1998 1990 1968 1931 1887 1852 1825 1821 1827 1838 1845 1858 1870 1876 1878 1885 1893 1904 1908 1900 1896 1898 1908 1912 1900 1903 1906 1912 1903 1903 1903 1901 1898 1912 1931 1931 1937 1934 1920 1911 1915 1921 1915 1909 1904 1899 1895 1877 1875 1877 1873
1798 1805 1830 1844 1836 1852 1864 1823 1799 1804 1835 1871 1916 1943 1944 1927 1950 1954 1929 1893 1904 1921 1947 1947 1915 1883 1864 1868 1908 1953 1990 2003 1995 1966 1935 1892 1859 1818 1793 1778 1771 1789 1807 1836 1864 1879 1900 1917 1925 1927 1921 1922 1926 1921 1910 1898 1903 1917 1923 1923 1914 1916 1912 1907 1918 1936 1943 1949 1943 1932 1927 1928 1928 1926 1919 1915 1913 1909 1890 1880 1874 1869
1849 1842 1854 1865 1862 1877 1886 1858 1817 1809 1808 1836 1885 1947 1931 1934 1951 1963 1944 1922 1919 1938 1952 1962 1939 1911 1891 1884 1913 1955 1990 2011 2007 1992 1964 1945 1910 1874 1831 1799 1783 1779 1799 1823 1850 1880 1899 1922 1935 1944 1944 1942 1937 1919 1900 1894 1903 1913 1928 1933 1937 1936 1931 1926 1932 1947 1956 1959 1942 1932 1925 1928 1925 1916 1920 1912 1909 1905 1902 1894 1889 1885
1893 1879 1874 1884 1886 1904 1904 1884 1873 1850 1839 1850 1903 1944 1949 1930 1961 1981 1965 1951 1951 1952 1967 1970 1952 1924 1905 1901 1929 1965 1996 2019 2016 2006 1993 1973 1950 1913 1877 1842 1821 1814 1817 1829 1857 1878 1906 1931 1948 1964 1959 1953 1939 1914 1898 1896 1896 1902 1917 1940 1951 1958 1952 1950 1952 1963 1967 1956 1936 1920 1918 1913 1912 1912 1909 1910 1902 1901 1898 1900 1894 1888
1922 1900 1888 1900 1909 1914 1925 1916 1910 1907 1893 1910 1941 1976 1961 1956 1977 1991 1991 1977 1977 1982 1986 1989 1971 1948 1932 1924 1945 1968 2000 2012 2013 2005 1993 1973 1951 1925 1893 1867 1853 1851 1853 1862 1867 1892 1919 1945 1968 1977 1975 1963 1950 1931 1918 1907 1899 1897 1914 1940 1961 1972 1965 1969 1973 1979 1971 1952 1926 1911 1907 1904 1906 1905 1910 1908 1901 1896 1891 1884 1885 1880
1942 1919 1905 1916 1927 1931 1943 1940 1948 1947 1953 1967 1989 1993 1987 1983 1996 2010 2009 2004 2003 2004 2009 2006 1993 1979 1970 1964 1975 1998 2012 2019 2012 1999 1978 1956 1933 1921 1900 1889 1877 1877 1890 1890 1893 1901 1931 1965 1984 1991 1980 1973 1961 1952 1942 1927 1912 1903 1910 1937 1964 1974 1974 1979 1990 1988 1975 1951 1924 1915 1907 1902 1902 1901 1902 1902 1900 1891 1880 1878 1876 1878
1956 1933 1919 1935 1932 1939 1952 1960 1964 1978 1987 2007 2010 2002 1991 1999 2015 2022 2026 2025 2025 2024 2025 2023 2015 2005 2000 1997 2010 2022 2024 2018 2010 1990 1968 1940 1924 1925 1929 1917 1912 1913 1926 1932 1924 1925 1943 1972 1992 2002 1992 1979 1974 1967 1963 1951 1932 1913 1920 1941 1972 1992 1992 2001 1999 1986 1965 1940 1918 1912 1912 1904 1900 1895 1898 1900 1903 1896 1888 1882 1892 1886
1958 1946 1934 1946 1945 1935 1956 1973 1986 1998 2012 2021 2026 2009 1998 2007 2019 2028 2032 2034 2035 2036 2034 2035 2032 2026 2022 2024 2032 2036 2030 2020 2008 1999 1978 1956 1945 1949 1950 1945 1932 1937 1953 1963 1957 1947 1955 1967 1993 2004 2007 2000 1986 1984 1982 1974 1954 1943 1945 1963 1985 2003 2011 2012 1999 1978 1957 1933 1918 1910 1911 1904 1892 1888 1890 1899 1902 1902 1891 1895 1896 1879
1969 1959 1958 1954 1952 1936 1959 1976 1999 2018 2019 2033 2034 2027 2021 2022 2031 2033 2035 2037 2040 2041 2041 2040 2041 2039 2036 2038 2043 2042 2038 2025 2019 2007 2001 1990 1977 1978 1973 1958 1944 1953 1969 1978 1973 1965 1963 1975 1987 2010 2019 2013 2000 1995 1992 1984 1976 1968 1976 1981 1996 2013 2023 2025 2011 1988 1970 1951 1928 1919 1908 1899 1884 1869 1871 1883 1898 1901 1897 1891 1888 1860
1977 1981 1971 1975 1963 1967 1970 1985 2007 2020 2031 2034 2043 2039 2036 2037 2037 2039 2040 2042 2043 2045 2045 2044 2045 2043 2043 2045 2047 2046 2041 2034 2022 2019 2014 2009 2001 1994 1991 1977 1964 1963 1977 1986 1970 1959 1968 1972 1990 2011 2023 2019 2004 1997 1995 1989 1987 1989 1990 1991 2001 2019 2031 2035 2020 2002 1982 1962 1946 1930 1919 1902 1877 1864 1854 1865 1888 1900 1894 1882 1872 1851
1983 1996 2001 1988 1993 1994 2001 2002 2011 2031 2035 2045 2049 2046 2045 2042 2041 2043 2044 2046 2047 2049 2049 2049 2049 2045 2043 2051 2050 2046 2044 2039 2032 2027 2025 2020 2009 2002 2003 2001 1988 1985 1993 1990 1971 1958 1962 1976 1996 2016 2026 2014 1999 1994 1985 1981 1991 2000 1998 1996 2008 2024 2037 2035 2022 1998 1974 1961 1945 1940 1922 1900 1889 1878 1873 1876 1893 1904 1890 1873 1863 1853
1990 2005 2015 2015 2015 2025 2028 2022 2029 2037 2046 2052 2053 2048 2044 2041 2040 2039 2042 2047 2052 2054 2055 2054 2050 2040 2039 2048 2055 2050 2047 2044 2039 2034 2030 2024 2012 2002 2011 2014 2011 2010 2009 2005 1986 1976 1980 1990 2009 2027 2033 2024 2009 2000 1987 1978 1983 2003 2011 2012 2023 2035 2042 2036 2013 1990 1968 1943 1934 1924 1910 1902 1899 1908 1903 1899 1909 1916 1902 1876 1879 1879
2009 2013 2025 2029 2035 2043 2046 2043 2043 2049 2053 2056 2054 2043 2036 2035 2033 2035 2037 2045 2054 2059 2061 2059 2050 2038 2032 2044 2053 2056 2051 2048 2042 2037 2032 2025 2013 2006 2011 2026 2028 2026 2023 2011 2005 1998 1996 2006 2024 2038 2040 2035 2028 2022 2010 1996 2003 2013 2019 2030 2034 2043 2046 2036 2021 1996 1968 1942 1919 1910 1901 1906 1920 1937 1932 1925 1926 1933 1897 1888 1895 1912
2027 2024 2029 2037 2046 2053 2054 2053 2054 2056 2059 2060 2051 2045 2038 2042 2042 2044 2045 2050 2059 2065 2067 2066 2060 2050 2044 2046 2053 2059 2058 2052 2042 2043 2037 2033 2023 2011 2019 2030 2036 2033 2025 2017 2012 2005 1997 2002 2024 2038 2043 2039 2034 2030 2025 2023 2021 2027 2033 2029 2034 2041 2049 2044 2025 2001 1967 1943 1930 1919 1917 1923 1938 1952 1958 1946 1947 1934 1912 1897 1929 1945
2019 2020 2019 2033 2046 2058 2059 2058 2060 2062 2063 2058 2050 2045 2046 2049 2051 2051 2056 2058 2066 2071 2073 2074 2072 2070 2064 2058 2059 2063 2062 2048 2039 2040 2046 2045 2037 2027 2024 2036 2041 2038 2033 2026 2027 2019 2004 2011 2015 2031 2046 2045 2039 2033 2027 2030 2031 2037 2035 2032 2027 2026 2047 2042 2020 1985 1955 1944 1952 1957 1951 1953 1959 1972 1978 1975 1965 1953 1935 1941 1965 1982
2012 2011 2011 2023 2042 2057 2063 2063 2065 2065 2065 2053 2045 2048 2052 2056 2057 2062 2064 2069 2074 2076 2079 2080 2080 2080 2079 2074 2070 2071 2064 2051 2037 2042 2049 2054 2048 2040 2036 2041 2046 2044 2040 2037 2036 2031 2022 2013 2012 2018 2038 2050 2044 2036 2032 2027 2031 2037 2046 2044 2032 2037 2043 2042 2011 1977 1950 1951 1967 1985 1986 1988 1989 2000 2003 1996 1975 1959 1958 1975 1993 2008
2024 2020 2017 2026 2044 2061 2067 2068 2068 2068 2058 2051 2044 2057 2063 2068 2069 2070 2074 2077 2080 2082 2083 2084 2084 2085 2085 2083 2080 2076 2072 2061 2051 2050 2054 2057 2057 2052 2050 2051 2053 2051 2047 2044 2044 2039 2032 2032 2016 2021 2041 2052 2047 2044 2037 2040 2035 2042 2050 2054 2054 2047 2054 2042 2023 1996 1974 1968 1980 1986 1993 2005 2020 2023 2023 2014 1993 1981 1992 2005 2022 2028
2043 2040 2031 2040 2054 2066 2071 2072 2072 2067 2062 2049 2054 2066 2074 2076 2077 2077 2081 2083 2085 2085 2086 2087 2087 2087 2088 2086 2084 2080 2077 2073 2068 2065 2065 2067 2065 2064 2061 2061 2061 2058 2055 2052 2050 2048 2044 2040 2034 2033 2047 2054 2053 2048 2048 2046 2047 2050 2055 2059 2059 2058 2056 2052 2040 2029 2013 2000 1985 1979 1983 1995 2026 2036 2036 2027 2019 2015 2027 2035 2041 2048
2064 2058 2056 2060 2068 2073 2074 2075 2075 2075 2070 2069 2069 2078 2082 2083 2082 2084 2085 2087 2088 2088 2089 2089 2089 2089 2089 2088 2087 2085 2081 2079 2077 2075 2074 2074 2073 2071 2069 2068 2067 2066 2065 2062 2060 2059 2056 2056 2049 2053 2056 2061 2058 2057 2055 2054 2056 2056 2059 2061 2061 2060 2058 2057 2057 2051 2042 2031 2017 2005 1995 2014 2028 2024 2028 2033 2031 2039 2048 2052 2057 2053
2072 2073 2072 2074 2075 2075 2076 2077 2077 2078 2079 2079 2081 2084 2086 2087 2087 2088 2089 2089 2090 2090 2090 2090 2091 2091 2090 2090 2088 2087 2085 2083 2081 2080 2079 2078 2078 2076 2074 2072 2071 2072 2072 2070 2068 2066 2064 2063 2063 2062 2062 2062 2062 2060 2054 2056 2060 2061 2063 2062 2063 2063 2062 2061 2062 2062 2058 2055 2047 2041 2042 2037 2031 2011 2008 2023 2034 2046 2055 2062 2064 2062
2077 2078 2078 2078 2078 2078 2078 2079 2080 2081 2082 2083 2084 2086 2088 2090 2090 2091 2091 2091 2091 2091 2091 2091 2092 2092 2091 2090 2089 2089 2088 2086 2085 2083 2082 2082 2081 2079 2078 2076 2075 2076 2076 2074 2071 2070 2068 2067 2067 2066 2064 2064 2064 2060 2056 2056 2062 2065 2064 2065 2064 2065 2065 2065 2065 2067 2066 2065 2062 2061 2058 2058 2044 2015 2015 2023 2026 2029 2049 2063 2069 2069
2079 2080 2081 2080 2079 2080 2081 2081 2082 2083 2084 2085 2086 2088 2089 2091 2092 2092 2092 2092 2092 2092 2092 2092 2092 2092 2091 2091 2090 2090 2089 2088 2087 2086 2085 2085 2084 2082 2081 2079 2079 2079 2078 2076 2074 2072 2071 2070 2069 2068 2067 2066 2067 2065 2062 2064 2067 2067 2067 2066 2066 2067 2068 2069 2070 2071 2071 2069 2068 2067 2066 2064 2062 2053 2051 2045 2029 2024 2032 2052 2071 2075
2082 2083 2083 2083 2082 2082 2083 2083 2084 2085 2086 2087 2088 2089 2090 2091 2092 2093 2093 2093 2093 2093 2093 2093 2093 2092 2092 2092 2091 2090 2090 2089 2088 2088 2087 2086 2086 2085 2084 2083 2082 2081 2080 2078 2076 2074 2074 2072 2071 2071 2070 2070 2069 2069 2068 2069 2070 2070 2070 2069 2069 2070 2070 2072 2073 2074 2075 2074 2071 2071 2069 2070 2069 2072 2073 2073 2062 2049 2050 2061 2069 2075
2085 2085 2086 2085 2085 2085 2085 2085 2086 2086 2087 2088 2090 2091 2091 2092 2093 2094 2094 2094 2094 2094 2093 2093 2093 2093 2093 2092 2092 2091 2090 2090 2090 2089 2088 2088 2087 2086 2086 2085 2085 2084 2083 2081 2078 2077 2076 2074 2073 2073 2073 2073 2072 2071 2072 2072 2072 2071 2072 2072 2072 2073 2073 2074 2075 2077 2078 2077 2075 2073 2073 2072 2073 2073 2073 2077 2078 2080 2077 2073 2076 2078
2086 2087 2087 2087 2087 2087 2087 2087 2087 2088 2089 2090 2091 2092 2092 2093 2093 2094 2094 2094 2094 2094 2094 2094 2094 2093 2093 2093 2093 2092 2092 2091 2091 2090 2090 2089 2088 2087 2087 2087 2087 2086 2085 2083 2081 2079 2078 2076 2075 2075 2075 2075 2074 2074 2074 2074 2073 2073 2073 2074 2074 2075 2076 2077 2078 2080 2081 2081 2080 2079 2078 2077 2076 2075 2074 2076 2081 2085 2087 2087 2084 2084
2089 2089 2089 2089 2089 2089 2089 2088 2088 2089 2090 2091 2091 2092 2093 2093 2093 2094 2094 2094 2094 2094 2094 2094 2094 2094 2094 2094 2094 2093 2093 2093 2092 2091 2091 2090 2089 2088 2088 2088 2088 2087 2087 2086 2084 2082 2080 2079 2078 2077 2077 2076 2076 2076 2076 2075 2075 2075 2075 2076 2076 2077 2078 2079 2080 2082 2083 2084 2083 2083 2083 2083 2083 2084 2083 2087 2088 2091 2092 2091 2091 2091
2091 2090 2090 2090 2090 2090 2090 2090 2090 2090 2091 2091 2092 2092 2093 2093 2093 2094 2094 2094 2094 2094 2094 2094 2094 2095 2095 2095 2094 2094 2094 2093 2093 2092 2091 2091 2090 2089 2089 2089 2089 2088 2088 2087 2086 2085 2083 2081 2080 2078 2078 2077 2077 2077 2077 2077 2077 2077 2078 2078 2079 2080 2081 2082 2083 2084 2086 2086 2087 2087 2088 2088 2089 2091 2092 2094 2094 2096 2095 2094 2093 2093
2091 2091 2091 2091 2091 2091 2091 2091 2091 2091 2091 2092 2092 2092 2093 2093 2093 2094 2094 2094 2094 2094 2094 2094 2095 2095 2095 2095 2095 2094 2094 2093 2093 -9999 -9999 -9999 -9999 2090 2090 -9999 -9999 -9999 -9999 2087 2087 2087 2085 2084 2082 2081 2079 2079 2078 2078 2078 2078 2078 2079 2080 2080 2081 2082 2083 2084 2085 2086 2087 2089 2090 2090 2091 2091 2092 2093 2095 2095 2096 2096 2096 2096 2095 2095
2092 2092 2091 2091 2091 2091 2091 2091 2092 2092 2092 2092 2092 2093 2093 2093 2093 2094 2094 2094 2095 2095 2095 2095 2095 2095 2095 2095 2095 2094 -9999 -9999 -9999 -9999 -9999 -9999 -9999 -9999 -9999 -9999 -9999 -9999 -9999 -9999 2088 2087 2086 2085 2084 2082 2081 2080 2079 2079 2079 2080 2080 2080 2081 2082 2082 2084 2084 2085 2086 2087 2089 2090 2091 2091 2092 2093 2093 2094 2097 2097 2097 2098 2096 2098 2098 2098
-9999 2092 2093 2092 2092 2092 2092 2092 2092 2093 2092 2093 2093 2093 2093 2093 2093 2094 2094 2094 2094 2094 2095 2095 2095 2095 2095 -9999 -9999 -9999 -9999 -9999 -9999 -9999 -9999 -9999 -9999 -9999 -9999 -9999 -9999 -9999 -9999 -9999 -9999 2086 2085 2084 2084 2083 2081 2081 2080 2079 2080 2080 2079 2080 2081 2081 2082 2083 2084 2086 2086 2087 2088 2089 2090 2090 2091 2091 2092 2095 2099 2102 2101 2100 2101 2100 2103 2103
-9999 -9999 2093 2093 2093 2093 2093 2093 2093 2093 2093 2092 2093 2093 2093 2093 2093 2094 2094 2094 2095 2095 2095 2095 2095 -9999 -9999 -9999 -9999 -9999 -9999 -9999 -9999 -9999 -9999 -9999 -9999 -9999 -9999 -9999 -9999 -9999 -9999 -9999 -9999 -9999 2085 2085 2084 2083 2083 2082 2081 2081 2081 2081 2081 2081 2081 2082 2083 2084 2085 2086 2087 2088 2089 2089 2090 2090 2090 2091 2091 -9999 -9999 2103 2103 2103 2100 2103 2103 2105
-9999 -9999 -9999 2094 2094 2093 2093 2093 2093 2093 2092 2091 2092 2091 2092 2092 2092 2092 2093 2093 -9999 -9999 -9999 -9999 -9999 -9999 -9999 -9999 -9999 -9999 -9999 -9999 -9999 -9999 -9999 -9999 -9999 -9999 -9999 -9999 -9999 -9999 -9999 -9999 -9999 -9999 2085 2085 2085 2085 2084 2084 2083 2083 2082 2082 2082 2082 2083 2084 2085 2086 2087 2088 2088 2089 2089 2090 2090 2090 -9999 -9999 -9999 -9999 -9999 -9999 2103 2103 2103 2102 2105 2105
-9999 -9999 -9999 -9999 2093 2092 2091 2091 -9999 -9999 -9999 2091 -9999 2091 2091 2092 2092 2092 -9999 -9999 -9999 -9999 -9999 -9999 -9999 -9999 -9999 -9999 -9999 -9999 -9999 -9999 -9999 -9999 -9999 -9999 -9999 -9999 -9999 -9999 -9999 -9999 -9999 -9999 -9999 -9999 -9999 2086 2086 2086 2086 2085 2085 2084 2084 2084 2084 2084 2084 2085 2086 2087 2088 2088 2089 2089 2089 2090 -9999 -9999 -9999 -9999 -9999 -9999 -9999 -9999 -9999 2103 2103 2103 2105 2106
-9999 -9999 -9999 -9999 -9999 -9999 -9999 -9999 -9999 -9999 -9999 -9999 -9999 -9999 2092 -9999 -9999 -9999 -9999 -9999 -9999 -9999 -9999 -9999 -9999 -9999 -9999 -9999 -9999 -9999 -9999 -9999 -9999 -9999 -9999 -9999 -9999 -9999 -9999 -9999 -9999 -9999 -9999 -9999 -9999 -9999 -9999 -9999 2086 2086 2086 2086 2086 2086 2086 2086 2086 2085 2086 2086 2087 2088 2088 2089 2089 -9999 -9999 -9999 -9999 -9999 -9999 -9999 -9999 -9999 -9999 -9999 -9999 -9999 -9999 2104 2105 2106
