Data/tmin/PRISM_tmin_pr_1963-1995_normal_450mM1_02_asc.asc
ncols 557
nrows 164
xllcorner -67.31875000000
yllcorner 17.86875000000
cellsize 0.00416666667
NODATA_value -9999
[rows 72 to 107 of 164, columns 246 to 327 of 557]
1554 1551 1554 1551 1553 1557 1559 1559 1560 1568 1572 1577 1577 1579 1586 1599 1626 1632 1642 1636 1637 1632 1651 1638 1624 1606 1597 1596 1595 1603 1608 1616 1631 1649 1651 1648 1642 1639 1635 1642 1649 1646 1638 1642 1647 1652 1660 1667 1672 1668 1666 1656 1657 1657 1656 1647 1648 1646 1635 1633 1643 1652 1652 1651 1648 1645 1643 1642 1632 1632 1629 1627 1632 1627 1629 1636 1642 1651 1657 1662 1669 1678
1554 1557 1556 1560 1559 1566 1568 1572 1577 1580 1587 1586 1590 1588 1595 1615 1636 1649 1648 1642 1635 1638 1633 1628 1601 1583 1584 1587 1599 1605 1615 1614 1627 1640 1645 1642 1640 1636 1637 1641 1649 1647 1646 1649 1650 1660 1668 1674 1671 1669 1662 1663 1655 1662 1658 1657 1651 1643 1633 1628 1641 1649 1650 1648 1646 1643 1641 1640 1637 1633 1625 1619 1615 1608 1608 1622 1633 1645 1644 1645 1639 1664
1559 1560 1571 1568 1571 1573 1574 1580 1582 1586 1589 1595 1599 1602 1612 1641 1666 1661 1654 1646 1638 1635 1641 1628 1607 1595 1597 1614 1624 1631 1624 1616 1617 1630 1634 1640 1639 1638 1639 1648 1655 1664 1660 1660 1658 1659 1667 1669 1667 1655 1665 1656 1656 1658 1663 1660 1657 1651 1646 1643 1648 1648 1646 1645 1643 1642 1640 1639 1638 1633 1623 1614 1605 1603 1607 1621 1634 1641 1639 1625 1632 1649
1558 1572 1577 1578 1575 1575 1574 1574 1576 1579 1586 1592 1597 1600 1610 1637 1653 1665 1647 1642 1638 1645 1655 1656 1643 1633 1637 1641 1639 1635 1622 1615 1612 1621 1627 1638 1636 1636 1643 1653 1664 1671 1673 1672 1662 1662 1661 1659 1655 1654 1658 1661 1653 1655 1658 1659 1658 1656 1654 1651 1649 1645 1641 1641 1642 1642 1641 1641 1639 1634 1626 1608 1607 1606 1613 1629 1638 1644 1629 1624 1620 1642
1561 1574 1584 1584 1578 1578 1580 1579 1577 1579 1584 1590 1601 1603 1614 1621 1647 1644 1653 1635 1637 1640 1651 1650 1639 1641 1649 1643 1632 1621 1620 1615 1619 1620 1625 1629 1628 1630 1640 1652 1659 1672 1671 1671 1672 1662 1653 1650 1645 1644 1658 1664 1658 1654 1651 1656 1655 1654 1653 1652 1647 1642 1640 1640 1643 1643 1643 1643 1642 1638 1627 1616 1614 1621 1628 1639 1645 1645 1635 1625 1624 1641
1564 1580 1592 1587 1592 1600 1598 1601 1595 1593 1597 1602 1619 1636 1642 1653 1650 1661 1646 1643 1632 1646 1645 1639 1628 1633 1646 1634 1621 1615 1611 1611 1615 1621 1622 1628 1623 1625 1634 1646 1647 1660 1665 1670 1668 1657 1646 1639 1643 1643 1653 1665 1660 1651 1646 1650 1650 1650 1649 1648 1645 1641 1641 1644 1645 1646 1646 1646 1645 1640 1630 1623 1625 1636 1638 1642 1642 1643 1641 1630 1635 1639
1569 1582 1589 1595 1597 1606 1615 1622 1624 1621 1621 1628 1636 1641 1649 1654 1661 1650 1653 1641 1643 1647 1644 1639 1621 1620 1625 1620 1609 1606 1608 1604 1610 1617 1623 1627 1622 1620 1627 1631 1639 1649 1657 1668 1662 1646 1627 1626 1640 1638 1658 1662 1664 1648 1648 1648 1648 1646 1648 1646 1643 1642 1644 1647 1646 1646 1646 1647 1648 1645 1637 1628 1629 1627 1629 1628 1629 1636 1637 1637 1634 1637
1560 1574 1583 1590 1606 1620 1621 1637 1641 1637 1641 1638 1642 1644 1647 1653 1651 1648 1642 1648 1648 1644 1638 1634 1611 1596 1598 1595 1591 1597 1599 1604 1607 1613 1617 1622 1620 1616 1618 1629 1631 1646 1656 1658 1658 1640 1620 1621 1637 1654 1655 1665 1657 1649 1641 1647 1646 1647 1646 1646 1643 1643 1647 1648 1645 1642 1641 1643 1649 1649 1645 1638 1625 1625 1626 1632 1630 1639 1641 1642 1643 1631
1558 1564 1571 1584 1608 1614 1617 1628 1636 1632 1642 1645 1641 1647 1652 1655 1653 1643 1649 1650 1653 1647 1639 1635 1616 1597 1592 1589 1591 1590 1598 1601 1602 1601 1610 1619 1620 1617 1617 1622 1631 1637 1645 1649 1642 1632 1623 1634 1663 1671 1672 1670 1659 1647 1644 1647 1645 1646 1647 1646 1646 1646 1648 1649 1641 1637 1634 1638 1641 1648 1650 1638 1630 1628 1640 1643 1648 1648 1655 1662 1662 1640
1548 1555 1553 1568 1581 1583 1582 1598 1618 1633 1638 1645 1647 1648 1655 1654 1651 1647 1652 1658 1648 1640 1638 1639 1626 1610 1603 1604 1602 1600 1600 1596 1591 1592 1603 1620 1623 1622 1622 1619 1619 1625 1631 1633 1626 1627 1628 1649 1678 1676 1675 1664 1668 1657 1652 1651 1645 1644 1646 1649 1647 1645 1646 1641 1631 1630 1632 1629 1633 1636 1645 1647 1639 1649 1658 1666 1665 1666 1674 1682 1681 1659
1538 1546 1553 1557 1565 1553 1542 1569 1608 1622 1634 1641 1648 1653 1651 1651 1651 1651 1660 1663 1649 1641 1640 1638 1622 1608 1602 1601 1602 1600 1595 1593 1590 1593 1609 1619 1626 1628 1621 1619 1618 1619 1626 1624 1621 1625 1637 1660 1674 1678 1671 1674 1672 1667 1666 1656 1648 1640 1648 1648 1645 1644 1635 1632 1628 1626 1626 1629 1619 1622 1638 1646 1656 1665 1674 1679 1680 1683 1686 1697 1693 1680
1526 1543 1549 1562 1562 1547 1549 1579 1620 1638 1639 1644 1648 1650 1643 1647 1654 1645 1654 1657 1646 1637 1646 1629 1620 1601 1598 1594 1594 1594 1596 1598 1600 1611 1615 1623 1629 1627 1627 1622 1624 1626 1625 1621 1616 1624 1634 1652 1672 1675 1683 1679 1673 1670 1662 1667 1649 1649 1648 1648 1645 1634 1631 1631 1634 1630 1634 1631 1629 1631 1635 1648 1655 1665 1672 1683 1687 1691 1698 1699 1700 1692
1515 1532 1547 1555 1559 1550 1560 1593 1629 1645 1645 1642 1650 1643 1641 1645 1652 1642 1635 1639 1637 1641 1639 1636 1619 1614 1608 1605 1597 1597 1600 1600 1606 1610 1616 1621 1625 1629 1626 1627 1629 1629 1626 1623 1619 1622 1628 1645 1661 1674 1684 1677 1671 1654 1660 1657 1655 1648 1648 1646 1639 1637 1636 1640 1647 1644 1638 1640 1638 1638 1642 1639 1651 1650 1656 1668 1683 1694 1699 1701 1702 1701
1502 1521 1537 1551 1555 1555 1572 1603 1633 1644 1646 1649 1638 1646 1644 1645 1647 1637 1627 1628 1630 1635 1637 1625 1622 1615 1613 1612 1607 1601 1598 1597 1600 1607 1613 1619 1629 1629 1631 1631 1632 1630 1630 1627 1627 1627 1632 1642 1655 1663 1669 1670 1663 1655 1649 1655 1646 1642 1645 1641 1639 1639 1643 1651 1653 1651 1651 1648 1644 1645 1641 1642 1640 1642 1640 1659 1677 1693 1702 1704 1706 1707
1513 1518 1530 1543 1548 1558 1576 1599 1619 1635 1641 1630 1642 1641 1647 1643 1648 1645 1633 1627 1631 1633 1627 1619 1619 1611 1614 1608 1604 1600 1593 1596 1600 1610 1617 1624 1628 1630 1631 1632 1634 1636 1635 1635 1633 1634 1640 1648 1652 1654 1659 1659 1663 1652 1654 1650 1642 1641 1644 1648 1643 1645 1654 1654 1656 1657 1661 1657 1653 1653 1643 1640 1640 1638 1645 1663 1682 1697 1703 1708 1711 1711
1530 1531 1532 1537 1545 1561 1587 1593 1613 1627 1629 1634 1633 1640 1641 1645 1646 1650 1632 1619 1620 1620 1602 1605 1609 1611 1611 1609 1600 1596 1599 1599 1609 1617 1625 1626 1629 1630 1630 1632 1634 1637 1640 1641 1639 1641 1643 1648 1646 1642 1647 1651 1655 1655 1655 1653 1646 1640 1646 1647 1649 1650 1657 1658 1662 1661 1665 1666 1661 1650 1640 1636 1639 1643 1651 1671 1687 1698 1705 1712 1716 1716
1550 1547 1545 1543 1551 1573 1590 1597 1606 1621 1624 1627 1630 1631 1638 1637 1646 1636 1622 1601 1611 1605 1590 1591 1605 1609 1609 1607 1604 1604 1606 1611 1615 1621 1625 1626 1627 1628 1630 1631 1630 1629 1630 1635 1636 1640 1640 1639 1633 1632 1639 1650 1656 1659 1664 1662 1654 1646 1642 1644 1639 1644 1645 1653 1656 1663 1661 1663 1660 1644 1628 1634 1642 1654 1663 1678 1691 1700 1710 1717 1721 1722
1546 1551 1544 1540 1547 1566 1583 1586 1594 1606 1614 1616 1627 1626 1632 1635 1633 1633 1605 1598 1604 1616 1599 1605 1611 1608 1608 1606 1602 1612 1613 1615 1616 1620 1624 1622 1622 1623 1626 1631 1628 1621 1618 1618 1622 1629 1632 1630 1628 1630 1645 1652 1658 1665 1669 1662 1656 1648 1645 1642 1638 1636 1636 1644 1653 1652 1649 1657 1657 1649 1635 1644 1656 1670 1679 1690 1699 1706 1714 1719 1721 1723
1539 1542 1541 1536 1543 1555 1568 1573 1577 1588 1596 1612 1622 1625 1625 1635 1635 1629 1618 1599 1606 1615 1610 1606 1608 1604 1605 1603 1603 1601 1612 1614 1614 1618 1622 1621 1620 1620 1623 1627 1627 1620 1614 1608 1606 1618 1624 1623 1625 1634 1645 1648 1652 1662 1671 1663 1657 1648 1655 1649 1643 1640 1643 1646 1658 1650 1644 1646 1654 1649 1648 1653 1664 1678 1689 1699 1707 1713 1718 1720 1714 1714
1530 1534 1543 1553 1564 1581 1582 1574 1571 1565 1579 1600 1616 1617 1612 1619 1630 1628 1623 1612 1614 1611 1609 1607 1599 1604 1608 1608 1598 1598 1599 1607 1607 1609 1615 1614 1613 1616 1617 1623 1624 1620 1614 1604 1602 1613 1618 1620 1624 1631 1637 1637 1641 1656 1671 1672 1657 1655 1656 1655 1647 1648 1644 1650 1644 1644 1640 1645 1642 1646 1652 1660 1665 1676 1688 1701 1708 1714 1717 1714 1713 1704
1540 1549 1552 1561 1581 1594 1597 1585 1568 1566 1564 1589 1609 1605 1607 1616 1626 1636 1631 1630 1619 1607 1604 1598 1598 1597 1608 1611 1600 1593 1595 1592 1593 1596 1601 1598 1600 1605 1608 1614 1618 1616 1612 1605 1601 1613 1620 1620 1619 1614 1612 1615 1612 1634 1660 1663 1666 1660 1665 1664 1654 1650 1653 1636 1627 1624 1630 1648 1643 1643 1653 1661 1665 1673 1686 1700 1705 1710 1715 1717 1709 1707
1558 1557 1561 1568 1584 1603 1603 1592 1581 1566 1565 1578 1591 1599 1603 1621 1637 1647 1651 1629 1625 1608 1604 1601 1597 1600 1610 1609 1599 1597 1589 1587 1580 1581 1588 1585 1585 1592 1600 1605 1610 1609 1606 1599 1601 1608 1616 1617 1607 1587 1580 1580 1586 1608 1634 1648 1652 1663 1673 1671 1657 1654 1650 1640 1605 1594 1619 1642 1642 1641 1651 1662 1665 1671 1682 1695 1696 1704 1711 1709 1712 1702
1557 1568 1566 1572 1584 1599 1605 1596 1583 1572 1573 1577 1581 1583 1601 1616 1630 1648 1645 1625 1617 1614 1619 1607 1602 1602 1613 1609 1602 1604 1598 1588 1583 1585 1588 1583 1584 1590 1596 1604 1603 1603 1602 1601 1604 1613 1615 1610 1591 1563 1546 1549 1565 1591 1610 1618 1638 1655 1665 1669 1662 1654 1662 1642 1599 1587 1616 1637 1636 1641 1647 1655 1662 1663 1677 1686 1682 1684 1690 1697 1699 1701
1563 1572 1581 1584 1588 1595 1602 1597 1588 1584 1584 1586 1584 1577 1587 1603 1612 1628 1631 1625 1621 1623 1623 1615 1602 1598 1610 1608 1602 1603 1601 1594 1593 1592 1593 1588 1588 1590 1600 1601 1602 1599 1603 1608 1613 1615 1612 1602 1584 1550 1531 1541 1557 1584 1593 1607 1640 1655 1658 1660 1656 1663 1660 1642 1600 1590 1611 1621 1627 1633 1641 1647 1654 1663 1677 1684 1674 1666 1668 1675 1691 1687
1554 1567 1579 1591 1595 1596 1596 1599 1592 1589 1596 1595 1592 1590 1594 1604 1611 1612 1630 1628 1629 1622 1620 1604 1598 1592 1601 1596 1590 1594 1591 1593 1594 1594 1591 1586 1590 1595 1598 1604 1599 1602 1603 1612 1614 1609 1604 1595 1576 1553 1543 1547 1571 1575 1578 1603 1637 1648 1646 1649 1656 1661 1666 1644 1604 1583 1594 1595 1603 1622 1627 1639 1650 1662 1676 1685 1672 1665 1665 1675 1684 1674
1546 1550 1568 1586 1596 1599 1599 1596 1595 1592 1591 1592 1600 1602 1610 1618 1620 1616 1616 1623 1622 1614 1611 1608 1602 1595 1598 1592 1579 1580 1582 1586 1583 1585 1587 1586 1591 1595 1600 1601 1604 1601 1607 1608 1611 1604 1594 1586 1572 1561 1558 1574 1577 1577 1580 1610 1632 1639 1640 1644 1644 1652 1649 1636 1593 1589 1597 1602 1619 1627 1635 1644 1658 1665 1677 1678 1675 1666 1663 1675 1674 1662
1547 1553 1566 1587 1594 1598 1601 1602 1597 1592 1590 1584 1590 1598 1603 1613 1615 1612 1611 1611 1609 1610 1611 1611 1609 1599 1595 1584 1578 1574 1580 1571 1573 1570 1579 1582 1587 1592 1596 1599 1599 1604 1601 1605 1600 1598 1592 1583 1579 1569 1575 1579 1580 1575 1586 1609 1627 1627 1635 1638 1640 1638 1637 1612 1594 1596 1626 1634 1638 1640 1645 1658 1662 1666 1670 1674 1666 1660 1662 1666 1664 1648
1561 1562 1573 1588 1591 1593 1597 1597 1596 1589 1587 1583 1585 1584 1593 1595 1612 1608 1611 1605 1601 1593 1596 1602 1602 1587 1577 1571 1571 1575 1569 1563 1553 1559 1563 1573 1577 1586 1590 1591 1592 1596 1598 1595 1596 1594 1592 1585 1577 1573 1566 1574 1576 1573 1579 1594 1608 1615 1627 1627 1616 1629 1608 1592 1578 1609 1642 1648 1647 1641 1644 1651 1659 1665 1668 1665 1660 1652 1658 1659 1655 1645
1568 1569 1576 1588 1590 1591 1590 1586 1585 1581 1581 1585 1582 1581 1576 1590 1605 1617 1618 1618 1599 1585 1583 1588 1585 1578 1560 1556 1563 1567 1561 1550 1548 1541 1550 1556 1566 1575 1583 1585 1587 1590 1592 1594 1592 1591 1588 1577 1576 1566 1564 1570 1574 1570 1564 1568 1584 1601 1608 1588 1584 1588 1580 1564 1572 1601 1637 1645 1646 1638 1636 1640 1650 1662 1670 1667 1655 1653 1651 1659 1657 1653
1570 1569 1573 1585 1588 1588 1578 1575 1570 1567 1569 1574 1577 1570 1571 1583 1596 1609 1623 1623 1605 1587 1580 1580 1575 1565 1556 1546 1552 1557 1559 1549 1544 1538 1536 1545 1555 1567 1575 1579 1581 1584 1584 1584 1580 1577 1567 1562 1560 1564 1557 1558 1559 1554 1540 1537 1559 1580 1577 1552 1549 1564 1560 1563 1580 1611 1637 1654 1659 1656 1652 1651 1656 1667 1674 1671 1666 1651 1655 1661 1669 1664
1575 1582 1576 1583 1590 1589 1582 1573 1572 1564 1557 1556 1556 1556 1570 1572 1589 1592 1614 1616 1616 1590 1589 1578 1568 1569 1552 1546 1546 1550 1552 1551 1546 1541 1542 1545 1553 1561 1566 1570 1572 1572 1568 1566 1566 1555 1546 1541 1546 1545 1537 1529 1528 1522 1510 1507 1527 1549 1541 1527 1533 1552 1553 1573 1597 1622 1645 1653 1663 1668 1668 1669 1667 1674 1676 1679 1665 1662 1654 1658 1675 1674
1602 1597 1588 1586 1589 1593 1590 1586 1585 1578 1570 1557 1549 1548 1557 1574 1570 1584 1595 1611 1603 1604 1585 1573 1568 1563 1560 1549 1548 1551 1551 1545 1546 1545 1546 1548 1552 1554 1553 1554 1563 1558 1557 1551 1550 1542 1531 1529 1524 1520 1504 1492 1494 1497 1489 1481 1497 1508 1505 1500 1527 1545 1559 1580 1608 1624 1629 1631 1639 1652 1670 1678 1676 1675 1677 1676 1672 1665 1659 1659 1668 1678
1627 1623 1601 1590 1587 1586 1586 1583 1584 1590 1588 1580 1567 1555 1558 1551 1554 1565 1575 1579 1594 1593 1587 1575 1566 1571 1564 1552 1548 1549 1548 1544 1542 1541 1542 1542 1538 1539 1534 1539 1547 1559 1547 1546 1541 1533 1525 1529 1518 1500 1482 1474 1476 1485 1483 1481 1477 1480 1475 1488 1526 1549 1568 1590 1601 1610 1606 1600 1611 1634 1662 1678 1679 1676 1676 1679 1672 1670 1663 1656 1663 1673
1657 1642 1626 1616 1599 1580 1566 1564 1565 1584 1599 1601 1590 1574 1562 1548 1538 1548 1558 1558 1574 1584 1586 1574 1570 1569 1561 1546 1542 1541 1544 1540 1535 1525 1523 1519 1522 1523 1525 1528 1539 1541 1546 1535 1530 1526 1528 1528 1524 1508 1492 1481 1484 1488 1494 1488 1479 1475 1469 1485 1515 1541 1564 1574 1579 1580 1580 1590 1610 1635 1664 1688 1684 1680 1677 1674 1660 1660 1655 1652 1660 1667
1658 1650 1649 1646 1628 1591 1569 1556 1560 1581 1603 1605 1593 1576 1567 1549 1541 1551 1558 1558 1565 1585 1589 1581 1574 1568 1551 1534 1530 1537 1537 1531 1523 1504 1497 1504 1509 1520 1525 1522 1525 1529 1532 1533 1529 1529 1524 1535 1530 1519 1503 1498 1496 1498 1498 1498 1490 1479 1472 1476 1491 1508 1529 1541 1539 1542 1559 1582 1610 1635 1671 1691 1694 1690 1685 1680 1669 1665 1659 1657 1665 1670
1653 1648 1648 1653 1639 1606 1587 1573 1572 1593 1614 1608 1589 1569 1552 1552 1554 1567 1570 1561 1566 1587 1590 1588 1584 1575 1557 1538 1542 1543 1542 1536 1527 1501 1495 1499 1507 1523 1519 1526 1518 1522 1531 1533 1535 1533 1533 1525 1528 1518 1506 1502 1504 1504 1504 1500 1498 1491 1486 1477 1478 1484 1501 1509 1512 1520 1534 1557 1588 1621 1661 1694 1693 1696 1695 1688 1681 1681 1674 1668 1670 1671
