Data/tmin/PRISM_tmin_pr_1963-1995_normal_450mM1_12_asc.asc
ncols 557
nrows 164
xllcorner -67.31875000000
yllcorner 17.86875000000
cellsize 0.00416666667
NODATA_value -9999
[rows 72 to 107 of 164, columns 164 to 245 of 557]
1646 1606 1581 1575 1585 1596 1624 1633 1640 1641 1639 1622 1610 1629 1647 1645 1649 1645 1660 1673 1686 1697 1695 1686 1691 1722 1754 1745 1742 1745 1741 1736 1734 1736 1752 1738 1727 1704 1711 1722 1737 1739 1739 1747 1738 1744 1722 1729 1723 1708 1694 1686 1679 1681 1680 1675 1669 1670 1672 1683 1681 1680 1678 1656 1651 1637 1643 1645 1649 1659 1651 1642 1634 1643 1648 1653 1661 1655 1665 1662 1662 1663
1638 1636 1623 1615 1596 1591 1586 1595 1596 1598 1599 1595 1598 1611 1625 1634 1636 1648 1651 1650 1660 1676 1682 1674 1683 1715 1747 1746 1732 1743 1729 1722 1703 1716 1726 1742 1714 1707 1705 1715 1724 1728 1727 1735 1737 1729 1722 1721 1718 1706 1696 1677 1668 1669 1674 1672 1670 1667 1671 1673 1674 1674 1668 1678 1659 1659 1647 1645 1643 1646 1640 1627 1622 1628 1638 1645 1656 1659 1654 1664 1664 1666
1611 1621 1638 1633 1615 1582 1561 1553 1557 1557 1551 1552 1566 1580 1593 1604 1624 1636 1639 1641 1643 1669 1686 1688 1702 1731 1749 1735 1729 1728 1731 1707 1693 1690 1706 1718 1722 1690 1708 1725 1731 1723 1724 1733 1727 1726 1715 1712 1708 1687 1679 1669 1647 1652 1661 1666 1674 1669 1664 1663 1664 1663 1668 1670 1673 1662 1660 1652 1648 1645 1631 1621 1611 1615 1627 1640 1648 1644 1644 1644 1657 1667
1577 1601 1621 1626 1615 1579 1551 1548 1553 1550 1538 1540 1558 1568 1568 1578 1591 1612 1632 1648 1670 1693 1713 1722 1729 1739 1738 1729 1712 1717 1708 1705 1695 1688 1692 1700 1687 1673 1685 1720 1724 1715 1702 1719 1714 1716 1697 1677 1653 1642 1638 1637 1635 1634 1645 1656 1664 1668 1660 1657 1659 1659 1660 1666 1664 1661 1659 1657 1659 1652 1646 1631 1621 1617 1626 1637 1645 1643 1640 1645 1652 1670
1572 1591 1606 1610 1607 1588 1568 1561 1557 1540 1530 1533 1544 1550 1550 1559 1570 1588 1616 1643 1671 1694 1709 1719 1710 1699 1708 1713 1708 1696 1687 1688 1692 1695 1687 1686 1666 1640 1660 1698 1705 1687 1690 1686 1698 1701 1684 1655 1628 1608 1603 1615 1615 1624 1636 1651 1663 1660 1658 1661 1658 1657 1656 1659 1659 1657 1654 1656 1659 1660 1658 1656 1643 1639 1642 1647 1649 1649 1651 1652 1659 1666
1570 1589 1592 1589 1590 1576 1565 1550 1535 1521 1514 1505 1512 1508 1517 1536 1558 1562 1581 1608 1624 1648 1656 1674 1650 1648 1672 1709 1698 1684 1673 1676 1694 1700 1684 1676 1650 1615 1627 1670 1686 1683 1670 1671 1663 1662 1650 1634 1624 1604 1596 1599 1605 1615 1639 1657 1664 1663 1660 1663 1663 1659 1657 1659 1660 1655 1654 1655 1659 1659 1661 1662 1654 1647 1647 1651 1653 1653 1653 1655 1662 1672
1569 1585 1577 1571 1568 1556 1539 1525 1511 1496 1490 1485 1472 1473 1482 1509 1523 1529 1535 1530 1554 1556 1585 1602 1600 1599 1649 1689 1685 1671 1663 1674 1696 1695 1680 1652 1638 1604 1598 1636 1671 1687 1688 1676 1657 1631 1613 1604 1599 1592 1586 1588 1591 1599 1630 1657 1662 1663 1663 1663 1661 1657 1657 1654 1658 1657 1656 1660 1658 1657 1661 1660 1655 1648 1642 1650 1657 1655 1653 1659 1665 1674
1571 1576 1561 1549 1546 1534 1519 1505 1493 1485 1485 1476 1466 1460 1471 1492 1516 1527 1529 1531 1514 1514 1503 1544 1552 1575 1627 1667 1667 1663 1646 1659 1699 1712 1657 1646 1640 1608 1580 1597 1637 1661 1688 1680 1670 1648 1630 1625 1608 1597 1587 1586 1578 1590 1619 1644 1652 1661 1662 1658 1651 1653 1643 1638 1647 1653 1659 1659 1659 1655 1658 1660 1657 1650 1643 1650 1657 1659 1657 1657 1663 1672
1575 1568 1544 1529 1520 1509 1496 1488 1487 1489 1497 1492 1474 1467 1474 1484 1497 1516 1540 1543 1543 1515 1495 1490 1526 1568 1628 1656 1660 1654 1635 1625 1676 1695 1645 1606 1631 1619 1583 1580 1600 1643 1672 1687 1684 1675 1659 1640 1624 1602 1595 1591 1587 1593 1618 1636 1639 1653 1655 1645 1634 1631 1621 1612 1627 1646 1653 1660 1658 1653 1657 1651 1652 1646 1646 1645 1653 1661 1661 1656 1664 1669
1575 1558 1535 1516 1502 1486 1476 1479 1488 1508 1521 1510 1496 1484 1492 1490 1488 1493 1512 1535 1555 1549 1511 1491 1522 1579 1623 1654 1646 1653 1622 1600 1629 1664 1622 1590 1614 1625 1598 1576 1594 1620 1656 1668 1688 1676 1649 1618 1600 1595 1589 1585 1578 1587 1608 1625 1629 1646 1647 1634 1620 1609 1599 1596 1613 1627 1644 1656 1657 1645 1641 1635 1626 1633 1636 1643 1640 1658 1661 1655 1660 1667
1558 1544 1524 1508 1492 1479 1476 1485 1509 1531 1539 1533 1517 1507 1511 1503 1490 1486 1495 1516 1535 1546 1507 1469 1493 1541 1605 1621 1633 1638 1631 1584 1586 1613 1603 1586 1614 1625 1598 1572 1577 1591 1611 1635 1666 1673 1641 1605 1597 1580 1571 1563 1557 1563 1588 1608 1621 1634 1635 1624 1607 1602 1592 1587 1594 1607 1626 1654 1652 1630 1625 1608 1599 1614 1639 1644 1649 1658 1656 1652 1654 1661
1544 1525 1508 1496 1481 1479 1483 1501 1524 1539 1550 1549 1540 1531 1525 1516 1502 1497 1502 1519 1540 1539 1512 1465 1464 1504 1559 1614 1619 1629 1631 1598 1560 1566 1575 1583 1612 1626 1590 1560 1549 1564 1574 1612 1654 1664 1646 1619 1605 1584 1564 1556 1543 1551 1570 1600 1613 1629 1617 1607 1602 1597 1593 1585 1579 1593 1622 1652 1650 1623 1622 1604 1589 1599 1632 1653 1662 1661 1659 1648 1650 1651
1525 1506 1495 1485 1482 1485 1497 1517 1529 1543 1552 1567 1559 1545 1542 1523 1507 1512 1515 1538 1558 1572 1560 1517 1495 1507 1572 1608 1617 1615 1625 1611 1576 1563 1571 1590 1617 1626 1602 1561 1549 1538 1552 1591 1637 1658 1648 1633 1621 1595 1569 1564 1554 1558 1568 1591 1614 1619 1606 1599 1592 1593 1590 1576 1573 1597 1633 1656 1653 1640 1641 1631 1611 1606 1618 1641 1657 1663 1658 1658 1652 1644
1506 1495 1490 1491 1496 1504 1520 1534 1545 1544 1564 1578 1567 1557 1550 1535 1523 1516 1531 1550 1568 1580 1577 1568 1545 1567 1604 1625 1612 1601 1611 1609 1584 1561 1563 1582 1607 1624 1609 1586 1563 1544 1536 1575 1616 1644 1658 1642 1635 1609 1590 1575 1573 1576 1582 1590 1605 1611 1597 1588 1583 1576 1573 1568 1571 1610 1646 1664 1667 1660 1668 1660 1648 1636 1633 1642 1659 1660 1659 1663 1649 1643
1505 1505 1509 1516 1522 1534 1545 1559 1554 1560 1572 1587 1579 1563 1563 1555 1535 1539 1546 1560 1561 1550 1544 1545 1543 1568 1600 1613 1603 1595 1600 1597 1569 1544 1539 1564 1597 1621 1619 1599 1580 1560 1555 1578 1618 1635 1644 1650 1644 1629 1608 1597 1590 1596 1586 1586 1591 1591 1582 1578 1573 1567 1566 1563 1578 1616 1649 1659 1669 1672 1669 1667 1669 1666 1663 1666 1670 1663 1664 1658 1659 1649
1525 1530 1535 1536 1540 1551 1558 1558 1564 1552 1560 1578 1571 1550 1546 1548 1547 1538 1549 1577 1565 1526 1502 1492 1486 1501 1551 1593 1614 1610 1608 1592 1565 1543 1536 1556 1590 1613 1610 1597 1572 1556 1550 1580 1593 1599 1612 1631 1645 1646 1635 1625 1619 1608 1599 1588 1594 1595 1579 1572 1559 1557 1560 1571 1586 1620 1641 1652 1664 1662 1653 1654 1665 1671 1678 1677 1674 1667 1667 1671 1671 1671
1539 1551 1556 1551 1543 1546 1542 1537 1529 1523 1512 1527 1523 1498 1483 1495 1504 1509 1521 1568 1562 1505 1460 1445 1427 1461 1518 1584 1621 1627 1617 1603 1581 1567 1557 1560 1575 1597 1601 1594 1577 1548 1541 1550 1563 1558 1580 1622 1642 1643 1640 1638 1631 1625 1603 1598 1605 1601 1588 1572 1562 1555 1562 1579 1600 1622 1636 1646 1657 1649 1633 1631 1648 1662 1672 1678 1669 1663 1667 1674 1678 1679
1550 1558 1566 1559 1537 1529 1506 1491 1487 1459 1437 1468 1474 1432 1416 1433 1459 1469 1506 1556 1556 1497 1435 1411 1421 1453 1515 1579 1620 1635 1640 1623 1610 1596 1577 1559 1553 1561 1579 1603 1608 1572 1551 1544 1542 1539 1570 1610 1627 1620 1607 1607 1622 1621 1616 1610 1609 1601 1588 1581 1572 1571 1571 1584 1601 1612 1626 1632 1638 1632 1627 1622 1638 1647 1663 1673 1671 1660 1669 1677 1677 1674
1559 1566 1568 1552 1523 1501 1484 1462 1443 1411 1400 1412 1423 1397 1381 1407 1458 1488 1509 1551 1551 1489 1433 1427 1433 1475 1527 1581 1624 1649 1643 1626 1602 1579 1569 1547 1530 1524 1550 1617 1657 1639 1608 1591 1570 1563 1582 1609 1621 1612 1589 1584 1597 1617 1621 1614 1617 1600 1581 1579 1573 1574 1582 1593 1595 1604 1607 1607 1609 1621 1629 1641 1643 1650 1656 1670 1671 1670 1675 1683 1683 1671
1571 1577 1565 1548 1524 1516 1496 1475 1453 1438 1411 1416 1401 1354 1353 1385 1430 1467 1490 1509 1504 1468 1429 1432 1465 1490 1538 1600 1633 1652 1640 1609 1566 1541 1548 1546 1537 1530 1544 1634 1704 1703 1685 1661 1627 1610 1619 1622 1633 1633 1605 1589 1598 1611 1610 1608 1600 1593 1587 1578 1578 1589 1599 1608 1612 1602 1601 1595 1593 1609 1639 1643 1658 1658 1664 1672 1679 1673 1676 1681 1675 1661
1582 1583 1572 1548 1537 1524 1515 1492 1480 1488 1480 1446 1402 1363 1346 1367 1397 1432 1452 1467 1478 1454 1444 1468 1488 1511 1557 1594 1626 1636 1631 1617 1568 1544 1556 1583 1589 1586 1594 1657 1730 1734 1724 1697 1663 1648 1655 1666 1675 1673 1639 1614 1613 1615 1611 1602 1597 1594 1594 1594 1591 1596 1623 1643 1645 1641 1629 1605 1596 1603 1619 1632 1643 1653 1662 1669 1673 1675 1673 1673 1668 1670
1589 1591 1578 1566 1550 1549 1535 1523 1524 1533 1524 1472 1422 1378 1381 1381 1389 1401 1425 1438 1448 1452 1460 1497 1527 1543 1559 1582 1594 1619 1653 1659 1638 1600 1613 1629 1647 1654 1649 1700 1735 1748 1733 1716 1680 1670 1687 1700 1714 1707 1680 1648 1636 1638 1630 1620 1624 1621 1613 1603 1594 1610 1637 1669 1690 1684 1667 1631 1608 1604 1597 1606 1619 1628 1639 1646 1659 1673 1671 1671 1673 1670
1583 1588 1585 1585 1577 1569 1572 1569 1566 1578 1565 1527 1469 1448 1466 1437 1409 1404 1407 1409 1421 1430 1466 1511 1539 1554 1551 1550 1581 1624 1672 1731 1712 1676 1664 1686 1693 1697 1701 1716 1744 1741 1739 1730 1712 1704 1716 1720 1719 1726 1701 1694 1678 1667 1654 1646 1650 1656 1633 1615 1613 1624 1645 1662 1684 1694 1685 1660 1647 1616 1600 1593 1605 1615 1619 1626 1644 1662 1667 1663 1667 1679
1584 1585 1602 1617 1624 1618 1617 1616 1617 1623 1627 1604 1563 1575 1568 1529 1474 1444 1421 1410 1426 1446 1481 1522 1552 1556 1539 1547 1596 1650 1711 1762 1777 1738 1720 1741 1746 1746 1739 1749 1743 1744 1735 1733 1728 1730 1727 1714 1712 1713 1729 1711 1707 1702 1667 1650 1673 1677 1666 1647 1660 1679 1676 1672 1685 1698 1697 1692 1679 1643 1601 1594 1603 1614 1623 1625 1637 1652 1652 1647 1657 1672
1590 1598 1624 1647 1669 1666 1661 1659 1658 1672 1687 1678 1660 1667 1673 1614 1571 1523 1491 1482 1480 1497 1513 1552 1577 1579 1559 1571 1625 1685 1738 1781 1799 1775 1759 1777 1772 1765 1762 1757 1754 1742 1743 1742 1739 1742 1725 1702 1693 1708 1717 1719 1710 1703 1680 1665 1674 1702 1691 1685 1700 1721 1714 1701 1707 1709 1709 1706 1704 1666 1631 1600 1602 1612 1623 1630 1639 1654 1652 1652 1657 1670
1614 1622 1635 1674 1682 1684 1677 1666 1674 1703 1718 1716 1700 1710 1702 1671 1621 1598 1575 1562 1563 1554 1558 1585 1612 1599 1586 1600 1640 1707 1757 1782 1797 1791 1781 1789 1777 1765 1759 1756 1749 1749 1749 1748 1744 1742 1724 1696 1688 1700 1711 1710 1709 1714 1701 1691 1694 1700 1708 1702 1712 1721 1717 1708 1714 1715 1711 1713 1714 1693 1660 1622 1605 1609 1613 1625 1636 1646 1659 1660 1666 1665
1624 1634 1670 1670 1691 1684 1678 1681 1683 1707 1722 1719 1701 1706 1707 1684 1667 1638 1651 1629 1600 1608 1604 1624 1636 1616 1620 1653 1673 1713 1765 1775 1779 1781 1787 1777 1764 1754 1750 1747 1749 1757 1763 1755 1748 1747 1731 1714 1706 1702 1713 1711 1711 1718 1719 1720 1711 1710 1711 1712 1711 1716 1713 1718 1720 1724 1715 1717 1704 1696 1674 1644 1620 1612 1617 1621 1629 1645 1659 1670 1671 1670
1636 1660 1668 1684 1678 1684 1692 1700 1702 1701 1701 1708 1702 1706 1715 1722 1698 1704 1695 1640 1620 1633 1649 1663 1661 1631 1658 1705 1705 1728 1763 1772 1767 1769 1772 1766 1757 1756 1747 1753 1756 1755 1765 1754 1746 1749 1733 1728 1712 1711 1714 1716 1717 1719 1724 1731 1728 1724 1718 1709 1721 1718 1727 1735 1738 1722 1714 1698 1705 1699 1699 1675 1658 1630 1629 1636 1639 1649 1665 1676 1676 1676
1629 1654 1673 1663 1673 1672 1694 1713 1706 1699 1689 1702 1712 1717 1737 1747 1743 1738 1721 1662 1642 1683 1707 1724 1716 1679 1699 1757 1761 1763 1780 1788 1775 1771 1780 1773 1766 1757 1761 1755 1752 1761 1757 1758 1750 1750 1741 1734 1724 1718 1723 1724 1712 1703 1700 1717 1718 1714 1709 1708 1720 1732 1740 1758 1755 1728 1697 1702 1700 1722 1724 1721 1689 1660 1650 1653 1654 1662 1671 1677 1679 1679
1626 1654 1661 1668 1664 1679 1682 1705 1719 1705 1706 1716 1720 1724 1739 1754 1762 1766 1762 1721 1709 1738 1751 1776 1767 1730 1734 1785 1796 1790 1797 1787 1788 1786 1787 1778 1765 1760 1752 1762 1760 1758 1773 1764 1759 1754 1747 1746 1729 1725 1728 1732 1713 1696 1694 1706 1706 1695 1692 1703 1727 1735 1743 1752 1759 1738 1709 1708 1728 1740 1746 1748 1723 1685 1666 1662 1667 1667 1673 1677 1676 1676
1622 1643 1661 1672 1680 1672 1685 1695 1711 1728 1730 1732 1731 1725 1728 1746 1765 1779 1793 1780 1776 1767 1776 1786 1792 1759 1756 1782 1800 1794 1789 1797 1791 1789 1782 1766 1762 1752 1764 1768 1764 1768 1775 1770 1758 1753 1746 1742 1724 1711 1723 1737 1733 1718 1715 1725 1710 1687 1688 1703 1741 1751 1744 1749 1760 1758 1755 1753 1757 1763 1760 1760 1751 1712 1689 1678 1685 1680 1673 1674 1676 1678
1636 1643 1662 1673 1684 1689 1683 1702 1714 1723 1734 1733 1729 1723 1727 1741 1750 1767 1781 1784 1781 1772 1765 1778 1787 1773 1763 1789 1792 1791 1798 1803 1799 1789 1769 1760 1756 1758 1757 1770 1763 1767 1779 1777 1755 1748 1738 1731 1706 1696 1712 1734 1730 1728 1727 1733 1729 1714 1706 1720 1748 1764 1754 1740 1753 1767 1766 1768 1759 1752 1749 1764 1760 1749 1722 1718 1717 1708 1688 1679 1682 1681
1641 1648 1657 1675 1683 1685 1691 1697 1714 1723 1713 1717 1720 1727 1734 1736 1744 1741 1755 1768 1764 1755 1755 1761 1767 1763 1763 1778 1790 1793 1811 1816 1812 1801 1784 1770 1772 1761 1756 1761 1760 1767 1788 1782 1758 1743 1737 1727 1707 1697 1711 1735 1737 1734 1739 1745 1751 1748 1743 1746 1764 1773 1765 1754 1754 1759 1764 1754 1743 1737 1737 1748 1766 1766 1755 1749 1754 1737 1712 1703 1699 1708
1648 1661 1671 1682 1688 1682 1678 1697 1723 1721 1719 1716 1721 1735 1743 1745 1739 1741 1745 1753 1755 1749 1743 1750 1750 1746 1754 1775 1789 1808 1825 1834 1824 1817 1805 1791 1788 1776 1763 1761 1768 1779 1797 1792 1764 1745 1742 1736 1715 1706 1721 1739 1739 1748 1752 1749 1759 1765 1765 1767 1781 1781 1769 1763 1763 1759 1750 1750 1740 1740 1736 1741 1747 1758 1759 1758 1755 1743 1729 1720 1730 1732
1654 1668 1683 1687 1687 1684 1682 1702 1728 1742 1733 1736 1747 1745 1751 1755 1751 1745 1745 1746 1743 1737 1751 1745 1741 1735 1746 1771 1793 1814 1835 1840 1832 1826 1815 1815 1815 1806 1791 1790 1791 1803 1806 1795 1771 1758 1748 1744 1737 1732 1744 1760 1763 1764 1758 1754 1757 1766 1766 1776 1779 1772 1766 1769 1778 1767 1762 1763 1759 1758 1752 1737 1739 1747 1752 1761 1749 1733 1719 1728 1733 1740
1668 1676 1687 1686 1682 1683 1687 1696 1720 1731 1739 1756 1761 1771 1770 1758 1765 1755 1743 1740 1733 1745 1752 1749 1736 1732 1740 1766 1795 1818 1840 1849 1843 1835 1834 1825 1828 1824 1817 1816 1818 1813 1808 1794 1775 1760 1754 1744 1741 1743 1757 1765 1765 1764 1766 1759 1772 1779 1785 1783 1777 1766 1757 1770 1786 1783 1774 1780 1782 1777 1763 1753 1747 1753 1764 1763 1750 1730 1725 1731 1746 1746
