Data/tmin/PRISM_tmin_pr_1963-1995_normal_450mM1_01_asc.asc
ncols 557
nrows 164
xllcorner -67.31875000000
yllcorner 17.86875000000
cellsize 0.00416666667
NODATA_value -9999
[rows 72 to 107 of 164, columns 164 to 245 of 557]
1531 1500 1474 1479 1488 1499 1523 1531 1536 1537 1535 1517 1507 1523 1540 1536 1540 1536 1550 1562 1573 1582 1580 1574 1578 1602 1624 1623 1615 1615 1614 1602 1614 1624 1654 1650 1629 1608 1625 1643 1661 1658 1658 1665 1658 1666 1646 1654 1670 1656 1630 1611 1602 1605 1605 1601 1595 1598 1599 1609 1610 1607 1603 1585 1579 1569 1577 1579 1583 1592 1584 1576 1568 1572 1578 1577 1585 1578 1587 1589 1583 1588
1524 1520 1515 1508 1497 1495 1489 1498 1498 1500 1498 1492 1492 1506 1519 1527 1530 1535 1540 1541 1550 1564 1568 1561 1569 1598 1626 1621 1609 1610 1602 1605 1584 1606 1634 1647 1621 1611 1615 1635 1647 1648 1650 1659 1657 1659 1650 1649 1652 1645 1621 1599 1591 1593 1599 1599 1598 1592 1595 1597 1596 1595 1590 1600 1586 1588 1577 1573 1576 1579 1573 1561 1556 1562 1566 1575 1578 1576 1578 1588 1590 1590
1498 1515 1529 1532 1510 1491 1466 1456 1456 1465 1459 1454 1464 1477 1489 1499 1516 1527 1526 1532 1534 1556 1570 1573 1584 1611 1626 1616 1601 1599 1607 1594 1592 1582 1604 1630 1623 1603 1619 1643 1656 1648 1651 1652 1645 1656 1650 1647 1644 1616 1600 1590 1569 1575 1586 1593 1599 1596 1588 1584 1586 1583 1586 1595 1598 1583 1580 1574 1572 1574 1561 1550 1545 1548 1557 1565 1565 1562 1570 1576 1587 1595
1471 1501 1524 1526 1511 1484 1457 1442 1450 1449 1446 1441 1455 1461 1464 1473 1488 1504 1518 1531 1552 1573 1591 1602 1608 1613 1613 1604 1590 1590 1588 1600 1587 1581 1591 1600 1596 1581 1591 1627 1646 1639 1633 1638 1630 1640 1624 1600 1577 1561 1557 1557 1556 1557 1569 1582 1592 1591 1580 1575 1578 1574 1579 1589 1584 1579 1572 1570 1576 1568 1562 1552 1547 1547 1559 1563 1562 1561 1568 1577 1586 1597
1469 1494 1510 1509 1491 1487 1471 1465 1454 1450 1435 1431 1435 1439 1442 1452 1467 1480 1496 1516 1542 1565 1585 1597 1591 1581 1579 1586 1584 1578 1574 1578 1592 1582 1586 1587 1568 1542 1558 1600 1620 1616 1612 1605 1611 1615 1596 1571 1542 1524 1520 1534 1536 1546 1559 1577 1588 1582 1575 1579 1577 1576 1573 1577 1576 1569 1569 1571 1570 1571 1569 1568 1561 1562 1568 1573 1566 1565 1575 1579 1583 1593
1479 1492 1497 1484 1474 1469 1471 1461 1450 1432 1422 1404 1404 1393 1408 1430 1451 1447 1455 1476 1497 1526 1540 1560 1539 1534 1550 1579 1578 1569 1560 1572 1579 1592 1573 1573 1550 1519 1529 1573 1601 1597 1591 1579 1566 1569 1561 1545 1538 1519 1512 1518 1526 1537 1563 1583 1588 1583 1577 1582 1585 1579 1576 1577 1573 1570 1566 1567 1569 1568 1572 1573 1570 1567 1570 1569 1568 1569 1574 1579 1584 1589
1480 1492 1478 1469 1455 1450 1444 1439 1427 1411 1398 1384 1365 1360 1372 1402 1412 1407 1397 1412 1438 1452 1483 1499 1497 1494 1531 1567 1560 1555 1548 1564 1591 1579 1575 1549 1538 1509 1503 1540 1579 1597 1601 1590 1563 1539 1522 1517 1513 1507 1502 1506 1510 1520 1554 1582 1587 1584 1583 1583 1582 1578 1581 1576 1578 1570 1569 1569 1569 1570 1573 1574 1573 1571 1568 1570 1572 1571 1574 1577 1583 1592
1473 1473 1461 1446 1435 1426 1420 1412 1404 1397 1389 1373 1356 1346 1354 1378 1400 1394 1397 1398 1404 1415 1414 1450 1457 1475 1516 1546 1552 1544 1529 1550 1586 1601 1549 1544 1540 1511 1486 1503 1543 1573 1606 1602 1583 1559 1542 1538 1522 1512 1503 1503 1496 1510 1542 1569 1576 1585 1582 1581 1573 1576 1568 1566 1569 1570 1567 1571 1572 1573 1576 1576 1574 1573 1569 1571 1574 1575 1574 1577 1581 1591
1464 1457 1441 1426 1416 1406 1398 1394 1394 1399 1403 1388 1368 1354 1353 1361 1377 1387 1387 1394 1399 1392 1391 1403 1435 1471 1508 1534 1537 1536 1515 1517 1571 1586 1544 1507 1530 1520 1488 1487 1507 1551 1589 1607 1599 1587 1571 1554 1539 1517 1512 1509 1506 1513 1541 1561 1564 1576 1579 1571 1560 1557 1550 1541 1554 1567 1571 1574 1576 1574 1576 1572 1573 1569 1570 1567 1574 1579 1579 1577 1586 1589
1460 1443 1424 1409 1395 1389 1383 1388 1400 1420 1422 1412 1394 1372 1367 1362 1361 1358 1359 1367 1388 1399 1391 1393 1432 1473 1507 1519 1522 1525 1501 1489 1526 1558 1520 1493 1515 1525 1501 1482 1500 1527 1564 1581 1600 1588 1562 1531 1515 1510 1505 1502 1496 1507 1530 1549 1553 1569 1572 1561 1548 1538 1529 1526 1543 1556 1569 1577 1577 1569 1567 1560 1554 1558 1565 1568 1566 1581 1583 1582 1585 1593
1450 1428 1409 1390 1381 1379 1385 1398 1421 1433 1436 1421 1406 1391 1377 1372 1356 1345 1337 1348 1367 1379 1376 1377 1405 1447 1490 1499 1506 1511 1501 1477 1484 1511 1502 1488 1514 1525 1501 1478 1484 1498 1518 1545 1580 1584 1554 1519 1512 1495 1486 1479 1475 1482 1510 1532 1546 1559 1561 1552 1535 1530 1522 1518 1527 1539 1555 1576 1574 1557 1552 1537 1530 1545 1566 1574 1577 1581 1582 1583 1587 1589
1427 1407 1389 1375 1369 1382 1395 1417 1436 1454 1443 1436 1426 1407 1396 1379 1366 1354 1347 1356 1368 1374 1374 1371 1382 1415 1457 1491 1495 1500 1504 1480 1462 1469 1477 1485 1511 1525 1493 1466 1457 1471 1481 1522 1569 1577 1558 1533 1520 1500 1479 1472 1460 1470 1491 1525 1538 1554 1544 1534 1530 1526 1524 1517 1513 1525 1551 1575 1573 1550 1550 1534 1521 1529 1560 1578 1585 1589 1585 1581 1584 1581
1409 1385 1373 1373 1379 1395 1414 1438 1455 1469 1467 1455 1441 1428 1409 1393 1375 1371 1364 1380 1398 1405 1420 1406 1405 1416 1457 1477 1483 1482 1488 1488 1471 1466 1474 1490 1514 1523 1502 1466 1456 1446 1460 1502 1552 1574 1562 1551 1534 1511 1485 1481 1472 1478 1489 1515 1539 1545 1533 1526 1520 1522 1521 1509 1507 1528 1560 1579 1577 1568 1567 1559 1543 1537 1545 1569 1588 1591 1590 1590 1581 1568
1393 1378 1376 1388 1404 1419 1436 1450 1467 1481 1479 1464 1447 1429 1423 1404 1396 1385 1385 1400 1418 1433 1438 1451 1445 1457 1480 1479 1470 1465 1474 1479 1476 1465 1466 1483 1505 1520 1508 1489 1469 1452 1445 1482 1529 1557 1577 1557 1552 1522 1507 1492 1492 1496 1504 1514 1530 1537 1524 1516 1512 1506 1504 1502 1505 1540 1572 1587 1591 1584 1593 1590 1579 1569 1566 1576 1589 1595 1592 1594 1576 1559
1393 1387 1393 1416 1434 1445 1450 1462 1473 1483 1486 1472 1448 1442 1435 1425 1412 1407 1404 1420 1430 1433 1439 1446 1446 1465 1474 1478 1470 1473 1475 1478 1465 1450 1446 1468 1496 1518 1517 1500 1485 1467 1463 1486 1525 1547 1556 1568 1557 1548 1525 1516 1509 1517 1508 1510 1516 1517 1508 1505 1502 1498 1498 1497 1511 1546 1576 1584 1593 1597 1598 1596 1599 1594 1590 1592 1597 1592 1596 1590 1584 1565
1411 1410 1419 1439 1455 1458 1458 1469 1485 1480 1474 1468 1455 1435 1433 1431 1423 1409 1410 1438 1441 1424 1412 1409 1403 1405 1440 1462 1482 1489 1493 1479 1466 1448 1443 1461 1489 1510 1509 1498 1477 1464 1459 1487 1500 1508 1523 1544 1561 1564 1554 1544 1539 1529 1521 1511 1519 1521 1505 1500 1489 1489 1493 1504 1519 1549 1569 1581 1590 1594 1589 1592 1597 1596 1601 1599 1595 1590 1592 1595 1596 1590
1431 1432 1441 1459 1465 1457 1457 1457 1461 1450 1433 1438 1431 1412 1400 1396 1398 1387 1395 1436 1445 1411 1380 1368 1351 1379 1420 1466 1495 1510 1501 1494 1478 1468 1461 1464 1478 1497 1501 1495 1482 1456 1450 1459 1472 1468 1490 1534 1556 1560 1559 1558 1551 1547 1525 1521 1530 1528 1515 1500 1492 1486 1495 1513 1532 1553 1566 1575 1590 1584 1574 1574 1585 1590 1595 1600 1591 1586 1588 1597 1600 1600
1445 1447 1454 1467 1460 1448 1425 1420 1414 1385 1367 1395 1399 1364 1349 1360 1370 1376 1401 1448 1452 1410 1360 1338 1346 1373 1427 1475 1505 1522 1527 1511 1504 1493 1478 1463 1458 1466 1482 1503 1508 1477 1459 1453 1452 1450 1481 1521 1540 1536 1525 1526 1542 1543 1540 1534 1534 1528 1515 1509 1501 1502 1504 1518 1534 1544 1555 1567 1573 1571 1568 1566 1577 1577 1587 1594 1592 1582 1592 1597 1600 1595
1456 1460 1460 1456 1440 1418 1408 1387 1371 1345 1337 1348 1358 1334 1321 1342 1382 1406 1425 1457 1459 1409 1360 1354 1356 1391 1436 1480 1512 1533 1531 1516 1497 1479 1471 1452 1438 1434 1457 1516 1553 1538 1518 1499 1479 1472 1492 1520 1533 1526 1505 1501 1517 1539 1546 1539 1543 1527 1509 1508 1503 1506 1515 1526 1530 1536 1539 1547 1553 1563 1569 1577 1577 1575 1579 1591 1592 1589 1594 1604 1598 1586
1469 1472 1467 1454 1439 1432 1416 1399 1381 1370 1347 1352 1339 1299 1299 1325 1364 1392 1412 1427 1421 1391 1355 1357 1383 1402 1443 1495 1517 1536 1525 1502 1466 1446 1452 1451 1444 1439 1452 1532 1602 1605 1594 1577 1534 1518 1528 1533 1546 1547 1521 1506 1518 1533 1534 1533 1526 1520 1515 1507 1508 1520 1531 1541 1544 1535 1538 1541 1544 1556 1575 1572 1582 1581 1585 1593 1599 1592 1595 1601 1592 1576
1479 1484 1473 1459 1450 1440 1432 1414 1405 1412 1406 1378 1341 1309 1294 1311 1335 1364 1378 1391 1401 1379 1369 1390 1403 1420 1458 1490 1514 1520 1519 1509 1467 1446 1458 1482 1489 1487 1495 1558 1630 1640 1641 1615 1574 1555 1564 1582 1591 1589 1556 1532 1533 1537 1535 1527 1523 1522 1522 1523 1521 1527 1554 1572 1573 1569 1563 1553 1549 1552 1555 1560 1564 1574 1583 1589 1592 1594 1592 1592 1588 1585
1492 1492 1485 1475 1462 1460 1450 1440 1440 1448 1441 1399 1358 1321 1324 1322 1329 1337 1359 1369 1376 1379 1383 1415 1438 1449 1461 1479 1488 1508 1538 1545 1527 1495 1507 1522 1538 1546 1542 1592 1643 1650 1651 1637 1591 1577 1600 1616 1635 1629 1603 1570 1558 1561 1555 1545 1551 1550 1543 1534 1525 1541 1566 1595 1606 1603 1590 1569 1557 1554 1544 1536 1544 1549 1559 1566 1578 1592 1590 1590 1591 1591
1487 1492 1490 1491 1484 1478 1480 1478 1476 1486 1475 1444 1397 1380 1396 1371 1347 1344 1347 1348 1356 1358 1387 1427 1447 1457 1453 1451 1477 1513 1555 1607 1591 1561 1551 1570 1577 1582 1588 1609 1640 1649 1648 1648 1627 1617 1624 1636 1639 1652 1632 1624 1605 1593 1580 1573 1579 1586 1564 1547 1544 1555 1574 1586 1598 1603 1599 1586 1584 1565 1547 1537 1527 1536 1539 1547 1564 1581 1588 1587 1591 1600
1488 1489 1504 1516 1525 1519 1519 1517 1518 1523 1526 1508 1475 1484 1478 1449 1403 1379 1360 1350 1359 1371 1400 1434 1458 1457 1442 1449 1490 1537 1588 1634 1648 1613 1599 1616 1628 1629 1626 1638 1652 1648 1657 1662 1655 1652 1645 1627 1629 1639 1663 1646 1642 1635 1595 1577 1603 1608 1598 1579 1591 1605 1602 1597 1598 1607 1609 1609 1606 1585 1557 1540 1542 1537 1544 1545 1558 1573 1577 1576 1585 1595
1493 1500 1524 1544 1567 1568 1560 1556 1554 1562 1576 1570 1545 1554 1555 1516 1485 1446 1419 1410 1406 1414 1425 1459 1477 1478 1459 1469 1515 1567 1619 1657 1670 1654 1631 1659 1666 1663 1660 1662 1666 1667 1671 1675 1668 1663 1641 1613 1610 1630 1652 1656 1650 1638 1611 1594 1604 1635 1623 1617 1621 1643 1637 1624 1624 1623 1619 1624 1622 1599 1576 1558 1548 1551 1552 1558 1566 1580 1582 1584 1585 1594
1515 1523 1533 1570 1581 1581 1574 1565 1564 1589 1605 1595 1582 1579 1582 1558 1524 1506 1490 1479 1478 1463 1463 1486 1508 1494 1480 1491 1526 1591 1645 1675 1686 1676 1670 1688 1694 1682 1669 1665 1667 1671 1677 1679 1669 1663 1647 1612 1601 1625 1645 1647 1643 1649 1632 1624 1626 1633 1641 1625 1630 1633 1635 1631 1629 1630 1624 1627 1634 1617 1598 1573 1561 1560 1563 1571 1579 1583 1590 1591 1591 1587
1526 1534 1568 1567 1584 1579 1579 1582 1579 1594 1612 1607 1584 1598 1590 1578 1560 1539 1553 1536 1508 1511 1501 1517 1527 1507 1507 1536 1554 1597 1660 1674 1679 1684 1690 1699 1696 1678 1668 1660 1668 1674 1687 1681 1671 1672 1656 1634 1626 1628 1649 1643 1643 1648 1653 1656 1647 1644 1642 1637 1629 1633 1632 1636 1636 1635 1627 1634 1624 1624 1604 1587 1570 1566 1571 1573 1572 1576 1584 1593 1595 1596
1537 1560 1565 1577 1570 1570 1591 1603 1594 1593 1592 1597 1592 1596 1606 1609 1588 1592 1586 1538 1519 1526 1538 1546 1545 1517 1540 1580 1582 1607 1645 1661 1658 1675 1687 1695 1684 1679 1668 1672 1669 1673 1675 1676 1670 1670 1662 1651 1643 1645 1652 1654 1651 1653 1658 1668 1663 1661 1650 1638 1646 1640 1644 1651 1650 1639 1628 1619 1634 1621 1622 1603 1597 1577 1575 1577 1572 1573 1584 1601 1604 1607
1530 1553 1572 1562 1562 1558 1587 1608 1600 1588 1583 1588 1605 1608 1626 1632 1628 1622 1604 1553 1533 1569 1591 1602 1594 1558 1574 1625 1631 1631 1652 1657 1665 1676 1700 1700 1691 1679 1683 1677 1673 1675 1673 1674 1674 1673 1671 1667 1660 1657 1664 1665 1651 1639 1634 1651 1654 1649 1644 1639 1653 1653 1658 1674 1672 1649 1624 1633 1630 1641 1633 1636 1620 1596 1587 1582 1579 1583 1594 1603 1611 1613
1526 1552 1554 1563 1562 1568 1576 1606 1609 1601 1598 1605 1615 1625 1633 1646 1647 1648 1643 1602 1591 1620 1636 1656 1645 1607 1605 1651 1671 1668 1671 1682 1688 1706 1708 1703 1688 1683 1679 1680 1686 1680 1690 1685 1679 1682 1687 1688 1675 1663 1675 1678 1656 1634 1631 1645 1643 1630 1627 1642 1666 1662 1663 1670 1675 1661 1641 1638 1654 1649 1649 1658 1651 1624 1594 1588 1589 1588 1598 1606 1610 1614
1523 1535 1544 1555 1576 1576 1595 1597 1615 1629 1630 1627 1632 1629 1634 1641 1644 1657 1665 1654 1655 1647 1662 1670 1671 1636 1631 1658 1690 1689 1694 1707 1718 1716 1710 1694 1687 1684 1686 1693 1685 1700 1694 1690 1678 1676 1686 1693 1664 1653 1667 1692 1685 1667 1665 1676 1655 1624 1623 1644 1681 1680 1666 1663 1669 1672 1671 1676 1672 1667 1664 1673 1679 1650 1625 1609 1614 1610 1599 1607 1614 1621
1527 1538 1541 1549 1574 1596 1600 1615 1624 1641 1652 1635 1635 1633 1637 1640 1638 1641 1659 1662 1670 1665 1657 1667 1677 1663 1650 1670 1696 1706 1714 1731 1731 1724 1704 1691 1688 1685 1690 1689 1697 1693 1704 1698 1675 1669 1678 1676 1647 1629 1660 1683 1685 1675 1673 1684 1674 1654 1645 1658 1686 1693 1677 1659 1662 1675 1680 1679 1672 1662 1661 1674 1681 1674 1655 1654 1657 1643 1625 1613 1622 1629
1547 1545 1548 1557 1573 1598 1617 1621 1641 1663 1657 1649 1643 1645 1649 1651 1645 1638 1645 1659 1675 1668 1664 1669 1674 1670 1668 1681 1704 1719 1736 1749 1746 1736 1720 1705 1700 1694 1688 1696 1696 1699 1712 1707 1680 1670 1673 1670 1646 1630 1650 1680 1676 1668 1670 1682 1692 1688 1684 1685 1699 1702 1692 1673 1672 1675 1680 1670 1658 1654 1653 1662 1674 1678 1672 1675 1681 1666 1641 1636 1638 1659
1558 1563 1563 1570 1581 1597 1605 1614 1643 1659 1677 1662 1659 1665 1669 1675 1669 1661 1664 1673 1685 1687 1680 1679 1677 1674 1682 1697 1722 1738 1757 1769 1763 1753 1742 1729 1725 1713 1706 1703 1710 1714 1726 1719 1693 1677 1680 1673 1650 1642 1659 1675 1676 1674 1678 1680 1694 1703 1705 1705 1714 1709 1693 1684 1679 1678 1668 1669 1658 1656 1656 1657 1661 1668 1673 1678 1675 1665 1655 1651 1664 1679
1564 1565 1574 1575 1577 1587 1586 1598 1618 1658 1672 1680 1686 1684 1690 1694 1687 1681 1681 1677 1683 1689 1699 1691 1678 1668 1685 1709 1732 1753 1772 1786 1776 1766 1755 1755 1752 1747 1732 1727 1730 1734 1737 1726 1702 1693 1685 1676 1671 1664 1680 1695 1696 1690 1681 1683 1690 1703 1703 1710 1708 1698 1687 1688 1694 1683 1682 1680 1678 1677 1668 1660 1657 1668 1672 1681 1669 1651 1644 1652 1665 1680
1566 1571 1584 1576 1576 1577 1586 1581 1609 1631 1663 1685 1700 1713 1712 1700 1705 1700 1689 1670 1663 1693 1711 1698 1674 1664 1672 1709 1741 1763 1786 1799 1793 1781 1777 1765 1768 1763 1757 1751 1753 1747 1741 1725 1705 1696 1691 1679 1674 1676 1689 1697 1696 1688 1688 1684 1702 1712 1717 1709 1706 1692 1686 1691 1705 1703 1694 1702 1701 1695 1685 1674 1672 1682 1692 1689 1671 1650 1643 1654 1670 1677
