Data/tmin/PRISM_tmin_pr_1963-1995_normal_450mM1_12_asc.asc
ncols 557
nrows 164
xllcorner -67.31875000000
yllcorner 17.86875000000
cellsize 0.00416666667
NODATA_value -9999
[rows 108 to 143 of 164, columns 246 to 327 of 557]
1748 1750 1748 1740 1722 1706 1701 1688 1669 1697 1706 1691 1667 1639 1630 1636 1656 1675 1678 1670 1671 1682 1688 1670 1668 1662 1648 1644 1648 1636 1614 1609 1600 1586 1589 1594 1606 1607 1617 1613 1614 1609 1616 1627 1628 1629 1614 1599 1595 1590 1598 1592 1595 1594 1582 1572 1576 1582 1586 1589 1586 1593 1600 1610 1610 1612 1614 1624 1651 1694 1740 1758 1760 1765 1765 1762 1759 1762 1762 1759 1756 1748
1753 1747 1748 1737 1724 1722 1726 1696 1688 1696 1706 1679 1650 1629 1624 1650 1655 1670 1692 1678 1669 1672 1665 1655 1646 1642 1641 1641 1651 1637 1621 1608 1606 1591 1589 1604 1612 1614 1603 1612 1605 1604 1614 1613 1631 1632 1612 1587 1585 1601 1601 1604 1591 1589 1575 1567 1585 1606 1614 1615 1611 1611 1618 1616 1618 1614 1606 1612 1647 1691 1726 1742 1743 1749 1752 1748 1749 1753 1758 1760 1755 1750
1743 1735 1736 1727 1724 1731 1740 1727 1705 1723 1710 1696 1675 1670 1679 1680 1670 1673 1691 1681 1657 1664 1659 1646 1639 1633 1627 1628 1633 1623 1609 1604 1593 1587 1596 1608 1623 1607 1604 1601 1600 1607 1606 1616 1626 1633 1623 1608 1610 1616 1613 1597 1588 1589 1585 1585 1615 1633 1649 1638 1626 1623 1620 1617 1613 1608 1609 1622 1652 1690 1717 1725 1738 1746 1745 1747 1750 1754 1756 1759 1759 1755
1735 1733 1729 1726 1722 1737 1750 1733 1732 1714 1724 1721 1722 1725 1730 1724 1697 1698 1705 1687 1676 1673 1663 1640 1617 1619 1616 1618 1617 1621 1607 1595 1589 1587 1594 1603 1613 1614 1609 1604 1597 1603 1612 1614 1629 1633 1632 1627 1626 1619 1605 1589 1582 1590 1599 1621 1652 1683 1677 1656 1630 1623 1618 1610 1604 1599 1608 1632 1664 1693 1711 1726 1734 1748 1752 1753 1758 1758 1760 1765 1768 1771
1746 1742 1739 1727 1734 1744 1747 1730 1710 1713 1722 1749 1757 1757 1752 1738 1729 1726 1732 1707 1690 1688 1650 1608 1599 1603 1610 1617 1636 1628 1628 1610 1598 1583 1573 1567 1579 1604 1619 1608 1599 1605 1612 1621 1631 1635 1635 1635 1627 1612 1599 1590 1581 1589 1605 1648 1706 1723 1703 1664 1639 1631 1624 1617 1610 1601 1603 1620 1652 1681 1707 1716 1737 1748 1753 1758 1759 1765 1770 1772 1779 1784
1756 1755 1746 1738 1741 1753 1753 1725 1704 1709 1736 1759 1767 1766 1757 1747 1742 1749 1734 1705 1678 1649 1618 1587 1583 1594 1612 1624 1644 1663 1650 1641 1622 1602 1576 1542 1551 1578 1596 1596 1602 1611 1616 1626 1634 1636 1642 1637 1631 1618 1604 1598 1594 1595 1620 1684 1743 1748 1709 1675 1656 1649 1643 1637 1632 1621 1606 1614 1633 1672 1698 1725 1738 1747 1754 1756 1763 1771 1772 1777 1782 1793
1760 1770 1760 1745 1740 1753 1755 1746 1742 1746 1761 1768 1771 1776 1770 1764 1765 1753 1732 1682 1636 1613 1590 1579 1585 1614 1621 1642 1669 1669 1672 1657 1654 1635 1615 1575 1536 1546 1555 1580 1606 1618 1622 1624 1628 1638 1640 1641 1634 1624 1612 1608 1614 1619 1651 1713 1776 1777 1740 1721 1711 1693 1672 1677 1663 1648 1632 1619 1642 1668 1704 1727 1745 1755 1761 1766 1771 1767 1774 1776 1787 1802
1772 1773 1755 1741 1744 1742 1760 1768 1776 1788 1787 1780 1790 1787 1781 1783 1769 1752 1701 1660 1618 1614 1605 1592 1614 1638 1661 1671 1686 1691 1670 1671 1661 1659 1650 1603 1558 1527 1540 1579 1607 1617 1618 1612 1624 1635 1643 1641 1640 1630 1622 1627 1646 1668 1697 1752 1796 1816 1801 1794 1774 1740 1729 1723 1705 1691 1670 1653 1655 1683 1713 1732 1743 1756 1766 1775 1771 1772 1771 1786 1796 1808
1774 1768 1758 1765 1772 1776 1777 1785 1790 1796 1796 1799 1804 1797 1783 1779 1771 1728 1693 1660 1658 1667 1662 1651 1667 1697 1702 1703 1706 1690 1680 1671 1666 1654 1651 1629 1579 1542 1541 1569 1597 1597 1600 1611 1621 1635 1640 1638 1634 1631 1626 1638 1668 1697 1740 1775 1815 1839 1850 1839 1808 1786 1776 1776 1761 1737 1712 1682 1667 1679 1700 1716 1723 1740 1761 1771 1779 1778 1785 1795 1808 1818
1761 1757 1764 1781 1796 1794 1792 1794 1795 1800 1803 1815 1824 1809 1786 1773 1753 1746 1724 1720 1724 1735 1730 1716 1730 1743 1741 1724 1705 1696 1677 1684 1670 1651 1648 1641 1609 1557 1536 1557 1560 1568 1575 1591 1617 1631 1633 1634 1632 1635 1641 1653 1668 1695 1733 1782 1816 1850 1870 1856 1832 1823 1826 1824 1789 1759 1730 1701 1687 1678 1691 1694 1700 1719 1743 1766 1778 1786 1792 1801 1820 1838
1751 1761 1775 1793 1796 1795 1803 1807 1809 1809 1812 1827 1843 1825 1792 1763 1754 1752 1772 1776 1771 1776 1762 1760 1760 1752 1750 1730 1701 1670 1671 1679 1672 1662 1657 1656 1628 1576 1534 1535 1541 1540 1561 1586 1617 1628 1631 1632 1641 1652 1688 1709 1720 1720 1748 1789 1827 1860 1878 1875 1851 1859 1856 1836 1801 1754 1729 1733 1723 1711 1706 1706 1710 1722 1745 1769 1779 1782 1781 1798 1823 1847
1762 1782 1797 1792 1799 1805 1808 1815 1812 1807 1816 1835 1852 1837 1800 1775 1755 1765 1770 1782 1787 1782 1783 1775 1762 1748 1739 1721 1674 1648 1632 1642 1643 1659 1663 1662 1645 1583 1547 1523 1537 1559 1583 1630 1652 1655 1646 1635 1637 1665 1710 1758 1778 1785 1795 1825 1850 1872 1895 1890 1890 1882 1869 1840 1795 1751 1748 1767 1765 1740 1736 1741 1730 1728 1747 1773 1787 1790 1792 1803 1819 1825
1774 1793 1801 1801 1809 1824 1828 1824 1812 1811 1825 1855 1863 1845 1823 1808 1794 1779 1781 1784 1804 1808 1795 1788 1773 1756 1747 1722 1687 1654 1638 1625 1614 1630 1652 1659 1644 1612 1566 1564 1583 1614 1649 1679 1703 1695 1671 1649 1640 1651 1697 1736 1769 1799 1817 1822 1829 1847 1871 1895 1904 1910 1886 1847 1800 1762 1764 1797 1793 1780 1778 1770 1754 1725 1730 1768 1795 1818 1829 1834 1816 1802
1778 1796 1812 1820 1835 1847 1843 1831 1810 1805 1832 1858 1867 1850 1835 1822 1817 1804 1802 1818 1823 1821 1803 1785 1764 1762 1760 1745 1721 1702 1682 1646 1607 1614 1619 1632 1640 1629 1613 1610 1639 1674 1699 1725 1740 1729 1700 1673 1662 1654 1668 1685 1714 1760 1773 1762 1756 1771 1813 1854 1898 1915 1906 1867 1825 1784 1797 1829 1841 1834 1824 1811 1763 1718 1707 1735 1785 1826 1854 1859 1831 1801
1786 1800 1824 1846 1860 1870 1862 1847 1828 1825 1847 1872 1878 1866 1852 1839 1827 1829 1837 1836 1832 1810 1788 1755 1739 1732 1738 1748 1749 1731 1712 1678 1644 1626 1619 1618 1625 1627 1632 1638 1658 1694 1728 1766 1777 1759 1735 1713 1696 1668 1652 1650 1674 1706 1730 1711 1687 1709 1738 1798 1860 1910 1915 1891 1848 1827 1831 1866 1884 1878 1861 1824 1777 1725 1697 1723 1769 1821 1863 1875 1862 1842
1814 1819 1839 1859 1878 1890 1886 1875 1863 1864 1875 1890 1889 1882 1868 1857 1854 1856 1854 1846 1820 1798 1777 1762 1737 1723 1720 1740 1744 1738 1720 1704 1683 1669 1653 1630 1624 1629 1656 1666 1675 1687 1736 1782 1806 1788 1767 1747 1719 1673 1640 1645 1669 1700 1735 1736 1724 1710 1730 1769 1841 1902 1928 1914 1888 1863 1873 1900 1906 1890 1854 1814 1773 1738 1716 1729 1768 1815 1852 1874 1884 1882
1842 1845 1851 1862 1882 1897 1902 1896 1894 1895 1899 1898 1895 1879 1866 1856 1865 1866 1861 1841 1822 1808 1795 1785 1771 1748 1731 1732 1740 1736 1733 1721 1708 1702 1688 1668 1642 1647 1688 1733 1724 1723 1754 1807 1820 1797 1759 1736 1715 1668 1649 1669 1705 1726 1768 1803 1797 1791 1782 1796 1843 1901 1939 1939 1922 1904 1910 1925 1922 1888 1844 1799 1776 1758 1746 1751 1764 1802 1836 1860 1886 1901
1866 1867 1864 1864 1882 1899 1908 1913 1913 1914 1911 1905 1892 1872 1850 1837 1852 1864 1862 1853 1835 1823 1812 1797 1776 1761 1738 1728 1722 1726 1729 1727 1721 1723 1726 1713 1682 1674 1716 1769 1788 1774 1798 1833 1828 1771 1715 1675 1667 1659 1662 1710 1756 1773 1805 1846 1860 1856 1841 1826 1849 1902 1948 1966 1957 1945 1948 1950 1924 1886 1841 1820 1801 1808 1799 1787 1781 1794 1829 1853 1878 1893
1883 1888 1879 1880 1891 1905 1913 1918 1920 1919 1913 1905 1892 1876 1850 1838 1840 1851 1851 1843 1836 1822 1798 1781 1767 1752 1747 1724 1719 1726 1741 1749 1747 1755 1759 1751 1735 1715 1739 1785 1820 1831 1840 1855 1829 1763 1678 1641 1639 1669 1706 1754 1801 1818 1844 1874 1897 1898 1876 1850 1861 1903 1950 1973 1977 1972 1970 1952 1924 1883 1863 1847 1849 1851 1852 1836 1805 1818 1841 1869 1875 1880
1898 1899 1900 1897 1908 1913 1919 1921 1922 1921 1917 1904 1896 1882 1865 1846 1844 1834 1837 1838 1832 1814 1799 1789 1775 1773 1758 1745 1737 1753 1770 1785 1786 1786 1785 1785 1771 1754 1750 1785 1830 1859 1874 1871 1835 1776 1713 1667 1665 1687 1737 1772 1808 1845 1872 1904 1925 1926 1908 1886 1890 1921 1950 1974 1982 1980 1969 1958 1927 1903 1895 1886 1879 1891 1888 1864 1833 1836 1865 1874 1867 1852
1905 1906 1910 1913 1917 1921 1922 1924 1924 1923 1918 1912 1902 1895 1886 1874 1863 1856 1852 1851 1843 1829 1812 1815 1808 1794 1781 1759 1769 1781 1811 1824 1820 1821 1811 1802 1787 1771 1758 1776 1828 1871 1889 1878 1840 1800 1758 1721 1688 1692 1721 1764 1808 1861 1899 1928 1950 1954 1942 1929 1941 1949 1971 1983 1987 1982 1979 1965 1955 1938 1925 1920 1908 1921 1919 1887 1854 1868 1877 1869 1834 1824
1914 1915 1919 1921 1923 1925 1926 1927 1926 1924 1922 1915 1910 1908 1901 1897 1891 1882 1873 1858 1843 1830 1825 1830 1823 1811 1795 1792 1795 1825 1845 1856 1842 1827 1809 1801 1792 1787 1785 1801 1842 1887 1912 1901 1868 1837 1818 1782 1726 1710 1735 1776 1829 1881 1915 1945 1966 1975 1969 1963 1962 1972 1979 1987 1990 1988 1983 1985 1975 1960 1956 1943 1937 1945 1932 1902 1887 1895 1895 1853 1804 1789
1924 1924 1924 1924 1926 1927 1928 1928 1928 1927 1924 1921 1915 1914 1912 1907 1905 1895 1879 1857 1842 1837 1838 1846 1848 1834 1823 1824 1845 1862 1881 1858 1831 1806 1796 1795 1809 1821 1819 1837 1863 1904 1929 1931 1908 1894 1876 1833 1782 1768 1780 1808 1855 1889 1923 1951 1975 1987 1985 1978 1976 1975 1983 1989 1990 1990 1989 1986 1982 1975 1971 1967 1962 1955 1931 1903 1913 1929 1900 1850 1796 1773
1930 1930 1929 1929 1929 1929 1929 1930 1931 1930 1930 1926 1920 1919 1914 1910 1906 1904 1892 1878 1869 1866 1863 1870 1876 1866 1849 1856 1875 1898 1891 1860 1824 1813 1807 1825 1846 1865 1875 1881 1905 1923 1948 1951 1944 1930 1919 1879 1837 1842 1843 1860 1889 1927 1947 1967 1978 1982 1983 1977 1974 1972 1978 1983 1986 1987 1988 1987 1983 1980 1979 1980 1972 1959 1921 1899 1920 1937 1913 1861 1830 1810
1934 1934 1934 1933 1932 1931 1931 1931 1932 1934 1932 1930 1926 1921 1916 1910 1909 1907 1907 1899 1893 1892 1876 1870 1882 1887 1882 1888 1908 1920 1916 1884 1864 1853 1851 1852 1880 1905 1914 1931 1938 1952 1961 1968 1966 1959 1946 1921 1904 1907 1906 1903 1932 1955 1968 1975 1975 1977 1977 1977 1971 1968 1971 1977 1982 1985 1986 1986 1984 1983 1981 1980 1976 1963 1930 1908 1934 1957 1938 1914 1883 1867
1933 1937 1936 1936 1934 1934 1933 1933 1934 1933 1934 1933 1931 1928 1923 1920 1915 1916 1912 1906 1901 1899 1882 1867 1880 1902 1909 1919 1927 1937 1935 1922 1911 1894 1879 1877 1902 1930 1946 1953 1959 1960 1967 1975 1983 1974 1964 1954 1944 1952 1945 1945 1956 1968 1975 1974 1974 1975 1976 1978 1976 1972 1974 1978 1981 1983 1985 1984 1984 1982 1980 1975 1969 1954 1932 1923 1946 1967 1968 1947 1921 1876
1939 1938 1938 1937 1936 1935 1935 1934 1934 1934 1933 1934 1934 1932 1930 1929 1927 1922 1921 1915 1909 1910 1904 1889 1900 1917 1929 1929 1936 1938 1940 1940 1932 1920 1905 1905 1925 1949 1959 1962 1960 1961 1964 1974 1981 1977 1971 1972 1965 1963 1964 1963 1966 1972 1971 1971 1973 1974 1975 1977 1977 1978 1979 1978 1981 1982 1983 1983 1983 1982 1979 1972 1961 1947 1940 1942 1962 1975 1974 1951 1903 1846
1940 1939 1938 1937 1937 1936 1936 1935 1934 1934 1934 1933 1933 1932 1932 1932 1931 1929 1926 1923 1919 1920 1917 1916 1920 1928 1931 1934 1936 1938 1940 1943 1944 1938 1937 1936 1945 1956 1962 1960 1958 1959 1961 1964 1970 1968 1974 1976 1972 1964 1964 1965 1966 1967 1968 1970 1971 1973 1974 1975 1976 1977 1979 1979 1980 1981 1982 1982 1982 1981 1976 1972 1967 1962 1955 1965 1974 1977 1971 1944 1886 1837
1941 1940 1939 1938 1938 1937 1936 1936 1935 1934 1934 1933 1933 1932 1933 1934 1933 1932 1930 1929 1928 1927 1928 1927 1929 1931 1932 1934 1936 1938 1939 1941 1943 1943 1946 1945 1951 1954 1958 1956 1956 1957 1959 1961 1962 1962 1964 1970 1963 1961 1961 1962 1964 1965 1967 1968 1970 1971 1973 1973 1975 1976 1977 1978 1979 1980 1980 1981 1981 1980 1979 1975 1974 1973 1971 1971 1977 1980 1975 1949 1915 1879
1942 1941 1940 1939 1938 1937 1937 1936 1936 1935 1934 1934 1933 1933 1933 1934 1934 1934 1933 1933 1934 1933 1932 1932 1932 1932 1933 1934 1935 1937 1938 1940 1943 1941 1943 1948 1949 1953 1954 1954 1955 1957 1958 1959 1959 1959 1959 1958 1958 1959 1959 1961 1962 1963 1965 1966 1968 1970 1971 1972 1973 1974 1975 1976 1978 1979 1979 1980 1980 1980 1980 1980 1979 1979 1978 1979 1982 1983 1980 1972 1952 1940
1942 1941 1940 1939 1938 1938 1937 1936 1936 1935 1935 1935 1935 1934 1935 1935 1935 1935 1935 1935 1936 1936 1935 1934 1933 1934 1934 1934 1936 1937 1938 1942 1943 1943 1944 1947 1950 1951 1951 1952 1954 1956 1956 1956 1957 1957 1956 1956 1956 1957 1958 1959 1960 1962 1963 1965 1966 1968 1969 1970 1971 1972 1974 1975 1977 1978 1978 1979 1980 1980 1981 1981 1981 1981 1982 1983 1984 1986 1987 1985 1982 1980
1941 1940 1940 1939 1938 1937 1936 1936 1936 1935 1935 1935 1935 1934 1934 1935 1936 1936 1936 1936 1937 1936 1936 1935 1935 1934 1935 1935 1936 1938 1939 1940 1943 1941 1942 1947 1947 1948 1949 1951 1952 1954 1955 1955 1955 1954 1955 1954 1954 1955 1957 1958 1959 1960 1962 1963 1965 1966 1967 1968 1970 1971 1973 1975 1976 1977 1978 1979 1980 1980 1981 1981 1981 1982 1982 1985 1986 1988 1989 1990 1991 1992
1940 1940 1940 1939 1938 1937 1936 1936 1936 1936 1935 1935 1934 1933 1932 1934 1936 1936 1936 1936 1936 1936 1936 1935 1935 1935 1935 1935 1936 1937 1938 1939 1940 1940 1941 1944 1945 1946 1947 1949 1951 1952 1953 1953 1953 1954 1954 1954 1954 1954 1955 1956 1957 1959 1960 1962 1964 1965 1966 1967 1969 1971 1973 1974 1975 -9999 -9999 -9999 -9999 -9999 -9999 -9999 1981 1982 1984 1985 1987 1988 1990 1991 1993 1995
1940 1940 1940 1939 1938 1937 1937 1936 1936 1936 1936 1935 1935 1933 1932 1933 1935 1936 1936 1936 1936 1936 1936 1935 1935 1935 1935 1935 1936 1936 1937 1938 1938 1939 1941 1942 1943 1945 1946 1948 1949 1950 1951 1951 1952 1952 1953 1953 1953 1954 1955 1956 1958 1959 1960 1961 1963 1964 1965 1967 1969 1970 1972 1973 -9999 -9999 -9999 -9999 -9999 -9999 -9999 -9999 -9999 1983 1984 1986 1987 -9999 -9999 -9999 1994 1996
1940 1939 1939 1939 1938 1937 1937 1937 1936 1936 1936 1936 1935 1934 1933 1933 1935 1936 1936 1936 1936 1936 1935 1935 1934 1934 1935 1935 1935 1935 1936 1937 1937 1938 1940 1941 1942 1943 1945 1946 1947 1948 1949 1950 1951 1951 1951 1952 1953 1954 1956 1957 1958 1959 1960 1961 1963 1964 1965 1967 1968 1970 1971 -9999 -9999 -9999 -9999 -9999 -9999 -9999 -9999 -9999 -9999 -9999 1985 1986 -9999 -9999 -9999 -9999 -9999 -9999
1940 1939 1939 1938 1938 1938 1937 1937 1937 1937 1936 1936 1936 1935 1934 1935 1935 1936 1936 1936 1936 1935 1935 1935 1934 1934 1934 1934 1934 1934 1935 1936 1937 1938 1939 1940 1941 1942 1943 1945 1946 1947 1948 1948 1949 1950 1950 1952 1953 1954 -9999 -9999 -9999 -9999 1961 1962 1963 1964 1965 1967 1969 1970 -9999 -9999 -9999 -9999 -9999 -9999 -9999 -9999 -9999 -9999 -9999 -9999 -9999 -9999 -9999 -9999 -9999 -9999 -9999 -9999
