Data/tmin/PRISM_tmin_pr_1963-1995_normal_450mM1_04_asc.asc
ncols 557
nrows 164
xllcorner -67.31875000000
yllcorner 17.86875000000
cellsize 0.00416666667
NODATA_value -9999
[rows 0 to 35 of 164, columns 82 to 163 of 557]
-9999 -9999 -9999 -9999 -9999 -9999 -9999 -9999 -9999 -9999 -9999 -9999 -9999 -9999 -9999 -9999 -9999 -9999 -9999 -9999 -9999 -9999 -9999 -9999 -9999 -9999 -9999 -9999 -9999 -9999 -9999 -9999 -9999 -9999 -9999 -9999 -9999 -9999 -9999 -9999 -9999 -9999 -9999 -9999 -9999 -9999 -9999 -9999 -9999 -9999 -9999 -9999 -9999 -9999 -9999 -9999 -9999 -9999 -9999 -9999 -9999 -9999 -9999 -9999 -9999 -9999 -9999 -9999 -9999 -9999 -9999 -9999 -9999 -9999 -9999 -9999 -9999 -9999 -9999 -9999 -9999 -9999
-9999 -9999 -9999 -9999 -9999 -9999 -9999 -9999 -9999 -9999 -9999 -9999 -9999 -9999 -9999 -9999 -9999 -9999 -9999 -9999 -9999 -9999 -9999 -9999 -9999 -9999 -9999 -9999 -9999 -9999 -9999 -9999 -9999 -9999 -9999 -9999 -9999 -9999 -9999 -9999 -9999 -9999 -9999 -9999 -9999 -9999 -9999 -9999 -9999 -9999 -9999 -9999 -9999 -9999 -9999 -9999 -9999 -9999 -9999 -9999 -9999 -9999 -9999 -9999 -9999 -9999 -9999 -9999 -9999 -9999 -9999 -9999 -9999 -9999 -9999 -9999 -9999 -9999 -9999 -9999 -9999 -9999
-9999 -9999 -9999 -9999 -9999 -9999 -9999 -9999 -9999 -9999 -9999 -9999 -9999 -9999 -9999 -9999 -9999 -9999 -9999 -9999 -9999 -9999 -9999 -9999 -9999 -9999 -9999 -9999 -9999 -9999 -9999 -9999 -9999 -9999 -9999 -9999 -9999 -9999 -9999 -9999 -9999 -9999 -9999 -9999 -9999 -9999 -9999 -9999 -9999 -9999 -9999 -9999 -9999 -9999 -9999 -9999 -9999 -9999 -9999 -9999 -9999 -9999 -9999 -9999 -9999 -9999 -9999 -9999 -9999 -9999 -9999 -9999 -9999 -9999 -9999 -9999 -9999 -9999 -9999 -9999 -9999 -9999
-9999 -9999 -9999 -9999 -9999 -9999 -9999 -9999 -9999 -9999 -9999 -9999 -9999 -9999 -9999 -9999 -9999 -9999 -9999 -9999 -9999 -9999 -9999 -9999 -9999 -9999 -9999 -9999 -9999 -9999 -9999 -9999 -9999 -9999 -9999 -9999 -9999 -9999 -9999 -9999 -9999 -9999 -9999 -9999 -9999 -9999 -9999 -9999 -9999 -9999 -9999 -9999 -9999 -9999 -9999 -9999 -9999 -9999 -9999 -9999 -9999 -9999 -9999 -9999 -9999 -9999 -9999 -9999 -9999 -9999 -9999 -9999 -9999 -9999 -9999 -9999 -9999 -9999 -9999 -9999 -9999 -9999
-9999 -9999 -9999 -9999 -9999 -9999 -9999 -9999 -9999 -9999 -9999 -9999 -9999 -9999 -9999 -9999 -9999 -9999 -9999 -9999 -9999 -9999 -9999 -9999 -9999 -9999 -9999 -9999 -9999 -9999 -9999 -9999 -9999 -9999 -9999 -9999 -9999 -9999 -9999 -9999 -9999 -9999 -9999 -9999 -9999 -9999 -9999 -9999 -9999 -9999 -9999 -9999 -9999 -9999 -9999 -9999 -9999 -9999 -9999 -9999 -9999 -9999 -9999 -9999 -9999 -9999 -9999 -9999 -9999 -9999 -9999 -9999 -9999 -9999 -9999 -9999 -9999 -9999 -9999 -9999 -9999 -9999
-9999 -9999 -9999 -9999 -9999 -9999 -9999 -9999 -9999 -9999 -9999 -9999 -9999 -9999 -9999 -9999 -9999 -9999 -9999 -9999 -9999 -9999 -9999 -9999 -9999 -9999 -9999 -9999 -9999 -9999 -9999 -9999 -9999 -9999 -9999 -9999 -9999 -9999 -9999 -9999 -9999 -9999 -9999 -9999 -9999 -9999 -9999 -9999 -9999 -9999 -9999 -9999 -9999 -9999 -9999 -9999 -9999 -9999 -9999 -9999 -9999 -9999 -9999 -9999 -9999 -9999 -9999 -9999 -9999 -9999 -9999 -9999 -9999 -9999 -9999 -9999 -9999 -9999 -9999 -9999 -9999 -9999
-9999 -9999 -9999 -9999 -9999 -9999 -9999 -9999 -9999 -9999 -9999 -9999 -9999 -9999 -9999 -9999 -9999 -9999 -9999 -9999 -9999 -9999 -9999 -9999 -9999 -9999 -9999 -9999 -9999 -9999 -9999 -9999 -9999 -9999 -9999 -9999 -9999 -9999 -9999 -9999 -9999 -9999 -9999 -9999 -9999 -9999 -9999 -9999 -9999 -9999 -9999 -9999 -9999 -9999 -9999 -9999 -9999 -9999 -9999 -9999 -9999 -9999 -9999 -9999 -9999 -9999 -9999 -9999 -9999 -9999 -9999 -9999 -9999 -9999 -9999 -9999 -9999 -9999 -9999 -9999 -9999 -9999
-9999 -9999 -9999 -9999 -9999 -9999 -9999 -9999 -9999 -9999 -9999 -9999 -9999 -9999 -9999 -9999 -9999 -9999 -9999 -9999 -9999 -9999 -9999 -9999 -9999 -9999 -9999 -9999 -9999 -9999 -9999 -9999 -9999 -9999 -9999 -9999 -9999 -9999 -9999 -9999 -9999 -9999 -9999 -9999 -9999 -9999 -9999 -9999 -9999 -9999 -9999 -9999 -9999 -9999 -9999 -9999 -9999 -9999 -9999 -9999 -9999 -9999 -9999 -9999 -9999 -9999 -9999 -9999 -9999 -9999 -9999 -9999 -9999 -9999 -9999 -9999 -9999 -9999 -9999 -9999 -9999 -9999
-9999 -9999 -9999 -9999 -9999 -9999 -9999 -9999 -9999 -9999 -9999 -9999 -9999 -9999 -9999 -9999 -9999 -9999 -9999 -9999 -9999 -9999 -9999 -9999 -9999 -9999 -9999 -9999 -9999 -9999 -9999 -9999 -9999 -9999 -9999 -9999 -9999 -9999 -9999 -9999 -9999 -9999 -9999 -9999 -9999 -9999 -9999 -9999 -9999 -9999 -9999 -9999 -9999 -9999 -9999 -9999 -9999 -9999 -9999 -9999 -9999 -9999 -9999 -9999 -9999 -9999 -9999 -9999 -9999 -9999 -9999 -9999 -9999 -9999 -9999 -9999 -9999 -9999 -9999 -9999 -9999 -9999
-9999 -9999 -9999 -9999 -9999 -9999 -9999 -9999 -9999 -9999 -9999 -9999 -9999 -9999 -9999 -9999 -9999 -9999 -9999 -9999 -9999 -9999 -9999 -9999 -9999 -9999 -9999 -9999 -9999 -9999 -9999 -9999 -9999 -9999 -9999 -9999 -9999 -9999 -9999 -9999 -9999 -9999 -9999 -9999 -9999 -9999 -9999 -9999 -9999 -9999 -9999 -9999 -9999 -9999 -9999 -9999 -9999 -9999 -9999 -9999 -9999 -9999 -9999 -9999 -9999 -9999 -9999 -9999 -9999 -9999 -9999 -9999 -9999 -9999 -9999 -9999 -9999 -9999 -9999 -9999 -9999 -9999
-9999 -9999 -9999 -9999 -9999 -9999 -9999 -9999 -9999 -9999 -9999 -9999 -9999 -9999 -9999 -9999 -9999 -9999 -9999 -9999 -9999 -9999 -9999 -9999 -9999 -9999 -9999 -9999 -9999 -9999 -9999 -9999 -9999 -9999 -9999 -9999 -9999 -9999 -9999 -9999 -9999 -9999 -9999 -9999 -9999 -9999 -9999 -9999 -9999 -9999 -9999 -9999 -9999 -9999 -9999 -9999 -9999 -9999 -9999 -9999 -9999 -9999 -9999 -9999 -9999 -9999 -9999 -9999 -9999 -9999 -9999 -9999 -9999 -9999 -9999 -9999 -9999 -9999 -9999 -9999 -9999 -9999
2045 2042 2047 2045 -9999 -9999 2037 2032 2029 2023 -9999 -9999 -9999 -9999 -9999 -9999 -9999 -9999 -9999 -9999 -9999 -9999 -9999 -9999 -9999 1965 1963 1960 1956 1950 1946 1946 -9999 -9999 -9999 -9999 -9999 1916 1914 1908 1906 1904 1902 1900 1898 1897 1895 1894 -9999 -9999 -9999 -9999 -9999 -9999 -9999 -9999 -9999 -9999 -9999 -9999 -9999 -9999 -9999 -9999 -9999 -9999 -9999 -9999 -9999 -9999 -9999 -9999 -9999 -9999 -9999 -9999 -9999 -9999 -9999 -9999 1902 1903
2033 2042 2043 2051 2055 2056 2043 2040 2034 2029 2029 2030 2028 2027 2028 -9999 -9999 -9999 -9999 2002 1997 1992 1987 1981 1975 1969 1966 1963 1958 1953 1950 1948 1947 1942 1938 1934 1929 1923 1918 1913 1908 1905 1903 1901 1899 1898 1897 1896 1897 1898 -9999 -9999 -9999 -9999 -9999 -9999 -9999 -9999 -9999 -9999 -9999 -9999 -9999 -9999 -9999 -9999 -9999 -9999 -9999 -9999 -9999 -9999 1896 1901 1901 1898 1899 1901 1902 1903 1904 1905
2030 2030 2043 2046 2056 2052 2044 2037 2037 2033 2036 2032 2031 2031 2034 2037 2038 2030 2023 2012 2006 2000 1993 1988 1982 1977 1973 1968 1963 1957 1953 1949 1943 1938 1934 1931 1927 1924 1921 1916 1914 1911 1909 1907 1906 1904 1904 1903 1902 1902 1904 1903 -9999 -9999 -9999 -9999 -9999 -9999 -9999 -9999 -9999 -9999 -9999 -9999 -9999 -9999 1900 -9999 -9999 -9999 1893 1893 1898 1905 1905 1903 1897 1898 1900 1901 1903 1906
2012 2018 2024 2034 2043 2039 2024 2016 2016 2023 2028 2032 2034 2037 2037 2040 2034 2028 2020 2012 2006 1999 1993 1987 1981 1977 1972 1967 1962 1957 1949 1943 1938 1934 1931 1928 1926 1923 1922 1920 1918 1916 1913 1911 1910 1909 1908 1906 1906 1904 1902 1901 1899 1897 -9999 -9999 -9999 -9999 -9999 -9999 -9999 -9999 -9999 -9999 -9999 1906 1904 1907 -9999 1901 1898 1895 1898 1904 1907 1904 1899 1897 1899 1901 1903 1906
1991 1997 2004 2016 2025 2020 2005 1989 1989 1993 2003 2008 2015 2021 2029 2030 2028 2022 2014 2007 1999 1993 1987 1983 1979 1975 1972 1967 1963 1956 1949 1941 1936 1930 1927 1925 1923 1925 1924 1924 1924 1922 1920 1918 1916 1914 1912 1912 1910 1907 1902 1900 1897 1895 1892 1891 1891 1892 1892 1893 1896 1899 1903 1906 1905 1905 1905 1905 1904 1904 1901 1901 1900 1901 1902 1903 1901 1898 1900 1901 1903 1905
1980 1984 1994 2002 2010 2014 1991 1981 1973 1975 1978 1982 1988 1999 2005 2010 2011 2010 2005 1999 1995 1988 1984 1980 1977 1973 1970 1967 1963 1959 1952 1946 1939 1933 1929 1925 1925 1925 1927 1929 1928 1929 1927 1924 1922 1919 1917 1916 1915 1911 1906 1902 1899 1894 1890 1889 1888 1888 1889 1892 1900 1902 1905 1904 1904 1904 1903 1902 1902 1901 1901 1900 1901 1901 1902 1905 1901 1898 1897 1898 1900 1902
1980 1985 1994 2004 2011 2004 1995 1975 1972 1970 1971 1972 1977 1981 1986 1988 1996 1997 1994 1991 1987 1983 1978 1975 1973 1970 1968 1966 1963 1961 1956 1951 1945 1939 1934 1932 1928 1928 1928 1929 1931 1931 1930 1927 1925 1923 1922 1920 1919 1917 1914 1913 1908 1903 1897 1892 1890 1888 1887 1891 1898 1903 1902 1902 1902 1901 1900 1900 1900 1900 1900 1901 1901 1902 1903 1904 1902 1897 1896 1896 1897 1899
1987 1994 2004 2011 2006 2002 1984 1975 1972 1971 1971 1972 1975 1979 1980 1981 1985 1990 1984 1979 1977 1974 1972 1971 1970 1968 1967 1965 1963 1961 1958 1954 1948 1941 1937 1929 1929 1928 1930 1933 1933 1935 1934 1931 1928 1927 1925 1923 1921 1918 1917 1917 1916 1914 1910 1910 1905 1899 1895 1893 1896 1897 1898 1899 1899 1899 1898 1898 1900 1900 1900 1900 1901 1902 1903 1904 1903 1898 1897 1897 1897 1898
1988 1989 1991 1989 1989 1980 1974 1969 1968 1967 1968 1971 1973 1976 1976 1973 1978 1978 1979 1974 1972 1971 1970 1969 1968 1967 1967 1965 1963 1961 1960 1956 1951 1946 1935 1932 1929 1932 1936 1939 1940 1939 1938 1934 1930 1926 1922 1921 1918 1916 1916 1917 1915 1916 1919 1921 1919 1912 1904 1897 1895 1894 1895 1897 1897 1895 1895 1896 1898 1900 1900 1900 1900 1901 1902 1904 1902 1896 1895 1895 1895 1898
1972 1971 1967 1978 1972 1974 1967 1964 1963 1964 1966 1966 1966 1968 1968 1966 1965 1971 1971 1971 1969 1968 1967 1967 1967 1967 1967 1966 1965 1964 1962 1960 1956 1951 1942 1937 1938 1939 1943 1944 1944 1944 1942 1939 1934 1927 1923 1922 1921 1920 1920 1918 1915 1914 1915 1919 1918 1911 1903 1898 1894 1894 1894 1895 1894 1893 1893 1893 1896 1897 1899 1900 1900 1901 1902 1904 1902 1894 1892 1894 1896 1900
1955 1956 1966 1963 1970 1962 1959 1957 1958 1962 1963 1964 1961 1962 1962 1961 1962 1963 1969 1968 1968 1968 1967 1966 1966 1966 1966 1966 1965 1964 1962 1960 1957 1952 1946 1942 1940 1944 1946 1947 1946 1945 1944 1941 1936 1931 1928 1927 1928 1929 1928 1926 1922 1918 1915 1914 1912 1907 1902 1898 1894 1894 1893 1893 1893 1893 1893 1893 1893 1896 1898 1899 1900 1898 1902 1903 1901 1895 1894 1895 1900 1905
1949 1955 1961 1966 1957 1956 1954 1955 1957 1961 1965 1964 1963 1963 1963 1961 1959 1962 1965 1965 1967 1967 1966 1966 1966 1966 1966 1965 1964 1963 1961 1958 1955 1952 1945 1940 1937 1939 1943 1943 1943 1943 1943 1940 1937 1934 1930 1929 1930 1932 1932 1930 1927 1923 1918 1914 1912 1912 1910 1907 1898 1893 1893 1892 1893 1892 1892 1892 1892 1894 1897 1898 1895 1895 1897 1901 1902 1898 1897 1901 1906 1911
1941 1946 1957 1960 1951 1953 1952 1954 1957 1961 1963 1963 1962 1964 1964 1961 1960 1960 1961 1964 1963 1965 1964 1966 1964 1963 1963 1962 1961 1960 1959 1958 1955 1952 1948 1941 1933 1937 1939 1938 1939 1939 1938 1936 1933 1931 1927 1925 1926 1928 1929 1929 1930 1928 1925 1922 1923 1923 1922 1915 1899 1892 1892 1892 1892 1892 1892 1892 1892 1893 1894 1894 1892 1889 1894 1896 1899 1898 1900 1904 1912 1916
1935 1941 1958 1958 1963 1952 1952 1952 1954 1957 1958 1958 1958 1958 1958 1958 1957 1956 1958 1957 1959 1958 1960 1960 1959 1956 1955 1954 1953 1953 1955 1955 1954 1950 1946 1943 1938 1940 1940 1939 1938 1937 1936 1933 1931 1928 1925 1923 1923 1924 1924 1926 1927 1930 1931 1932 1933 1933 1928 1918 1903 1893 1892 1892 1892 1892 1891 1891 1891 1892 1892 1891 1891 1891 1893 1895 1898 1899 1900 1904 1909 1912
1933 1937 1943 1953 1953 1953 1943 1943 1947 1953 1955 1955 1955 1955 1955 1955 1955 1954 1954 1954 1954 1953 1952 1955 1952 1952 1951 1949 1948 1947 1946 1948 1945 1947 1948 1946 1945 1945 1944 1940 1938 1936 1939 1936 1932 1928 1925 1924 1923 1924 1925 1923 1925 1927 1930 1931 1933 1934 1930 1924 1904 1895 1891 1891 1891 1891 1890 1890 1890 1890 1891 1892 1894 1894 1897 1900 1900 1902 1902 1903 1905 1906
1933 1936 1938 1943 1952 1947 1935 1932 1934 1944 1949 1951 1950 1949 1950 1949 1951 1952 1952 1952 1950 1949 1949 1949 1949 1948 1947 1945 1944 1943 1941 1939 1943 1944 1946 1943 1940 1942 1938 1934 1932 1933 1935 1935 1935 1926 1923 1921 1923 1924 1925 1923 1921 1923 1922 1920 1921 1924 1927 1922 1903 1891 1889 1890 1891 1890 1890 1889 1889 1890 1891 1895 1898 1901 1902 1904 1906 1905 1905 1905 1905 1904
1932 1934 1941 1938 1945 1941 1933 1933 1933 1932 1935 1936 1935 1934 1933 1936 1940 1943 1945 1946 1948 1946 1946 1944 1943 1941 1940 1938 1936 1932 1932 1932 1931 1934 1933 1932 1935 1936 1933 1930 1926 1923 1925 1926 1921 1917 1908 1909 1913 1914 1913 1912 1909 1909 1906 1905 1904 1911 1916 1917 1904 1889 1888 1889 1889 1889 1889 1889 1889 1891 1893 1896 1899 1900 1900 1902 1904 1905 1905 1905 1905 1903
1921 1930 1931 1933 1931 1932 1935 1940 1936 1929 1925 1926 1925 1923 1921 1922 1922 1925 1928 1932 1937 1939 1938 1935 1932 1930 1928 1926 1920 1918 1917 1919 1920 1921 1923 1924 1931 1926 1922 1922 1921 1920 1917 1914 1914 1904 1901 1899 1901 1900 1897 1894 1894 1890 1889 1887 1888 1893 1899 1907 1899 1894 1889 1888 1888 1888 1890 1890 1891 1893 1896 1896 1898 1898 1900 1900 1901 1902 1900 1899 1898 1897
1917 1919 1926 1924 1925 1926 1923 1928 1926 1918 1918 1919 1918 1915 1913 1909 1909 1909 1910 1915 1916 1921 1920 1918 1916 1914 1912 1906 1901 1898 1900 1899 1902 1902 1911 1916 1924 1917 1911 1912 1914 1913 1911 1909 1906 1899 1893 1890 1888 1881 1877 1875 1874 1870 1869 1868 1869 1875 1879 1886 1889 1885 1889 1888 1887 1888 1890 1891 1890 1891 1893 1895 1894 1895 1894 1894 1893 1891 1892 1889 1887 1887
1917 1919 1920 1921 1923 1922 1918 1918 1917 1924 1917 1915 1914 1911 1908 1907 1904 1904 1902 1899 1899 1899 1901 1897 1899 1899 1894 1886 1880 1877 1876 1874 1875 1884 1887 1897 1909 1903 1898 1900 1899 1898 1895 1897 1894 1885 1880 1876 1871 1869 1863 1861 1857 1855 1852 1852 1852 1856 1861 1865 1866 1873 1878 1887 1886 1886 1888 1888 1887 1887 1888 1888 1885 1882 1881 1876 1873 1874 1876 1876 1872 1873
1922 1921 1920 1920 1919 1917 1914 1914 1922 1926 1918 1911 1907 1905 1903 1900 1897 1897 1893 1888 1884 1885 1881 1879 1881 1884 1880 1870 1859 1857 1852 1850 1857 1863 1872 1875 1889 1893 1886 1883 1882 1879 1878 1878 1877 1868 1861 1860 1859 1856 1858 1854 1852 1844 1844 1841 1839 1842 1843 1844 1852 1855 1870 1880 1886 1886 1886 1886 1885 1885 1884 1872 1867 1862 1857 1851 1850 1853 1859 1859 1856 1856
1922 1919 1917 1912 1913 1911 1910 1912 1917 1920 1909 1899 1897 1893 1890 1887 1885 1882 1877 1873 1866 1864 1860 1857 1861 1868 1862 1853 1844 1835 1832 1831 1838 1847 1851 1859 1876 1878 1874 1865 1861 1861 1858 1857 1853 1847 1846 1844 1841 1842 1843 1842 1836 1835 1834 1835 1834 1830 1833 1836 1837 1848 1864 1868 1873 1882 1886 1886 1886 1885 1876 1857 1841 1838 1832 1828 1829 1834 1842 1846 1844 1845
1915 1909 1902 1903 1899 1902 1906 1907 1905 1905 1895 1891 1885 1880 1872 1871 1867 1863 1857 1850 1847 1840 1840 1836 1842 1847 1843 1836 1825 1822 1817 1818 1824 1828 1837 1842 1853 1865 1853 1842 1841 1839 1839 1836 1831 1828 1828 1827 1820 1819 1823 1821 1823 1818 1820 1822 1820 1824 1830 1831 1832 1843 1842 1843 1843 1856 1875 1883 1884 1884 1869 1838 1827 1818 1815 1815 1818 1824 1829 1834 1836 1836
1897 1891 1890 1886 1886 1890 1903 1902 1890 1882 1877 1873 1865 1859 1852 1847 1846 1840 1833 1829 1823 1820 1814 1818 1823 1826 1820 1812 1805 1801 1799 1801 1812 1818 1817 1826 1835 1844 1844 1830 1819 1819 1822 1818 1812 1808 1808 1802 1798 1797 1800 1804 1805 1803 1798 1796 1799 1806 1820 1827 1824 1823 1829 1813 1812 1830 1847 1866 1877 1875 1855 1825 1811 1809 1807 1808 1812 1816 1820 1824 1826 1830
1883 1881 1878 1878 1869 1879 1895 1898 1884 1872 1868 1861 1855 1844 1831 1832 1826 1822 1817 1812 1808 1798 1795 1799 1803 1803 1795 1789 1782 1782 1787 1793 1804 1809 1807 1804 1813 1830 1834 1816 1807 1805 1805 1802 1792 1786 1783 1779 1779 1780 1779 1786 1787 1781 1776 1774 1775 1784 1804 1804 1802 1800 1798 1795 1796 1806 1824 1845 1865 1867 1843 1807 1798 1799 1801 1806 1805 1809 1811 1817 1821 1824
