Data/tmin/PRISM_tmin_pr_1963-1995_normal_450mM1_annual_asc.asc
ncols 557
nrows 164
xllcorner -67.31875000000
yllcorner 17.86875000000
cellsize 0.00416666667
NODATA_value -9999
[rows 36 to 71 of 164, columns 82 to 163 of 557]
1973 1974 1969 1963 1952 1951 1963 1963 1955 1949 1946 1943 1933 1922 1903 1896 1893 1889 1883 1879 1872 1860 1860 1858 1862 1858 1853 1849 1846 1848 1858 1865 1876 1875 1867 1864 1871 1891 1902 1885 1874 1873 1867 1858 1851 1845 1841 1838 1842 1845 1851 1853 1857 1850 1848 1844 1844 1855 1865 1878 1864 1865 1866 1873 1878 1883 1896 1921 1947 1961 1943 1909 1889 1890 1895 1893 1893 1895 1901 1906 1911 1914
1965 1967 1963 1955 1945 1940 1939 1934 1925 1918 1918 1921 1926 1909 1890 1883 1878 1874 1871 1863 1855 1849 1842 1842 1841 1837 1838 1844 1838 1842 1848 1851 1854 1854 1845 1845 1851 1873 1888 1877 1860 1854 1845 1837 1836 1835 1832 1832 1834 1838 1841 1847 1846 1845 1842 1838 1839 1844 1865 1872 1864 1856 1860 1864 1866 1870 1877 1898 1928 1953 1952 1924 1889 1883 1882 1881 1881 1886 1892 1898 1899 1903
1955 1955 1947 1939 1933 1924 1918 1910 1900 1892 1890 1900 1907 1899 1873 1861 1859 1857 1852 1847 1839 1832 1830 1826 1822 1826 1830 1840 1842 1836 1835 1837 1834 1831 1831 1829 1836 1854 1878 1876 1859 1839 1828 1821 1824 1825 1825 1822 1822 1822 1827 1830 1834 1834 1836 1831 1833 1840 1856 1874 1859 1849 1851 1853 1854 1856 1861 1874 1900 1930 1955 1933 1898 1872 1874 1873 1873 1880 1886 1887 1890 1892
1942 1943 1935 1928 1920 1911 1902 1896 1887 1876 1874 1886 1898 1890 1866 1848 1839 1839 1837 1829 1824 1819 1820 1815 1821 1822 1824 1834 1835 1829 1827 1820 1812 1806 1807 1809 1813 1828 1858 1871 1847 1820 1805 1802 1801 1805 1806 1804 1804 1805 1811 1817 1818 1823 1822 1825 1828 1836 1861 1867 1853 1845 1847 1849 1846 1847 1849 1854 1868 1899 1938 1943 1902 1871 1862 1863 1865 1870 1875 1877 1879 1884
1931 1932 1927 1920 1914 1901 1890 1882 1871 1860 1863 1875 1890 1888 1870 1852 1839 1830 1825 1821 1816 1813 1810 1813 1815 1820 1819 1818 1820 1818 1816 1811 1798 1793 1793 1796 1797 1810 1841 1857 1835 1806 1794 1790 1788 1790 1792 1795 1796 1803 1808 1813 1815 1816 1822 1825 1829 1845 1863 1868 1845 1837 1845 1839 1836 1835 1837 1842 1847 1876 1928 1944 1912 1870 1859 1859 1861 1863 1865 1864 1866 1870
1918 1922 1918 1914 1909 1899 1888 1878 1864 1857 1860 1875 1881 1883 1878 1868 1855 1843 1831 1821 1817 1811 1806 1801 1810 1815 1811 1806 1808 1807 1807 1806 1798 1788 1792 1790 1796 1805 1831 1838 1816 1794 1787 1786 1785 1786 1790 1793 1801 1802 1804 1807 1813 1813 1819 1821 1827 1841 1861 1858 1836 1826 1827 1825 1819 1821 1825 1831 1839 1887 1927 1943 1901 1864 1851 1855 1854 1858 1856 1855 1855 1863
1905 1910 1909 1904 1903 1898 1889 1881 1869 1860 1865 1871 1874 1873 1872 1870 1867 1859 1847 1841 1836 1832 1822 1813 1806 1809 1805 1799 1795 1798 1796 1796 1790 1786 1782 1793 1801 1811 1827 1821 1800 1783 1780 1783 1787 1789 1792 1798 1802 1805 1800 1807 1811 1814 1813 1817 1822 1832 1851 1852 1835 1820 1820 1819 1815 1816 1819 1822 1852 1902 1944 1917 1879 1845 1845 1847 1849 1852 1851 1846 1847 1851
1892 1900 1900 1901 1900 1892 1885 1877 1863 1855 1851 1858 1860 1862 1862 1862 1862 1861 1859 1853 1854 1850 1843 1825 1811 1804 1802 1793 1790 1788 1787 1784 1784 1779 1780 1790 1805 1815 1823 1811 1787 1771 1772 1778 1783 1787 1786 1790 1796 1798 1803 1803 1814 1806 1804 1808 1816 1823 1832 1839 1827 1814 1813 1813 1816 1813 1814 1820 1851 1919 1931 1908 1852 1838 1841 1847 1849 1851 1847 1842 1838 1842
1884 1888 1888 1888 1887 1880 1872 1864 1852 1838 1836 1841 1847 1849 1852 1854 1856 1856 1854 1853 1851 1849 1846 1834 1816 1804 1801 1791 1785 1786 1782 1780 1780 1779 1781 1789 1802 1813 1812 1798 1774 1762 1765 1774 1780 1778 1776 1779 1782 1794 1793 1801 1796 1788 1785 1792 1802 1808 1814 1828 1814 1809 1810 1816 1812 1810 1808 1814 1845 1905 1935 1907 1875 1857 1845 1844 1845 1843 1835 1832 1831 1836
1878 1878 1876 1874 1872 1865 1857 1846 1835 1825 1823 1832 1838 1843 1847 1850 1848 1846 1843 1840 1836 1835 1837 1834 1819 1806 1794 1788 1783 1780 1780 1777 1778 1778 1779 1785 1798 1805 1800 1781 1767 1752 1757 1763 1766 1767 1768 1770 1780 1782 1787 1782 1778 1775 1775 1780 1789 1796 1812 1822 1814 1805 1803 1805 1805 1798 1800 1805 1828 1873 1918 1929 1910 1893 1858 1842 1839 1832 1828 1829 1832 1838
1870 1869 1867 1863 1858 1853 1843 1836 1826 1819 1818 1822 1826 1831 1838 1843 1840 1834 1830 1826 1821 1817 1822 1824 1818 1803 1792 1785 1783 1781 1776 1773 1773 1774 1775 1781 1791 1795 1786 1773 1758 1750 1746 1749 1751 1754 1761 1770 1768 1774 1773 1769 1772 1772 1781 1782 1786 1794 1808 1831 1815 1802 1796 1793 1792 1790 1794 1799 1803 1843 1880 1917 1922 1911 1866 1839 1836 1831 1824 1829 1834 1841
1854 1855 1855 1851 1846 1840 1837 1831 1827 1820 1817 1817 1820 1822 1828 1832 1829 1822 1818 1813 1808 1806 1808 1815 1811 1802 1789 1783 1785 1780 1775 1769 1768 1771 1773 1778 1786 1792 1782 1771 1763 1747 1741 1738 1739 1748 1761 1762 1763 1766 1767 1770 1769 1772 1781 1788 1788 1803 1817 1822 1817 1802 1788 1787 1790 1788 1791 1788 1793 1801 1844 1878 1907 1910 1880 1849 1831 1820 1818 1818 1823 1831
1842 1842 1836 1835 1833 1832 1832 1831 1828 1823 1818 1817 1818 1820 1822 1823 1822 1814 1808 1805 1801 1800 1806 1807 1807 1798 1786 1778 1776 1777 1771 1765 1765 1766 1769 1776 1784 1784 1779 1772 1763 1753 1740 1734 1737 1747 1757 1759 1753 1763 1772 1769 1767 1772 1776 1786 1801 1803 1811 1810 1798 1786 1777 1775 1778 1780 1778 1779 1781 1795 1815 1849 1890 1920 1905 1873 1832 1816 1807 1806 1805 1812
1843 1840 1833 1827 1827 1829 1832 1835 1832 1825 1817 1812 1812 1812 1812 1815 1817 1809 1802 1797 1793 1795 1799 1802 1802 1797 1783 1771 1769 1768 1770 1765 1765 1768 1771 1776 1781 1778 1770 1767 1767 1756 1740 1733 1735 1744 1755 1751 1750 1759 1759 1765 1770 1773 1787 1789 1787 1789 1784 1776 1773 1770 1764 1767 1767 1769 1771 1771 1780 1790 1798 1825 1861 1912 1919 1877 1832 1806 1800 1795 1791 1793
1837 1843 1839 1832 1830 1829 1831 1835 1834 1826 1818 1811 1808 1807 1806 1809 1815 1808 1801 1796 1792 1791 1793 1793 1795 1792 1783 1769 1761 1763 1766 1766 1767 1770 1771 1773 1774 1770 1763 1763 1766 1760 1746 1737 1734 1745 1751 1754 1750 1750 1755 1762 1779 1784 1784 1785 1777 1769 1762 1757 1759 1758 1761 1763 1762 1760 1763 1769 1777 1785 1791 1799 1838 1893 1911 1875 1820 1803 1795 1788 1785 1782
1826 1836 1838 1836 1832 1830 1831 1833 1833 1826 1817 1809 1804 1802 1802 1802 1806 1803 1799 1797 1792 1789 1787 1789 1791 1791 1785 1776 1767 1764 1766 1766 1768 1771 1770 1767 1766 1765 1762 1761 1765 1763 1757 1747 1745 1745 1749 1752 1749 1749 1752 1768 1774 1774 1772 1767 1770 1767 1764 1755 1755 1753 1757 1761 1754 1754 1761 1766 1775 1780 1786 1793 1825 1886 1901 1872 1833 1798 1791 1785 1779 1776
1817 1823 1828 1829 1831 1832 1831 1834 1833 1829 1820 1812 1807 1807 1805 1801 1800 1796 1796 1793 1791 1789 1789 1790 1790 1790 1787 1781 1774 1768 1768 1764 1764 1766 1764 1763 1764 1766 1765 1761 1759 1762 1754 1748 1743 1745 1748 1749 1751 1757 1762 1761 1764 1751 1748 1748 1753 1761 1759 1757 1757 1755 1758 1759 1755 1755 1762 1769 1775 1779 1781 1792 1827 1883 1897 1880 1854 1818 1793 1786 1780 1777
1813 1816 1819 1824 1827 1830 1832 1834 1835 1831 1824 1815 1811 1809 1809 1805 1802 1797 1796 1796 1794 1792 1792 1791 1790 1788 1788 1783 1778 1773 1769 1768 1766 1766 1763 1761 1764 1767 1762 1756 1755 1753 1749 1741 1740 1742 1747 1750 1760 1769 1763 1757 1749 1746 1740 1739 1743 1750 1750 1752 1755 1757 1761 1764 1758 1763 1768 1773 1777 1779 1777 1789 1832 1876 1867 1864 1864 1837 1812 1799 1793 1788
1811 1813 1816 1821 1823 1825 1828 1832 1833 1830 1825 1819 1813 1809 1808 1808 1805 1802 1797 1797 1797 1796 1795 1793 1790 1791 1790 1787 1783 1777 1775 1772 1771 1769 1765 1763 1767 1763 1757 1749 1748 1749 1745 1740 1740 1739 1746 1754 1761 1771 1760 1745 1745 1746 1741 1741 1743 1747 1748 1750 1756 1760 1767 1766 1764 1768 1772 1775 1778 1779 1776 1789 1831 1866 1849 1832 1869 1866 1849 1840 1834 1833
1810 1813 1816 1818 1821 1820 1824 1827 1827 1827 1824 1821 1815 1810 1807 1806 1809 1806 1805 1803 1799 1798 1798 1796 1794 1795 1792 1790 1787 1783 1780 1777 1774 1771 1767 1767 1766 1762 1752 1746 1743 1742 1741 1743 1742 1744 1748 1752 1762 1760 1755 1743 1746 1750 1743 1744 1747 1747 1750 1754 1760 1765 1769 1771 1767 1768 1770 1773 1776 1778 1776 1783 1825 1865 1838 1824 1852 1871 1861 1843 1844 1842
1812 1814 1814 1817 1818 1819 1818 1822 1824 1824 1822 1819 1816 1810 1806 1805 1806 1811 1812 1810 1809 1804 1802 1799 1799 1799 1797 1793 1792 1788 1785 1781 1777 1773 1769 1766 1768 1758 1751 1745 1742 1738 1740 1742 1745 1743 1753 1753 1755 1756 1746 1747 1741 1745 1741 1739 1743 1749 1754 1761 1765 1763 1765 1766 1762 1762 1761 1764 1775 1784 1790 1795 1821 1857 1846 1818 1851 1866 1853 1826 1802 1795
1817 1816 1813 1814 1817 1817 1815 1816 1817 1820 1818 1817 1815 1812 1808 1804 1806 1808 1812 1816 1816 1817 1812 1806 1802 1803 1799 1798 1795 1791 1789 1784 1780 1776 1771 1772 1771 1761 1753 1746 1740 1738 1739 1741 1739 1740 1747 1749 1746 1741 1743 1740 1736 1737 1733 1733 1736 1744 1755 1764 1762 1758 1756 1759 1760 1758 1764 1779 1794 1814 1827 1827 1838 1853 1834 1819 1835 1861 1865 1829 1795 1779
1817 1813 1811 1813 1817 1818 1818 1816 1815 1815 1817 1818 1819 1817 1814 1810 1807 1810 1809 1812 1819 1823 1821 1816 1812 1801 1799 1796 1794 1792 1789 1786 1781 1778 1775 1776 1777 1768 1754 1748 1741 1739 1737 1739 1736 1741 1753 1745 1739 1736 1735 1735 1729 1730 1733 1735 1738 1746 1756 1760 1759 1752 1751 1758 1764 1768 1784 1804 1818 1821 1829 1821 1824 1835 1819 1806 1821 1840 1851 1844 1811 1786
1817 1812 1811 1813 1816 1819 1820 1819 1816 1816 1817 1819 1820 1822 1821 1816 1814 1811 1810 1809 1814 1820 1822 1823 1817 1811 1798 1795 1793 1790 1789 1785 1782 1779 1779 1781 1782 1770 1759 1748 1745 1743 1741 1743 1741 1745 1756 1745 1733 1732 1734 1733 1725 1729 1738 1741 1745 1754 1759 1761 1755 1751 1750 1758 1767 1774 1783 1793 1796 1794 1782 1777 1787 1801 1801 1795 1805 1810 1840 1844 1833 1809
1815 1812 1813 1815 1816 1817 1818 1821 1818 1820 1820 1821 1821 1822 1824 1824 1820 1817 1812 1808 1811 1816 1819 1823 1826 1816 1806 1798 1792 1786 1787 1785 1781 1779 1780 1784 1783 1775 1762 1755 1752 1749 1747 1749 1748 1750 1756 1744 1732 1732 1736 1735 1731 1735 1744 1751 1753 1760 1766 1765 1763 1756 1750 1753 1761 1765 1761 1762 1761 1762 1764 1752 1764 1782 1779 1782 1783 1794 1807 1827 1832 1818
1814 1812 1813 1815 1815 1813 1814 1814 1817 1818 1822 1823 1825 1827 1826 1825 1823 1815 1811 1808 1807 1813 1815 1821 1824 1822 1815 1806 1794 1786 1783 1784 1783 1782 1783 1783 1781 1776 1768 1762 1757 1751 1747 1751 1751 1752 1755 1745 1736 1734 1741 1738 1736 1739 1750 1755 1760 1765 1769 1770 1766 1758 1750 1746 1749 1749 1744 1737 1743 1753 1757 1754 1758 1764 1759 1754 1764 1773 1786 1794 1805 1807
1808 1810 1814 1812 1811 1810 1811 1814 1815 1821 1826 1828 1831 1828 1825 1822 1816 1808 1803 1805 1806 1807 1813 1816 1819 1820 1816 1808 1799 1788 1787 1786 1787 1787 1786 1784 1778 1772 1768 1763 1757 1751 1746 1747 1748 1747 1747 1744 1736 1735 1736 1737 1737 1741 1750 1756 1759 1764 1768 1763 1758 1750 1745 1744 1744 1749 1736 1734 1734 1744 1751 1750 1753 1751 1737 1728 1743 1764 1778 1784 1792 1789
1804 1801 1809 1809 1805 1807 1810 1817 1819 1825 1829 1833 1833 1833 1827 1824 1818 1803 1794 1800 1801 1798 1805 1808 1811 1815 1812 1805 1795 1789 1786 1786 1787 1788 1786 1783 1775 1768 1761 1757 1752 1744 1739 1736 1733 1735 1734 1734 1731 1727 1730 1732 1735 1740 1745 1751 1755 1759 1759 1754 1747 1741 1740 1740 1748 1748 1736 1730 1733 1738 1744 1739 1738 1735 1721 1714 1737 1762 1782 1787 1787 1786
1798 1805 1808 1808 1805 1803 1811 1817 1820 1822 1827 1829 1833 1833 1831 1829 1821 1804 1788 1788 1791 1791 1795 1802 1803 1809 1808 1798 1791 1783 1784 1785 1786 1785 1784 1780 1772 1760 1753 1748 1744 1738 1732 1726 1725 1726 1729 1728 1721 1719 1723 1730 1734 1736 1742 1746 1746 1750 1751 1744 1739 1735 1737 1742 1748 1743 1728 1727 1735 1745 1746 1737 1727 1720 1712 1720 1738 1760 1774 1781 1782 1764
1808 1804 1813 1812 1805 1806 1810 1820 1822 1821 1823 1827 1831 1832 1831 1828 1826 1810 1788 1782 1780 1778 1792 1796 1797 1801 1803 1796 1788 1782 1783 1783 1784 1784 1783 1778 1767 1758 1746 1740 1736 1732 1730 1725 1727 1732 1731 1724 1716 1711 1718 1724 1727 1730 1733 1736 1736 1738 1745 1735 1730 1728 1733 1742 1747 1738 1721 1724 1732 1744 1750 1737 1725 1716 1716 1722 1739 1745 1760 1766 1763 1748
1806 1810 1811 1816 1816 1814 1817 1824 1825 1822 1824 1830 1831 1830 1826 1829 1828 1823 1802 1784 1775 1768 1779 1792 1791 1794 1797 1793 1786 1779 1779 1776 1776 1778 1774 1772 1762 1753 1744 1736 1730 1728 1727 1726 1725 1723 1717 1709 1700 1704 1708 1714 1722 1727 1728 1728 1722 1731 1734 1725 1722 1725 1737 1744 1746 1739 1730 1730 1728 1733 1740 1734 1717 1713 1717 1730 1736 1742 1759 1770 1779 1760
1809 1807 1812 1820 1827 1823 1820 1821 1823 1823 1826 1834 1835 1825 1825 1826 1830 1831 1820 1805 1786 1777 1774 1780 1780 1788 1790 1786 1777 1772 1774 1771 1768 1768 1767 1761 1753 1747 1737 1730 1721 1716 1715 1710 1705 1699 1696 1689 1691 1694 1699 1707 1719 1737 1736 1731 1726 1729 1729 1720 1722 1736 1742 1747 1745 1742 1742 1735 1726 1727 1736 1736 1723 1719 1727 1741 1740 1745 1759 1773 1782 1773
1810 1809 1815 1832 1837 1830 1821 1824 1827 1826 1831 1838 1837 1830 1825 1826 1831 1832 1831 1822 1819 1799 1793 1782 1778 1790 1794 1785 1772 1760 1766 1767 1766 1762 1760 1754 1745 1736 1728 1718 1709 1700 1699 1692 1686 1682 1679 1679 1677 1683 1687 1693 1713 1727 1737 1734 1730 1728 1724 1713 1729 1739 1742 1739 1737 1737 1730 1731 1727 1726 1736 1742 1742 1741 1750 1756 1746 1737 1752 1764 1778 1772
1810 1814 1822 1839 1839 1827 1820 1824 1827 1828 1829 1832 1831 1826 1825 1830 1833 1835 1831 1830 1827 1831 1814 1798 1793 1801 1806 1793 1769 1758 1757 1762 1764 1762 1754 1749 1738 1725 1716 1706 1696 1688 1685 1677 1669 1666 1664 1658 1662 1670 1678 1685 1692 1709 1719 1728 1724 1718 1705 1713 1727 1737 1732 1724 1718 1707 1704 1706 1721 1723 1730 1739 1744 1754 1761 1755 1738 1728 1739 1758 1774 1773
1811 1813 1822 1831 1833 1818 1823 1821 1824 1825 1826 1826 1822 1822 1823 1827 1832 1832 1826 1824 1831 1831 1824 1811 1802 1814 1807 1791 1774 1746 1746 1753 1760 1756 1753 1743 1732 1718 1702 1694 1682 1673 1670 1660 1654 1650 1646 1644 1649 1662 1674 1679 1680 1692 1714 1728 1724 1710 1705 1710 1729 1732 1723 1714 1699 1691 1677 1691 1705 1714 1714 1725 1731 1741 1746 1739 1719 1709 1724 1743 1757 1762
1810 1809 1810 1818 1817 1818 1824 1824 1823 1824 1824 1821 1818 1817 1819 1823 1830 1832 1831 1833 1835 1834 1829 1821 1822 1819 1808 1791 1768 1755 1738 1743 1746 1750 1742 1737 1728 1709 1694 1681 1671 1658 1652 1642 1634 1632 1633 1632 1644 1658 1670 1674 1677 1689 1716 1730 1725 1711 1702 1709 1719 1722 1716 1708 1699 1684 1681 1682 1692 1694 1701 1705 1713 1721 1727 1717 1701 1695 1703 1720 1734 1744
