Data/tmin/PRISM_tmin_pr_1963-1995_normal_450mM1_04_asc.asc
ncols 557
nrows 164
xllcorner -67.31875000000
yllcorner 17.86875000000
cellsize 0.00416666667
NODATA_value -9999
[rows 108 to 143 of 164, columns 0 to 81 of 557]
-9999 -9999 -9999 -9999 -9999 -9999 -9999 -9999 -9999 -9999 -9999 -9999 -9999 -9999 -9999 -9999 -9999 -9999 -9999 -9999 -9999 -9999 -9999 -9999 -9999 -9999 -9999 1915 1918 1915 1908 1898 1883 1868 1849 1829 1812 1800 1790 1772 1752 1737 1730 1726 1725 1723 1721 1721 1721 1723 1724 1725 1725 1728 1731 1734 1737 1740 1743 1746 1749 1752 1756 1759 1761 1763 1764 1767 1764 1757 1749 1744 1742 1743 1741 1745 1746 1739 1739 1740 1745 1745
-9999 -9999 -9999 -9999 -9999 -9999 -9999 -9999 -9999 -9999 -9999 -9999 -9999 -9999 -9999 -9999 -9999 -9999 -9999 -9999 -9999 -9999 -9999 -9999 -9999 -9999 1914 1917 1916 1912 1903 1893 1880 1864 1846 1826 1810 1799 1787 1769 1752 1739 1733 1730 1728 1727 1725 1723 1723 1724 1725 1726 1728 1731 1736 1742 1742 1744 1747 1749 1751 1755 1757 1758 1759 1763 1767 1767 1765 1760 1751 1747 1745 1740 1738 1742 1740 1735 1734 1735 1739 1739
-9999 -9999 -9999 -9999 -9999 -9999 -9999 -9999 -9999 -9999 -9999 -9999 -9999 -9999 -9999 -9999 -9999 -9999 -9999 -9999 -9999 -9999 -9999 -9999 -9999 -9999 -9999 1920 1917 1910 1900 1890 1875 1861 1844 1824 1811 1798 1786 1768 1753 1743 1739 1737 1735 1734 1732 1730 1728 1728 1730 1732 1734 1739 1750 1753 1756 1753 1753 1754 1755 1757 1758 1756 1757 1761 1768 1769 1768 1764 1761 1755 1746 1741 1739 1744 1741 1736 1735 1737 1739 1740
-9999 -9999 -9999 -9999 -9999 -9999 -9999 -9999 -9999 -9999 -9999 -9999 -9999 -9999 -9999 -9999 -9999 -9999 -9999 -9999 -9999 -9999 -9999 -9999 -9999 -9999 1922 1923 1919 1911 1899 1882 1868 1851 1837 1823 1809 1801 1786 1771 1758 1752 1748 1745 1743 1743 1742 1740 1738 1739 1741 1743 1744 1748 1759 1767 1762 1759 1758 1759 1760 1762 1761 1760 1759 1763 1768 1772 1771 1772 1768 1762 1752 1745 1748 1755 1752 1746 1747 1750 1747 1749
-9999 -9999 -9999 -9999 -9999 -9999 -9999 -9999 -9999 -9999 -9999 -9999 -9999 -9999 -9999 -9999 -9999 -9999 -9999 -9999 -9999 -9999 -9999 -9999 -9999 1923 1923 1925 1921 1911 1894 1877 1858 1846 1834 1823 1814 1804 1791 1778 1769 1763 1761 1757 1754 1754 1754 1751 1750 1746 1750 1750 1745 1743 1747 1748 1744 1743 1748 1757 1758 1763 1766 1758 1757 1755 1762 1770 1777 1777 1779 1776 1770 1767 1770 1773 1767 1766 1765 1764 1763 1765
-9999 -9999 -9999 -9999 -9999 -9999 -9999 -9999 -9999 -9999 -9999 -9999 -9999 -9999 -9999 -9999 -9999 -9999 -9999 -9999 -9999 -9999 -9999 -9999 -9999 1924 1925 1927 1924 1913 1895 1875 1862 1850 1839 1827 1818 1807 1796 1787 1781 1777 1774 1768 1760 1759 1748 1744 1736 1736 1746 1745 1733 1716 1714 1708 1709 1714 1732 1737 1741 1754 1759 1754 1744 1743 1749 1756 1775 1778 1782 1786 1786 1788 1788 1787 1783 1782 1783 1782 1782 1779
-9999 -9999 -9999 -9999 -9999 -9999 -9999 -9999 -9999 -9999 -9999 -9999 -9999 -9999 -9999 -9999 -9999 -9999 -9999 -9999 -9999 -9999 -9999 -9999 -9999 -9999 1928 1932 1928 1914 1896 1879 1868 1856 1843 1830 1816 1808 1797 1792 1787 1785 1778 1765 1752 1739 1734 1722 1720 1727 1743 1737 1718 1701 1696 1694 1694 1711 1720 1725 1722 1739 1757 1753 1755 1752 1747 1753 1764 1771 1774 1778 1788 1792 1795 1795 1793 1794 1793 1792 1791 1791
-9999 -9999 -9999 -9999 -9999 -9999 -9999 -9999 -9999 -9999 -9999 -9999 -9999 -9999 -9999 -9999 -9999 -9999 -9999 -9999 -9999 -9999 -9999 -9999 -9999 -9999 -9999 1939 1930 1915 1894 1881 1866 1854 1837 1823 1816 1807 1801 1793 1788 1781 1771 1750 1732 1731 1727 1723 1719 1728 1738 1727 1707 1702 1703 1700 1702 1711 1727 1726 1726 1736 1750 1755 1758 1763 1761 1756 1766 1764 1762 1764 1775 1786 1789 1798 1800 1801 1800 1798 1795 1796
-9999 -9999 -9999 -9999 -9999 -9999 -9999 -9999 -9999 -9999 -9999 -9999 -9999 -9999 -9999 -9999 -9999 -9999 -9999 -9999 -9999 -9999 -9999 -9999 -9999 -9999 1942 1941 1934 1914 1894 1876 1860 1841 1826 1814 1809 1804 1805 1800 1790 1784 1768 1749 1738 1740 1745 1740 1730 1738 1748 1733 1728 1723 1725 1720 1717 1725 1736 1740 1740 1747 1754 1759 1763 1762 1761 1760 1763 1760 1761 1760 1765 1772 1774 1783 1798 1802 1801 1796 1791 1793
-9999 -9999 -9999 -9999 -9999 -9999 -9999 -9999 -9999 -9999 -9999 -9999 -9999 -9999 -9999 -9999 -9999 -9999 -9999 -9999 -9999 -9999 -9999 -9999 -9999 1946 1945 1940 1930 1911 1891 1871 1855 1839 1824 1814 1804 1801 1798 1800 1796 1788 1778 1765 1759 1761 1763 1755 1748 1755 1761 1758 1754 1749 1745 1740 1744 1749 1758 1762 1762 1766 1771 1773 1771 1771 1770 1767 1765 1766 1766 1760 1764 1757 1756 1765 1782 1795 1795 1788 1784 1791
-9999 -9999 -9999 -9999 -9999 -9999 -9999 -9999 -9999 -9999 -9999 -9999 -9999 -9999 -9999 -9999 -9999 -9999 -9999 -9999 -9999 -9999 -9999 -9999 -9999 1950 1946 1940 1925 1907 1888 1873 1856 1845 1833 1820 1814 1803 1802 1801 1797 1793 1785 1779 1778 1778 1777 1772 1767 1771 1780 1775 1777 1772 1765 1767 1771 1777 1781 1784 1788 1788 1788 1786 1785 1783 1785 1786 1786 1784 1782 1780 1771 1768 1760 1763 1778 1781 1784 1783 1788 1798
-9999 -9999 -9999 -9999 -9999 -9999 -9999 -9999 -9999 -9999 -9999 -9999 -9999 -9999 -9999 -9999 -9999 -9999 -9999 -9999 -9999 -9999 -9999 -9999 -9999 1951 1952 1941 1928 1912 1893 1876 1864 1852 1838 1830 1822 1816 1816 1813 1811 1801 1796 1792 1792 1791 1792 1789 1786 1789 1788 1791 1794 1790 1791 1791 1798 1799 1800 1802 1805 1807 1803 1801 1800 1802 1802 1801 1803 1803 1802 1799 1801 1796 1795 1794 1788 1794 1796 1802 1808 1817
-9999 -9999 -9999 -9999 -9999 -9999 -9999 -9999 -9999 -9999 -9999 -9999 -9999 -9999 -9999 -9999 -9999 -9999 -9999 -9999 -9999 -9999 -9999 -9999 -9999 -9999 1954 1946 1932 1919 1902 1885 1870 1857 1847 1837 1833 1832 1830 1829 1822 1816 1810 1806 1804 1803 1803 1803 1801 1802 1803 1803 1806 1801 1804 1807 1811 1812 1812 1812 1817 1817 1815 1814 1816 1818 1818 1816 1815 1817 1817 1823 1824 1823 1824 1817 1818 1815 1824 1828 1835 1838
-9999 -9999 -9999 -9999 -9999 -9999 -9999 -9999 -9999 -9999 -9999 -9999 -9999 -9999 -9999 -9999 -9999 -9999 -9999 -9999 -9999 -9999 -9999 -9999 -9999 1958 1957 1947 1938 1927 1914 1896 1882 1868 1858 1851 1846 1843 1844 1836 1831 1824 1821 1819 1814 1814 1816 1813 1815 1817 1815 1815 1811 1806 1809 1812 1814 1818 1818 1820 1824 1827 1826 1826 1829 1835 1836 1829 1830 1830 1834 1837 1840 1839 1838 1834 1832 1838 1842 1844 1848 1854
-9999 -9999 -9999 -9999 -9999 -9999 -9999 -9999 -9999 -9999 -9999 -9999 -9999 -9999 -9999 -9999 -9999 -9999 -9999 -9999 -9999 -9999 -9999 -9999 1960 1959 1957 1953 1942 1938 1926 1915 1899 1885 1875 1865 1857 1856 1852 1845 1838 1834 1832 1828 1828 1824 1826 1824 1825 1828 1827 1825 1821 1815 1818 1817 1818 1821 1825 1827 1831 1834 1839 1839 1846 1855 1856 1849 1848 1849 1849 1851 1851 1852 1847 1843 1842 1847 1853 1857 1861 1866
-9999 -9999 -9999 -9999 -9999 -9999 -9999 -9999 -9999 -9999 -9999 -9999 -9999 -9999 -9999 -9999 -9999 -9999 -9999 -9999 -9999 -9999 -9999 1964 1963 1962 1963 1959 1955 1949 1942 1931 1919 1903 1890 1875 1870 1866 1863 1856 1851 1846 1842 1839 1837 1836 1834 1834 1834 1836 1835 1832 1828 1826 1826 1825 1824 1828 1834 1833 1840 1847 1853 1857 1863 1873 1873 1868 1866 1870 1869 1863 1865 1861 1860 1854 1857 1861 1866 1869 1871 1875
-9999 -9999 -9999 -9999 -9999 -9999 -9999 -9999 -9999 -9999 -9999 -9999 -9999 -9999 -9999 -9999 -9999 -9999 -9999 -9999 -9999 -9999 -9999 -9999 1965 1968 1969 1968 1965 1960 1954 1946 1934 1918 1899 1887 1880 1877 1872 1866 1858 1852 1847 1844 1845 1843 1843 1842 1843 1843 1842 1838 1834 1832 1831 1831 1830 1839 1841 1849 1855 1865 1875 1876 1881 1886 1888 1882 1884 1887 1885 1883 1877 1874 1872 1873 1876 1879 1882 1883 1884 1887
-9999 -9999 -9999 -9999 -9999 -9999 -9999 -9999 -9999 -9999 -9999 -9999 -9999 -9999 -9999 -9999 -9999 -9999 -9999 -9999 -9999 -9999 -9999 -9999 -9999 1972 1975 1974 1972 1969 1962 1954 1945 1928 1911 1896 1892 1886 1880 1869 1859 1852 1849 1849 1851 1851 1851 1851 1850 1849 1848 1845 1841 1838 1837 1836 1843 1850 1861 1864 1876 1886 1891 1897 1901 1902 1905 1904 1899 1904 1906 1900 1894 1888 1886 1889 1892 1895 1896 1898 1898 1899
-9999 -9999 -9999 -9999 -9999 -9999 -9999 -9999 -9999 -9999 -9999 -9999 -9999 -9999 -9999 -9999 -9999 -9999 -9999 -9999 -9999 -9999 -9999 -9999 -9999 -9999 1978 1978 1976 1973 1968 1959 1949 1936 1917 1906 1901 1895 1885 1874 1862 1858 1855 1855 1857 1857 1857 1857 1856 1856 1854 1851 1848 1845 1843 1849 1858 1872 1878 1887 1897 1903 1908 1913 1923 1923 1925 1923 1917 1922 1924 1917 1908 1898 1899 1900 1903 1905 1905 1906 1907 1908
-9999 -9999 -9999 -9999 -9999 -9999 -9999 -9999 -9999 -9999 -9999 -9999 -9999 -9999 -9999 -9999 -9999 -9999 -9999 -9999 -9999 -9999 -9999 -9999 -9999 -9999 -9999 -9999 -9999 -9999 1970 1963 1953 1939 1923 1913 1910 1904 1893 1880 1870 1865 1863 1862 1863 1863 1863 1864 1863 1862 1860 1858 1855 1853 1855 1863 1876 1888 1898 1907 1917 1923 1923 1935 1941 1944 1944 1943 1936 1940 1942 1935 1920 1912 1910 1910 1911 1912 1913 1913 1914 1914
-9999 -9999 -9999 -9999 -9999 -9999 -9999 -9999 -9999 -9999 -9999 -9999 -9999 -9999 -9999 -9999 -9999 -9999 -9999 -9999 -9999 -9999 -9999 -9999 -9999 -9999 -9999 -9999 -9999 -9999 1974 1966 1956 1942 1928 1921 1918 1913 1900 1887 1877 1871 1868 1867 1867 1868 1869 1869 1868 1868 1868 1866 1865 1865 1868 1877 1889 1902 1913 1926 1936 1941 1943 1953 1961 1961 1963 1964 1957 1959 1960 1952 1937 1927 1923 1920 1919 1920 1921 1921 1922 1923
-9999 -9999 -9999 -9999 -9999 -9999 -9999 -9999 -9999 -9999 -9999 -9999 -9999 -9999 -9999 -9999 -9999 -9999 -9999 -9999 -9999 -9999 -9999 -9999 -9999 -9999 -9999 1989 1988 1985 1978 1970 1960 1948 1938 1932 1930 1922 1908 1893 1883 1875 1871 1870 1869 1870 1870 1869 1870 1870 1873 1875 1877 1879 1883 1896 1908 1921 1933 1944 1954 1959 1962 1974 1980 1980 1981 1982 1978 1978 1977 1969 1955 1944 1938 1934 1929 1928 1928 1929 1930 1931
-9999 -9999 -9999 -9999 -9999 -9999 -9999 -9999 -9999 -9999 -9999 -9999 -9999 -9999 -9999 -9999 -9999 -9999 -9999 -9999 -9999 -9999 -9999 -9999 -9999 -9999 1989 1988 1987 1985 1979 1971 1962 1954 1949 1946 1942 1932 1916 1901 1888 1880 1876 1871 1869 1867 1860 1858 1857 1863 1871 1881 1891 1897 1906 1919 1934 1946 1954 1962 1973 1978 1985 1999 2002 2002 1999 2001 1997 1995 1994 1983 1973 1963 1956 1949 1943 1939 1936 1935 1936 1937
-9999 -9999 -9999 -9999 -9999 -9999 -9999 -9999 -9999 -9999 -9999 -9999 -9999 -9999 -9999 -9999 -9999 -9999 -9999 -9999 -9999 -9999 -9999 -9999 -9999 1992 1990 1988 1985 1978 1971 1963 1954 1951 1954 1952 1947 1935 1920 1906 1894 1886 1880 1876 1870 1862 1850 1840 1844 1850 1870 1891 1906 1921 1934 1947 1961 1972 1978 1983 1993 1999 2009 2022 2027 2023 2019 2020 2015 2012 2006 1999 1991 1986 1978 1970 1962 1954 1948 1945 1944 1945
-9999 -9999 -9999 -9999 -9999 -9999 -9999 -9999 -9999 -9999 -9999 -9999 -9999 -9999 -9999 -9999 -9999 -9999 -9999 -9999 -9999 -9999 -9999 -9999 1990 1991 1984 1981 1970 1961 1950 1943 1940 1942 1947 1948 1943 1933 1920 1908 1901 1893 1888 1879 1874 1869 1857 1854 1851 1864 1886 1908 1926 1944 1959 1974 1987 1998 2002 2004 2012 2020 2031 2044 2049 2045 2041 2038 2036 2027 2023 2014 2012 2010 1998 1992 1982 1972 1963 1958 1953 1954
-9999 -9999 -9999 -9999 -9999 -9999 -9999 -9999 -9999 -9999 -9999 -9999 -9999 -9999 -9999 -9999 -9999 -9999 -9999 -9999 -9999 -9999 -9999 1990 1991 1983 1975 1963 1958 1946 1942 1942 1942 1945 1947 1943 1940 1932 1920 1916 1910 1905 1894 1887 1884 1881 1881 1880 1883 1890 1911 1931 1948 1967 1985 1996 2012 2023 2029 2028 2033 2041 2053 2066 2072 2071 2064 2062 2056 2049 2042 2035 2034 2028 2015 2006 1997 1985 1977 1969 1962 1954
-9999 -9999 -9999 -9999 -9999 -9999 -9999 -9999 -9999 -9999 -9999 -9999 -9999 -9999 -9999 -9999 -9999 -9999 -9999 -9999 -9999 -9999 1993 1993 1989 1981 1966 1961 1955 1953 1950 1953 1957 1955 1952 1949 1942 1935 1928 1922 1921 1914 1907 1906 1905 1903 1900 1907 1910 1918 1938 1959 1977 1996 2007 2020 2032 2046 2055 2054 2056 2065 2075 2086 2094 2094 2086 2083 2082 2073 2066 2060 2055 2046 2028 2021 2012 2001 1988 1982 1965 1953
-9999 -9999 -9999 -9999 -9999 -9999 -9999 -9999 -9999 -9999 -9999 -9999 -9999 -9999 -9999 -9999 -9999 -9999 -9999 -9999 -9999 -9999 1993 1992 1991 1980 1973 1967 1966 1963 1964 1966 1967 1965 1961 1957 1952 1945 1936 1937 1933 1928 1925 1930 1935 1929 1927 1931 1940 1948 1966 1987 2005 2020 2034 2044 2057 2068 2081 2080 2081 2089 2099 2103 2114 2112 2109 2104 2103 2097 2089 2084 2076 2063 2050 2045 2038 2023 2012 1999 1982 1964
-9999 -9999 -9999 -9999 -9999 -9999 -9999 -9999 -9999 -9999 -9999 -9999 -9999 -9999 -9999 -9999 -9999 -9999 -9999 -9999 -9999 -9999 1993 1993 1992 1985 1982 1981 1979 1977 1976 1979 1980 1978 1976 1973 1969 1963 1959 1953 1952 1950 1948 1957 1964 1963 1963 1965 1972 1980 1995 2012 2027 2042 2056 2072 2083 2093 2105 2107 2108 2121 2123 2127 2126 2129 2119 2118 2112 2110 2110 2105 2099 2089 2077 2072 2062 2046 2032 2018 2002 1982
-9999 -9999 -9999 -9999 -9999 -9999 -9999 -9999 -9999 -9999 -9999 -9999 -9999 -9999 -9999 -9999 -9999 -9999 -9999 -9999 -9999 -9999 1995 1994 1995 1992 1991 1991 1990 1988 1988 1989 1991 1992 1990 1989 1986 1981 1975 1972 1970 1969 1970 1977 1984 1993 1989 1992 1998 2007 2021 2035 2049 2058 2077 2096 2108 2115 2125 2133 2137 2145 2150 2146 2146 2137 2134 2122 2120 2118 2120 2116 2114 2107 2100 2093 2082 2070 2050 2040 2020 2006
-9999 -9999 -9999 -9999 -9999 -9999 -9999 -9999 -9999 -9999 -9999 -9999 -9999 -9999 -9999 -9999 -9999 -9999 -9999 -9999 -9999 -9999 1997 1997 1999 1997 1996 1997 1997 1997 1998 1999 2000 2001 2001 1999 1997 1994 1991 1987 1985 1983 1985 1995 2004 2008 2015 2014 2020 2030 2042 2056 2065 2080 2098 2117 2128 2132 2143 2151 2156 2160 2161 2160 2156 2153 2146 2143 2131 2129 2123 2119 2116 2113 2109 2104 2098 2085 2072 2051 2037 2021
-9999 -9999 -9999 -9999 -9999 -9999 -9999 -9999 -9999 -9999 -9999 -9999 -9999 -9999 -9999 -9999 -9999 -9999 -9999 -9999 -9999 -9999 2000 2001 2002 2001 2001 2001 2003 2005 2008 2009 2011 2011 2011 2010 2009 2007 2004 2001 1996 1994 2000 2013 2021 2029 2032 2036 2040 2047 2062 2071 2082 2093 2114 2129 2139 2144 2151 2159 2161 2162 2162 2162 2160 2157 2154 2150 2144 2138 2134 2125 2122 2116 2109 2107 2105 2099 2084 2070 2054 2038
-9999 -9999 -9999 -9999 -9999 -9999 -9999 -9999 -9999 -9999 -9999 -9999 -9999 -9999 -9999 -9999 -9999 -9999 -9999 -9999 -9999 -9999 2004 2004 2006 2005 2004 2005 2008 2011 2015 2018 2019 2021 2021 2021 2021 2020 2018 2014 2011 2009 2017 2029 2036 2042 2051 2055 2058 2069 2080 2090 2096 2107 2122 2134 2142 2147 2154 2158 2161 2162 2163 2162 2160 2157 2154 2151 2147 2142 2138 2133 2128 2118 2112 2110 2108 2103 2096 2084 2072 2057
-9999 -9999 -9999 -9999 -9999 -9999 -9999 -9999 -9999 -9999 -9999 -9999 -9999 -9999 -9999 -9999 -9999 -9999 -9999 -9999 -9999 -9999 2005 2009 2008 2008 2008 2010 2012 2016 2020 2024 2026 2028 2028 2028 2030 2031 2029 2028 2027 2028 2033 2042 2048 2055 2062 2070 2074 2082 2092 2102 2108 2117 2128 2136 2142 2148 2153 2157 2159 -9999 -9999 -9999 -9999 2156 2154 2151 2147 2143 2139 2134 2129 2124 2118 2115 2113 2106 2099 2093 2081 2066
-9999 -9999 -9999 -9999 -9999 -9999 -9999 -9999 -9999 -9999 -9999 -9999 -9999 -9999 -9999 -9999 -9999 -9999 -9999 -9999 -9999 -9999 -9999 2011 2014 2012 2014 2015 2017 2020 2025 2029 2032 2032 2032 2034 2035 2037 2038 2038 2040 2043 2048 2053 2059 2064 2072 2077 2084 2091 2100 2107 2115 2122 2130 2136 2142 2146 2151 2154 -9999 -9999 -9999 -9999 -9999 -9999 -9999 -9999 -9999 -9999 -9999 -9999 -9999 2123 2121 2119 2117 -9999 2100 2095 2086 2071
-9999 -9999 -9999 -9999 -9999 -9999 -9999 -9999 -9999 -9999 -9999 -9999 -9999 -9999 -9999 -9999 -9999 -9999 -9999 -9999 -9999 -9999 -9999 -9999 2016 2017 2018 2020 2022 2026 2029 2033 2033 -9999 -9999 2037 2040 2042 2044 2047 2051 2054 2059 2063 2067 2072 2077 2083 2090 2097 2103 2111 2118 2125 2131 2136 2141 2145 2148 -9999 -9999 -9999 -9999 -9999 -9999 -9999 -9999 -9999 -9999 -9999 -9999 -9999 -9999 -9999 2121 2120 -9999 -9999 2102 2099 2092 2082
