Data/tmin/PRISM_tmin_pr_1963-1995_normal_450mM1_09_asc.asc
ncols 557
nrows 164
xllcorner -67.31875000000
yllcorner 17.86875000000
cellsize 0.00416666667
NODATA_value -9999
[rows 0 to 35 of 164, columns 164 to 245 of 557]
-9999 -9999 -9999 -9999 -9999 -9999 -9999 -9999 -9999 -9999 -9999 -9999 -9999 -9999 -9999 -9999 -9999 -9999 -9999 -9999 -9999 -9999 -9999 -9999 -9999 -9999 -9999 -9999 -9999 -9999 -9999 -9999 -9999 -9999 -9999 -9999 -9999 -9999 -9999 -9999 -9999 -9999 -9999 -9999 -9999 -9999 -9999 -9999 -9999 -9999 -9999 -9999 -9999 -9999 -9999 -9999 -9999 -9999 -9999 -9999 -9999 -9999 -9999 -9999 -9999 -9999 -9999 -9999 -9999 -9999 -9999 -9999 -9999 -9999 -9999 -9999 -9999 -9999 -9999 -9999 -9999 -9999
-9999 -9999 -9999 -9999 -9999 -9999 -9999 -9999 -9999 -9999 -9999 -9999 -9999 -9999 -9999 -9999 -9999 -9999 -9999 -9999 -9999 -9999 -9999 -9999 -9999 -9999 -9999 -9999 -9999 -9999 -9999 -9999 -9999 -9999 -9999 -9999 -9999 -9999 -9999 -9999 -9999 -9999 -9999 -9999 -9999 -9999 -9999 -9999 -9999 -9999 -9999 -9999 -9999 -9999 -9999 -9999 -9999 -9999 -9999 -9999 -9999 -9999 -9999 -9999 -9999 -9999 -9999 -9999 -9999 -9999 -9999 -9999 -9999 -9999 -9999 -9999 -9999 -9999 -9999 -9999 -9999 -9999
-9999 -9999 -9999 -9999 -9999 -9999 -9999 -9999 -9999 -9999 -9999 -9999 -9999 -9999 -9999 -9999 -9999 -9999 -9999 -9999 -9999 -9999 -9999 -9999 -9999 -9999 -9999 -9999 -9999 -9999 -9999 -9999 -9999 -9999 -9999 -9999 -9999 -9999 -9999 -9999 -9999 -9999 -9999 -9999 -9999 -9999 -9999 -9999 -9999 -9999 -9999 -9999 -9999 -9999 -9999 -9999 -9999 -9999 -9999 -9999 -9999 -9999 -9999 -9999 -9999 -9999 -9999 -9999 -9999 -9999 -9999 -9999 -9999 -9999 -9999 -9999 -9999 -9999 -9999 -9999 -9999 -9999
-9999 -9999 -9999 -9999 -9999 -9999 -9999 -9999 -9999 -9999 -9999 -9999 -9999 -9999 -9999 -9999 -9999 -9999 -9999 -9999 -9999 -9999 -9999 -9999 -9999 -9999 -9999 -9999 -9999 -9999 -9999 -9999 -9999 -9999 -9999 -9999 -9999 -9999 -9999 -9999 -9999 -9999 -9999 -9999 -9999 -9999 -9999 -9999 -9999 -9999 -9999 -9999 -9999 -9999 -9999 -9999 -9999 -9999 -9999 -9999 -9999 -9999 -9999 -9999 -9999 -9999 -9999 -9999 -9999 -9999 -9999 -9999 -9999 -9999 -9999 -9999 -9999 -9999 -9999 -9999 -9999 -9999
-9999 -9999 -9999 -9999 -9999 -9999 -9999 -9999 -9999 -9999 -9999 -9999 -9999 -9999 -9999 -9999 -9999 -9999 -9999 -9999 -9999 -9999 -9999 -9999 -9999 -9999 -9999 -9999 -9999 -9999 -9999 -9999 -9999 -9999 -9999 -9999 -9999 -9999 -9999 -9999 -9999 -9999 -9999 -9999 -9999 -9999 -9999 -9999 -9999 -9999 -9999 -9999 -9999 -9999 -9999 -9999 -9999 -9999 -9999 -9999 -9999 -9999 -9999 -9999 -9999 -9999 -9999 -9999 -9999 -9999 -9999 -9999 -9999 -9999 -9999 -9999 -9999 -9999 -9999 -9999 -9999 -9999
-9999 -9999 -9999 -9999 -9999 -9999 -9999 -9999 -9999 -9999 -9999 -9999 -9999 -9999 -9999 -9999 -9999 -9999 -9999 -9999 -9999 -9999 -9999 -9999 -9999 -9999 -9999 -9999 -9999 -9999 -9999 -9999 -9999 -9999 -9999 -9999 -9999 -9999 -9999 -9999 -9999 -9999 -9999 -9999 -9999 -9999 -9999 -9999 -9999 -9999 -9999 -9999 -9999 -9999 -9999 -9999 -9999 -9999 -9999 -9999 -9999 -9999 -9999 -9999 -9999 -9999 -9999 -9999 -9999 -9999 -9999 -9999 -9999 -9999 -9999 -9999 -9999 -9999 -9999 -9999 -9999 -9999
-9999 -9999 -9999 -9999 -9999 -9999 -9999 -9999 -9999 -9999 -9999 -9999 -9999 -9999 -9999 -9999 -9999 -9999 -9999 -9999 -9999 -9999 -9999 -9999 -9999 -9999 -9999 -9999 -9999 -9999 -9999 -9999 -9999 -9999 -9999 -9999 -9999 -9999 -9999 -9999 -9999 -9999 -9999 -9999 -9999 -9999 -9999 -9999 -9999 -9999 -9999 -9999 -9999 -9999 -9999 -9999 -9999 -9999 -9999 -9999 -9999 -9999 -9999 -9999 -9999 -9999 -9999 -9999 -9999 -9999 -9999 -9999 -9999 -9999 -9999 -9999 -9999 -9999 -9999 -9999 -9999 -9999
-9999 -9999 -9999 -9999 -9999 -9999 -9999 -9999 -9999 -9999 -9999 -9999 -9999 -9999 -9999 -9999 -9999 -9999 -9999 -9999 -9999 -9999 -9999 -9999 -9999 -9999 -9999 -9999 -9999 -9999 -9999 -9999 -9999 -9999 -9999 -9999 -9999 -9999 -9999 -9999 -9999 -9999 -9999 -9999 -9999 -9999 -9999 -9999 -9999 -9999 -9999 -9999 -9999 -9999 -9999 -9999 -9999 -9999 -9999 -9999 -9999 -9999 -9999 -9999 -9999 -9999 -9999 -9999 -9999 -9999 -9999 -9999 -9999 -9999 -9999 -9999 -9999 -9999 -9999 -9999 -9999 -9999
-9999 -9999 -9999 -9999 -9999 -9999 -9999 -9999 -9999 -9999 -9999 -9999 -9999 -9999 -9999 -9999 -9999 -9999 -9999 -9999 -9999 -9999 -9999 -9999 -9999 -9999 -9999 -9999 -9999 -9999 -9999 -9999 -9999 -9999 -9999 -9999 -9999 -9999 -9999 -9999 -9999 -9999 -9999 -9999 -9999 -9999 -9999 -9999 -9999 -9999 -9999 -9999 -9999 -9999 -9999 -9999 -9999 -9999 -9999 -9999 -9999 -9999 -9999 -9999 -9999 -9999 -9999 -9999 -9999 -9999 -9999 -9999 -9999 -9999 -9999 -9999 -9999 -9999 -9999 -9999 -9999 -9999
-9999 -9999 -9999 -9999 -9999 -9999 -9999 -9999 -9999 -9999 -9999 -9999 -9999 -9999 -9999 -9999 -9999 -9999 -9999 -9999 -9999 -9999 -9999 -9999 -9999 -9999 -9999 -9999 -9999 -9999 -9999 -9999 -9999 -9999 -9999 -9999 -9999 -9999 -9999 -9999 -9999 -9999 -9999 -9999 -9999 -9999 -9999 -9999 -9999 -9999 -9999 -9999 -9999 -9999 -9999 -9999 -9999 -9999 -9999 -9999 -9999 -9999 -9999 -9999 -9999 -9999 -9999 -9999 -9999 -9999 -9999 -9999 -9999 -9999 -9999 -9999 -9999 -9999 -9999 -9999 -9999 -9999
-9999 -9999 -9999 -9999 -9999 -9999 -9999 -9999 -9999 -9999 -9999 -9999 -9999 -9999 -9999 -9999 -9999 -9999 -9999 -9999 -9999 -9999 -9999 -9999 -9999 -9999 -9999 -9999 -9999 -9999 -9999 -9999 -9999 -9999 -9999 -9999 -9999 -9999 -9999 -9999 -9999 -9999 -9999 -9999 -9999 -9999 -9999 -9999 -9999 -9999 -9999 -9999 -9999 -9999 -9999 -9999 -9999 -9999 -9999 -9999 -9999 -9999 -9999 -9999 -9999 -9999 -9999 -9999 -9999 -9999 -9999 -9999 -9999 -9999 -9999 -9999 -9999 -9999 -9999 -9999 -9999 -9999
2128 2130 2131 2134 2136 2140 2143 -9999 -9999 -9999 -9999 -9999 -9999 -9999 -9999 -9999 -9999 -9999 -9999 -9999 -9999 -9999 -9999 -9999 -9999 -9999 -9999 -9999 -9999 -9999 -9999 -9999 -9999 -9999 -9999 -9999 -9999 -9999 -9999 -9999 -9999 -9999 -9999 -9999 -9999 -9999 -9999 -9999 -9999 -9999 -9999 -9999 -9999 2230 -9999 -9999 2239 2239 -9999 -9999 -9999 -9999 -9999 -9999 -9999 -9999 -9999 -9999 -9999 -9999 -9999 -9999 -9999 -9999 -9999 -9999 -9999 -9999 -9999 -9999 -9999 -9999
2131 2133 2135 2137 2140 2144 2149 2152 2153 2155 2158 -9999 -9999 -9999 -9999 2184 2186 2188 2191 2194 2196 -9999 -9999 -9999 -9999 -9999 -9999 -9999 -9999 -9999 -9999 -9999 -9999 -9999 -9999 -9999 -9999 -9999 -9999 -9999 -9999 -9999 -9999 -9999 -9999 -9999 -9999 2231 2231 2231 2231 2231 2229 2233 2230 2234 2235 2238 2238 2237 -9999 2224 2223 2224 2226 2227 2225 2225 -9999 -9999 -9999 -9999 -9999 -9999 -9999 -9999 -9999 -9999 -9999 -9999 -9999 -9999
2132 2134 2136 2137 2141 2144 2149 2152 2154 2159 2163 2169 2172 2175 2177 2180 2183 2186 2189 2192 2195 2198 2200 2203 2206 2209 2212 2214 -9999 -9999 -9999 -9999 -9999 -9999 -9999 -9999 -9999 -9999 -9999 -9999 -9999 -9999 -9999 -9999 -9999 -9999 2232 2232 2232 2232 2232 2232 2232 2230 2234 2231 2234 2233 2233 2234 2232 2230 2230 2231 2232 2231 2229 2230 2234 2236 2239 2242 2248 2247 -9999 -9999 -9999 -9999 -9999 -9999 -9999 -9999
2132 2135 2136 2139 2140 2144 2147 2151 2154 2159 2163 2166 2170 2173 2176 2178 2181 2183 2187 2190 2192 2196 2198 2201 2204 2208 2211 2215 2217 2221 2224 -9999 -9999 -9999 -9999 -9999 -9999 -9999 -9999 -9999 -9999 -9999 -9999 -9999 -9999 2233 2233 2232 2232 2232 2232 2233 2232 2232 2232 2232 2232 2232 2232 2232 2233 2232 2232 2232 2233 2233 2232 2232 2235 2235 2235 2240 2245 2246 2245 -9999 -9999 -9999 -9999 -9999 -9999 -9999
2132 2134 2135 2134 2137 2138 2143 2146 2152 2158 2161 2164 2167 2170 2172 2174 2177 2180 2183 2186 2188 2191 2195 2198 2202 2205 2209 2212 2216 2220 2225 2229 2231 2235 2240 2242 -9999 -9999 -9999 -9999 -9999 -9999 -9999 -9999 2232 2233 2230 2229 2227 2227 2229 2230 2230 2229 2230 2230 2230 2230 2231 2232 2231 2231 2230 2229 2230 2230 2230 2231 2236 2234 2234 2237 2240 2242 2244 2242 2241 2240 2238 2237 2236 2236
2129 2132 2132 2132 2133 2135 2138 2142 2148 2155 2160 2162 2164 2167 2169 2171 2174 2177 2180 2183 2185 2188 2191 2195 2197 2200 2204 2208 2214 2220 2223 2227 2230 2235 2239 2243 2246 2248 2245 2241 2231 2232 2232 2232 2232 2230 2228 2225 2225 2226 2228 2229 2229 2230 2229 2229 2228 2229 2230 2231 2232 2231 2229 2229 2229 2229 2229 2232 2234 2235 2233 2232 2233 2235 2238 2242 2241 2240 2238 2237 2236 2235
2127 2130 2130 2131 2133 2135 2138 2141 2145 2151 2155 2158 2161 2165 2168 2170 2173 2175 2178 2181 2184 2186 2189 2193 2195 2198 2201 2204 2211 2216 2220 2224 2226 2231 2236 2240 2242 2245 2246 2241 2238 2231 2231 2231 2231 2228 2226 2225 2226 2227 2229 2230 2230 2231 2232 2231 2231 2231 2231 2232 2231 2230 2230 2229 2230 2230 2230 2229 2233 2231 2231 2233 2229 2230 2237 2239 2239 2239 2238 2237 2236 2235
2126 2128 2129 2131 2133 2135 2138 2142 2145 2150 2154 2158 2161 2164 2167 2170 2172 2175 2177 2180 2183 2186 2189 2192 2196 2198 2201 2205 2209 2214 2218 2217 2219 2222 2225 2230 2235 2236 2240 2244 2240 2238 2235 2229 2228 2228 2226 2227 2227 2228 2230 2228 2228 2231 2231 2231 2231 2231 2231 2231 2231 2230 2229 2229 2230 2230 2230 2230 2229 2230 2234 2231 2228 2230 2233 2236 2236 2235 2235 2233 2232 2232
2126 2128 2129 2131 2133 2136 2139 2142 2146 2151 2154 2158 2161 2164 2166 2169 2172 2174 2177 2180 2182 2186 2189 2192 2196 2199 2202 2205 2210 2214 2215 2216 2215 2215 2216 2218 2220 2225 2229 2237 2244 2244 2236 2232 2226 2226 2226 2227 2227 2227 2226 2225 2225 2228 2231 2231 2231 2231 2231 2231 2230 2229 2229 2229 2229 2228 2229 2228 2228 2230 2234 2233 2228 2229 2234 2235 2234 2234 2232 2228 2225 2225
2129 2131 2133 2133 2135 2139 2142 2145 2149 2153 2156 2159 2161 2164 2166 2168 2171 2174 2177 2179 2182 2185 2189 2192 2195 2199 2202 2206 2210 2214 2218 2218 2220 2221 2219 2220 2223 2225 2230 2239 2245 2239 2235 2225 2225 2225 2226 2226 2226 2227 2226 2224 2225 2228 2229 2230 2230 2230 2231 2230 2230 2229 2228 2228 2227 2227 2227 2226 2225 2227 2232 2232 2229 2234 2236 2237 2237 2235 2233 2229 2225 2223
2134 2139 2140 2139 2141 2144 2147 2149 2152 2154 2156 2159 2162 2164 2166 2168 2170 2173 2176 2178 2182 2185 2188 2192 2195 2199 2202 2206 2209 2212 2214 2214 2214 2215 2215 2218 2223 2227 2233 2240 2237 2234 2225 2225 2225 2225 2225 2225 2226 2225 2224 2225 2226 2227 2228 2229 2229 2229 2229 2230 2229 2229 2228 2227 2226 2226 2225 2225 2224 2225 2228 2229 2231 2233 2239 2238 2237 2235 2234 2231 2229 2227
2142 2144 2147 2145 2144 2147 2149 2150 2152 2154 2156 2158 2161 2163 2165 2167 2170 2171 2174 2177 2181 2185 2188 2192 2196 2199 2202 2204 2207 2208 2206 2202 2200 2203 2206 2213 2220 2227 2233 2233 2228 2219 2220 2220 2220 2222 2224 2223 2223 2223 2223 2223 2223 2223 2225 2227 2227 2228 2228 2228 2229 2228 2228 2227 2226 2226 2225 2224 2224 2225 2227 2228 2228 2234 2235 2237 2235 2235 2234 2233 2232 2230
2145 2146 2145 2146 2146 2147 2148 2149 2151 2152 2154 2156 2159 2161 2164 2167 2169 2171 2174 2177 2180 2184 2187 2192 2195 2199 2201 2203 2207 2209 2207 2203 2201 2205 2210 2213 2219 2223 2225 2226 2214 2210 2209 2210 2213 2216 2220 2220 2219 2220 2221 2220 2219 2218 2222 2225 2226 2226 2227 2226 2227 2227 2227 2226 2226 2226 2225 2224 2224 2225 2226 2227 2229 2230 2233 2228 2227 2227 2230 2230 2231 2229
2140 2139 2140 2142 2145 2146 2147 2148 2149 2150 2152 2154 2157 2159 2162 2166 2168 2170 2173 2176 2179 2182 2187 2190 2195 2198 2201 2203 2207 2209 2206 2205 2205 2204 2205 2205 2203 2206 2209 2211 2209 2207 2208 2209 2210 2214 2216 2215 2215 2216 2217 2217 2215 2216 2219 2221 2222 2223 2224 2225 2226 2226 2223 2227 2226 2225 2224 2222 2222 2223 2223 2223 2223 2224 2219 2212 2206 2207 2212 2214 2217 2218
2135 2134 2137 2141 2143 2144 2144 2145 2146 2147 2149 2152 2154 2157 2160 2163 2165 2167 2171 2175 2178 2184 2187 2191 2194 2198 2201 2203 2206 2204 2203 2204 2202 2200 2196 2190 2190 2190 2193 2198 2200 2203 2204 2205 2206 2208 2210 2210 2209 2211 2212 2211 2208 2208 2211 2211 2210 2212 2214 2218 2220 2217 2219 2223 2225 2222 2219 2215 2214 2214 2214 2211 2210 2208 2204 2195 2190 2192 2193 2194 2195 2204
2133 2134 2135 2139 2140 2140 2141 2141 2143 2144 2147 2149 2152 2155 2157 2159 2162 2164 2168 2172 2177 2183 2187 2190 2193 2196 2200 2203 2206 2206 2207 2211 2211 2206 2201 2194 2191 2192 2193 2195 2197 2198 2199 2198 2198 2199 2201 2200 2202 2202 2203 2198 2192 2191 2196 2196 2194 2194 2197 2201 2206 2211 2214 2221 2224 2219 2210 2206 2205 2205 2201 2199 2198 2196 2194 2191 2190 2190 2192 2188 2193 2196
2134 2133 2133 2134 2135 2136 2136 2137 2139 2142 2144 2147 2150 2153 2155 2157 2160 2163 2167 2171 2176 2181 2184 2187 2191 2194 2197 2199 2202 2206 2209 2212 2212 2213 2210 2203 2200 2200 2198 2195 2195 2193 2190 2188 2186 2185 2186 2189 2190 2193 2191 2188 2180 2180 2184 2187 2188 2188 2191 2196 2207 2212 2214 2220 2219 2216 2206 2202 2204 2204 2199 2194 2191 2188 2188 2189 2191 2195 2196 2197 2195 2197
2131 2130 2129 2129 2130 2131 2132 2133 2137 2140 2143 2146 2149 2151 2154 2156 2159 2163 2166 2169 2172 2176 2178 2181 2186 2188 2193 2195 2198 2202 2205 2208 2209 2212 2213 2205 2201 2197 2192 2190 2188 2186 2182 2179 2179 2179 2181 2182 2185 2185 2186 2182 2179 2179 2181 2185 2185 2188 2189 2197 2205 2208 2207 2207 2214 2212 2211 2207 2211 2214 2208 2198 2192 2188 2187 2189 2192 2195 2199 2202 2207 2205
2123 2123 2122 2124 2124 2126 2129 2131 2134 2137 2141 2143 2146 2149 2152 2155 2158 2161 2164 2166 2167 2168 2169 2172 2175 2180 2186 2193 2196 2199 2202 2205 2208 2210 2210 2200 2191 2186 2184 2183 2184 2184 2182 2180 2181 2180 2181 2181 2180 2181 2180 2179 2178 2180 2182 2183 2186 2187 2189 2194 2198 2202 2194 2196 2198 2205 2201 2203 2208 2214 2211 2203 2194 2189 2188 2188 2190 2193 2197 2203 2207 2210
2114 2112 2114 2114 2116 2120 2125 2128 2131 2136 2138 2140 2144 2147 2150 2154 2156 2159 2161 2162 2162 2164 2166 2167 2170 2172 2178 2186 2193 2195 2198 2202 2205 2207 2204 2189 2183 2179 2178 2178 2179 2180 2179 2179 2177 2178 2179 2177 2176 2175 2175 2174 2176 2176 2178 2181 2183 2186 2187 2189 2191 2190 2189 2183 2183 2182 2185 2186 2199 2212 2215 2207 2202 2196 2193 2191 2192 2193 2194 2196 2200 2203
2098 2099 2099 2103 2106 2113 2119 2122 2126 2128 2132 2136 2142 2147 2152 2152 2155 2156 2157 2158 2159 2160 2162 2163 2164 2162 2167 2172 2177 2181 2186 2198 2204 2206 2197 2178 2167 2170 2171 2172 2171 2170 2171 2169 2168 2168 2170 2170 2167 2164 2164 2167 2168 2168 2170 2174 2176 2178 2181 2177 2178 2183 2176 2176 2177 2179 2178 2183 2197 2211 2212 2206 2204 2203 2201 2200 2199 2198 2194 2194 2194 2193
2087 2089 2090 2091 2096 2102 2105 2107 2109 2111 2115 2122 2131 2141 2145 2150 2149 2149 2150 2150 2150 2156 2156 2157 2157 2158 2155 2156 2157 2157 2167 2189 2203 2206 2186 2161 2154 2158 2161 2160 2158 2158 2160 2162 2159 2159 2161 2157 2153 2148 2150 2155 2159 2158 2160 2164 2163 2163 2165 2175 2171 2175 2176 2173 2177 2176 2175 2178 2192 2204 2203 2200 2199 2202 2202 2200 2198 2197 2195 2192 2191 2190
2081 2082 2083 2084 2088 2090 2093 2094 2098 2100 2104 2110 2120 2127 2138 2141 2139 2137 2137 2134 2138 2143 2150 2150 2152 2150 2148 2145 2144 2144 2153 2184 2202 2196 2169 2143 2142 2149 2149 2145 2137 2135 2143 2145 2145 2146 2148 2142 2135 2135 2138 2147 2151 2152 2154 2156 2156 2154 2171 2170 2171 2168 2166 2168 2168 2168 2165 2170 2180 2194 2202 2191 2195 2196 2193 2191 2188 2188 2189 2187 2187 2184
2074 2078 2077 2079 2081 2085 2085 2090 2093 2097 2102 2106 2109 2119 2129 2136 2134 2132 2132 2132 2129 2136 2137 2141 2144 2139 2133 2135 2133 2132 2145 2176 2198 2189 2155 2129 2126 2132 2134 2127 2120 2119 2125 2132 2132 2138 2140 2133 2129 2132 2142 2150 2154 2155 2154 2155 2153 2166 2171 2173 2161 2157 2159 2159 2158 2155 2155 2155 2161 2183 2184 2180 2178 2180 2177 2174 2169 2174 2178 2178 2178 2179
2070 2069 2070 2071 2075 2078 2082 2084 2089 2092 2097 2101 2103 2111 2124 2128 2123 2120 2125 2122 2122 2121 2122 2125 2128 2125 2122 2120 2121 2125 2136 2167 2193 2190 2150 2120 2111 2117 2119 2120 2119 2116 2119 2121 2123 2127 2134 2131 2130 2135 2143 2148 2150 2150 2147 2145 2153 2163 2166 2159 2148 2150 2150 2150 2147 2144 2143 2143 2153 2172 2177 2162 2162 2160 2163 2158 2160 2165 2173 2173 2171 2170
