Data/tmin/PRISM_tmin_pr_1963-1995_normal_450mM1_01_asc.asc
ncols 557
nrows 164
xllcorner -67.31875000000
yllcorner 17.86875000000
cellsize 0.00416666667
NODATA_value -9999
[rows 36 to 71 of 164, columns 164 to 245 of 557]
1725 1727 1726 1730 1732 1739 1742 1746 1748 1753 1759 1762 1764 1774 1780 1783 1777 1776 1779 1777 1778 1776 1781 1781 1786 1791 1788 1788 1787 1794 1802 1832 1862 1864 1836 1797 1789 1792 1794 1796 1796 1796 1796 1798 1793 1798 1805 1810 1809 1811 1816 1820 1822 1820 1819 1817 1825 1841 1833 1820 1820 1818 1819 1818 1815 1812 1812 1816 1831 1854 1849 1838 1834 1839 1838 1840 1841 1850 1852 1851 1849 1847
1716 1716 1718 1720 1722 1729 1734 1736 1739 1743 1748 1750 1756 1757 1763 1760 1758 1757 1762 1761 1758 1758 1760 1763 1770 1775 1778 1775 1774 1776 1784 1806 1841 1861 1837 1807 1784 1786 1788 1791 1791 1789 1795 1794 1795 1794 1802 1804 1804 1804 1808 1810 1812 1812 1807 1808 1819 1833 1822 1809 1806 1808 1803 1801 1799 1800 1806 1817 1835 1845 1837 1828 1830 1831 1835 1833 1833 1836 1836 1835 1834 1839
1707 1707 1707 1710 1713 1717 1723 1726 1728 1733 1736 1741 1744 1748 1746 1742 1739 1741 1745 1745 1747 1744 1744 1745 1751 1761 1764 1761 1757 1756 1762 1782 1824 1849 1850 1815 1792 1780 1774 1778 1780 1781 1784 1787 1787 1790 1790 1793 1792 1793 1796 1800 1804 1801 1798 1798 1811 1829 1812 1799 1796 1796 1791 1785 1784 1791 1807 1827 1837 1834 1818 1813 1815 1820 1824 1821 1823 1824 1827 1831 1838 1845
1700 1699 1699 1700 1704 1709 1710 1712 1716 1721 1727 1728 1733 1734 1728 1726 1726 1723 1727 1731 1733 1733 1728 1727 1735 1742 1747 1741 1736 1738 1748 1773 1811 1844 1853 1837 1809 1787 1767 1767 1769 1771 1775 1777 1779 1780 1783 1783 1782 1783 1789 1794 1796 1794 1792 1794 1808 1824 1811 1794 1791 1790 1784 1773 1774 1786 1809 1831 1838 1819 1806 1803 1803 1806 1807 1813 1816 1823 1828 1839 1845 1854
1692 1692 1689 1692 1695 1699 1699 1698 1706 1713 1718 1719 1720 1716 1717 1718 1720 1718 1717 1719 1720 1717 1714 1717 1722 1729 1729 1726 1719 1722 1736 1761 1795 1826 1846 1847 1828 1798 1768 1758 1762 1764 1766 1765 1768 1770 1772 1772 1769 1773 1784 1785 1787 1785 1788 1792 1803 1820 1808 1796 1789 1787 1777 1771 1768 1782 1803 1820 1827 1808 1797 1796 1796 1796 1798 1804 1814 1820 1828 1835 1838 1843
1682 1686 1683 1679 1684 1685 1687 1691 1698 1707 1708 1704 1699 1701 1701 1706 1710 1707 1708 1706 1704 1700 1703 1705 1713 1716 1720 1715 1710 1710 1722 1742 1770 1798 1831 1843 1836 1805 1766 1751 1750 1752 1754 1753 1754 1757 1758 1759 1758 1764 1774 1777 1768 1772 1781 1788 1797 1816 1806 1795 1787 1781 1775 1767 1769 1778 1787 1802 1814 1799 1791 1790 1789 1790 1790 1797 1802 1806 1812 1819 1821 1823
1678 1677 1675 1673 1670 1671 1677 1680 1689 1695 1695 1693 1692 1697 1700 1699 1701 1696 1694 1693 1689 1689 1689 1699 1704 1707 1713 1712 1702 1701 1708 1722 1744 1774 1811 1837 1834 1809 1770 1746 1736 1741 1745 1746 1748 1748 1754 1758 1764 1770 1780 1774 1769 1770 1781 1784 1799 1804 1799 1784 1777 1770 1767 1766 1768 1773 1777 1786 1804 1792 1788 1787 1784 1780 1784 1785 1787 1788 1793 1801 1803 1807
1669 1669 1662 1660 1662 1663 1665 1673 1674 1678 1684 1683 1689 1692 1698 1698 1688 1688 1681 1680 1679 1675 1682 1689 1697 1703 1710 1709 1703 1695 1697 1708 1726 1755 1793 1824 1832 1816 1783 1758 1748 1745 1754 1760 1763 1766 1766 1772 1775 1780 1782 1782 1777 1785 1791 1800 1799 1804 1792 1778 1761 1755 1756 1760 1765 1769 1768 1783 1797 1795 1791 1797 1791 1792 1794 1794 1789 1787 1788 1800 1796 1795
1663 1662 1655 1651 1661 1667 1674 1673 1674 1676 1679 1685 1682 1691 1693 1692 1692 1686 1684 1683 1678 1672 1675 1683 1689 1700 1709 1709 1699 1696 1692 1698 1713 1737 1773 1810 1827 1820 1795 1773 1759 1754 1756 1764 1769 1774 1779 1779 1782 1783 1784 1784 1787 1793 1802 1802 1802 1795 1791 1779 1757 1743 1742 1752 1755 1758 1777 1786 1804 1786 1789 1789 1793 1799 1806 1808 1802 1799 1806 1806 1811 1797
1667 1667 1658 1656 1669 1677 1679 1682 1678 1678 1683 1678 1684 1684 1693 1692 1689 1690 1687 1682 1670 1665 1671 1678 1684 1694 1707 1704 1701 1694 1695 1698 1705 1722 1759 1793 1817 1813 1793 1768 1758 1751 1756 1763 1767 1770 1776 1780 1782 1783 1784 1786 1785 1793 1794 1798 1790 1779 1783 1776 1752 1733 1731 1737 1742 1759 1775 1799 1791 1787 1775 1775 1774 1783 1789 1787 1792 1798 1803 1814 1812 1802
1667 1668 1664 1663 1672 1673 1671 1669 1672 1668 1673 1667 1671 1678 1684 1682 1680 1686 1686 1678 1670 1666 1675 1682 1680 1694 1701 1699 1697 1698 1695 1694 1698 1716 1742 1778 1801 1812 1801 1784 1762 1753 1758 1763 1763 1765 1771 1776 1779 1781 1781 1784 1785 1783 1785 1784 1778 1767 1768 1771 1750 1727 1721 1724 1732 1742 1768 1778 1790 1790 1791 1783 1769 1760 1762 1763 1768 1781 1796 1803 1816 1808
1659 1660 1659 1661 1659 1653 1644 1648 1647 1657 1651 1654 1657 1670 1673 1667 1669 1673 1679 1671 1663 1660 1669 1666 1671 1678 1683 1685 1685 1684 1686 1686 1688 1701 1730 1754 1779 1797 1811 1804 1786 1763 1755 1757 1756 1760 1767 1771 1774 1771 1773 1776 1774 1773 1768 1772 1772 1758 1762 1766 1745 1725 1716 1722 1729 1739 1740 1750 1762 1782 1797 1795 1779 1764 1758 1755 1756 1767 1787 1798 1811 1811
1640 1646 1649 1649 1642 1626 1620 1622 1633 1631 1639 1631 1641 1650 1654 1654 1645 1654 1653 1656 1648 1648 1649 1657 1661 1671 1673 1672 1677 1679 1674 1673 1677 1689 1709 1730 1749 1766 1799 1815 1797 1768 1746 1740 1741 1752 1761 1763 1762 1761 1759 1760 1760 1758 1760 1763 1761 1756 1755 1763 1748 1725 1721 1715 1721 1722 1718 1721 1735 1756 1784 1802 1791 1781 1773 1767 1757 1763 1782 1794 1802 1800
1618 1625 1630 1631 1619 1607 1599 1606 1610 1617 1612 1613 1623 1629 1641 1633 1635 1629 1642 1640 1646 1643 1649 1652 1655 1658 1654 1659 1669 1669 1664 1663 1667 1678 1696 1715 1722 1746 1782 1808 1803 1770 1738 1723 1726 1739 1748 1747 1747 1745 1746 1748 1753 1757 1757 1756 1752 1742 1750 1760 1752 1743 1735 1722 1714 1712 1708 1708 1727 1751 1780 1796 1796 1789 1797 1791 1780 1773 1781 1785 1788 1791
1610 1605 1610 1607 1606 1596 1597 1597 1605 1599 1599 1604 1608 1622 1618 1625 1623 1623 1626 1640 1641 1644 1657 1650 1649 1638 1632 1640 1655 1660 1658 1656 1666 1671 1682 1696 1712 1738 1780 1802 1803 1781 1741 1714 1711 1724 1732 1734 1732 1735 1738 1748 1750 1752 1751 1741 1732 1731 1732 1741 1741 1745 1744 1727 1714 1709 1705 1715 1735 1764 1787 1790 1780 1784 1794 1803 1791 1782 1774 1768 1768 1771
1613 1603 1596 1602 1603 1603 1598 1605 1606 1602 1597 1602 1609 1610 1613 1615 1616 1617 1618 1620 1622 1630 1634 1640 1631 1631 1625 1630 1641 1650 1650 1659 1665 1667 1671 1686 1713 1752 1778 1792 1802 1784 1746 1713 1704 1710 1720 1723 1726 1731 1743 1749 1750 1741 1736 1728 1719 1717 1719 1719 1728 1739 1748 1735 1720 1712 1710 1719 1745 1769 1780 1777 1767 1772 1788 1790 1791 1783 1770 1757 1745 1743
1616 1602 1601 1612 1621 1614 1601 1603 1607 1608 1608 1602 1607 1611 1608 1613 1611 1606 1606 1611 1612 1609 1618 1618 1623 1620 1620 1622 1629 1638 1643 1653 1662 1662 1668 1694 1731 1757 1770 1778 1790 1789 1757 1712 1701 1707 1712 1721 1725 1735 1745 1753 1745 1736 1727 1721 1715 1714 1715 1713 1721 1740 1745 1740 1733 1721 1719 1727 1744 1754 1760 1753 1760 1772 1779 1779 1779 1783 1769 1747 1730 1719
1623 1620 1630 1648 1653 1640 1624 1613 1623 1623 1621 1621 1611 1606 1608 1605 1606 1599 1604 1603 1601 1601 1602 1605 1610 1613 1613 1622 1631 1637 1649 1654 1662 1662 1679 1715 1735 1745 1740 1751 1778 1785 1768 1719 1696 1703 1714 1725 1733 1737 1741 1745 1742 1733 1728 1718 1714 1710 1710 1714 1723 1733 1736 1737 1734 1726 1724 1733 1734 1736 1734 1741 1753 1774 1779 1766 1767 1775 1757 1735 1717 1707
1653 1646 1650 1660 1665 1660 1650 1646 1640 1638 1637 1634 1630 1611 1598 1603 1600 1604 1603 1605 1597 1593 1595 1600 1599 1604 1614 1627 1640 1650 1656 1663 1665 1667 1691 1720 1727 1717 1711 1719 1735 1769 1757 1711 1699 1707 1728 1744 1747 1742 1734 1730 1728 1728 1724 1721 1713 1705 1706 1710 1723 1727 1725 1726 1729 1723 1723 1727 1728 1720 1724 1736 1750 1769 1767 1756 1757 1759 1742 1716 1710 1705
1652 1636 1633 1634 1635 1649 1649 1642 1629 1614 1611 1617 1620 1608 1598 1604 1612 1613 1619 1611 1600 1592 1589 1591 1596 1606 1618 1638 1654 1665 1665 1665 1667 1675 1693 1713 1710 1702 1695 1693 1713 1744 1749 1709 1710 1731 1747 1762 1760 1742 1730 1723 1716 1716 1717 1715 1709 1700 1696 1704 1711 1714 1718 1719 1722 1718 1712 1718 1717 1714 1720 1728 1740 1748 1750 1737 1748 1747 1723 1707 1710 1715
1623 1624 1617 1614 1623 1630 1626 1628 1622 1608 1598 1602 1606 1604 1608 1611 1619 1626 1630 1629 1609 1594 1585 1588 1598 1617 1633 1652 1669 1677 1672 1670 1674 1682 1696 1706 1700 1693 1685 1682 1714 1753 1746 1726 1741 1753 1761 1761 1747 1732 1718 1713 1706 1704 1701 1698 1694 1687 1687 1688 1695 1700 1705 1709 1711 1708 1707 1711 1716 1712 1712 1716 1718 1723 1722 1716 1718 1723 1705 1693 1709 1713
1624 1620 1619 1616 1608 1613 1609 1615 1621 1614 1602 1591 1591 1593 1602 1609 1611 1620 1632 1633 1620 1601 1589 1592 1605 1625 1643 1660 1671 1673 1672 1668 1674 1682 1692 1696 1699 1692 1683 1693 1730 1764 1757 1742 1754 1761 1759 1754 1745 1733 1721 1705 1692 1685 1683 1682 1681 1678 1671 1680 1681 1683 1692 1690 1688 1688 1689 1705 1709 1705 1704 1707 1699 1708 1703 1695 1700 1698 1693 1685 1695 1699
1633 1634 1628 1614 1612 1611 1608 1627 1636 1630 1617 1603 1586 1585 1588 1593 1595 1602 1617 1621 1608 1594 1585 1586 1599 1615 1636 1650 1654 1659 1661 1674 1673 1682 1688 1701 1699 1694 1687 1698 1731 1766 1764 1754 1752 1757 1758 1755 1755 1750 1736 1712 1684 1681 1685 1691 1691 1667 1662 1660 1665 1666 1674 1672 1666 1662 1668 1678 1685 1681 1689 1687 1689 1685 1689 1679 1676 1683 1680 1680 1686 1683
1649 1645 1631 1621 1608 1615 1622 1632 1647 1645 1633 1622 1603 1584 1585 1579 1580 1588 1598 1602 1591 1583 1575 1581 1589 1608 1624 1634 1643 1649 1666 1674 1680 1688 1697 1702 1706 1696 1693 1698 1723 1747 1754 1738 1727 1728 1749 1749 1749 1760 1745 1720 1703 1703 1713 1722 1710 1678 1645 1647 1651 1656 1658 1661 1655 1654 1653 1661 1661 1662 1668 1676 1674 1677 1676 1674 1671 1672 1677 1673 1677 1676
1640 1641 1628 1613 1606 1614 1622 1638 1650 1653 1655 1639 1616 1601 1585 1584 1573 1576 1583 1583 1581 1578 1576 1579 1589 1604 1620 1631 1643 1661 1671 1682 1688 1698 1706 1713 1714 1701 1709 1711 1725 1739 1741 1721 1697 1709 1721 1725 1732 1744 1731 1713 1714 1727 1736 1736 1728 1682 1654 1660 1664 1673 1665 1663 1659 1658 1658 1657 1660 1658 1661 1661 1665 1671 1672 1675 1670 1670 1672 1668 1669 1667
1627 1625 1616 1602 1598 1604 1618 1630 1642 1653 1654 1650 1628 1607 1596 1578 1578 1564 1567 1570 1569 1579 1580 1586 1594 1609 1624 1637 1649 1668 1684 1688 1696 1705 1707 1710 1706 1718 1710 1723 1732 1738 1732 1716 1699 1698 1705 1702 1709 1727 1715 1704 1716 1727 1726 1733 1724 1692 1689 1679 1695 1694 1682 1675 1673 1666 1658 1657 1656 1653 1649 1648 1653 1665 1673 1674 1674 1672 1667 1665 1661 1664
1612 1603 1597 1600 1598 1606 1613 1625 1631 1632 1640 1644 1633 1617 1599 1591 1578 1569 1569 1573 1574 1579 1586 1592 1604 1620 1642 1650 1659 1671 1687 1690 1696 1700 1703 1696 1706 1700 1706 1708 1714 1723 1716 1704 1702 1702 1704 1689 1696 1718 1715 1713 1718 1712 1709 1716 1713 1711 1693 1695 1691 1695 1683 1689 1685 1682 1665 1655 1654 1650 1647 1643 1643 1650 1655 1661 1657 1658 1659 1659 1660 1656
1599 1580 1589 1606 1608 1607 1606 1613 1619 1613 1621 1629 1630 1621 1606 1596 1590 1583 1583 1593 1590 1594 1596 1601 1609 1632 1654 1666 1663 1673 1683 1686 1690 1702 1701 1701 1695 1704 1693 1694 1707 1709 1706 1696 1693 1703 1697 1691 1687 1703 1716 1714 1702 1694 1689 1700 1707 1699 1708 1689 1687 1691 1680 1675 1689 1682 1670 1656 1653 1652 1652 1648 1645 1640 1641 1641 1642 1643 1651 1655 1651 1647
1579 1566 1585 1607 1620 1604 1596 1600 1599 1597 1599 1610 1618 1610 1609 1599 1599 1584 1587 1595 1602 1607 1609 1611 1618 1627 1650 1662 1662 1665 1674 1673 1685 1691 1699 1696 1700 1694 1692 1688 1688 1699 1700 1697 1690 1693 1697 1684 1691 1700 1711 1712 1687 1680 1693 1695 1679 1683 1675 1676 1685 1682 1663 1672 1667 1674 1661 1650 1647 1645 1647 1644 1639 1633 1628 1629 1630 1630 1634 1640 1634 1628
1560 1550 1577 1602 1611 1608 1592 1588 1585 1575 1578 1585 1597 1603 1597 1600 1590 1585 1583 1589 1603 1612 1619 1617 1617 1625 1635 1647 1657 1662 1661 1668 1673 1684 1680 1682 1682 1696 1686 1686 1676 1688 1699 1692 1691 1680 1681 1686 1690 1695 1715 1696 1677 1675 1683 1680 1653 1639 1642 1658 1669 1666 1654 1644 1658 1658 1652 1645 1639 1639 1633 1633 1636 1625 1620 1625 1623 1617 1625 1622 1620 1618
1576 1559 1575 1587 1603 1591 1579 1573 1565 1558 1551 1563 1586 1590 1598 1595 1593 1585 1583 1588 1598 1607 1612 1620 1625 1622 1626 1643 1657 1654 1662 1659 1674 1682 1675 1666 1677 1685 1697 1683 1679 1683 1689 1699 1683 1666 1660 1664 1672 1688 1692 1697 1662 1653 1652 1632 1614 1615 1633 1659 1675 1677 1651 1641 1645 1652 1647 1636 1635 1629 1630 1628 1627 1626 1615 1617 1614 1608 1605 1608 1609 1608
1581 1564 1561 1574 1584 1573 1562 1560 1558 1551 1548 1551 1585 1598 1603 1606 1596 1594 1588 1590 1594 1604 1605 1614 1627 1632 1629 1643 1665 1660 1645 1654 1661 1668 1663 1656 1661 1684 1686 1686 1674 1677 1683 1687 1681 1655 1643 1638 1655 1671 1700 1677 1654 1637 1612 1600 1596 1621 1645 1666 1674 1671 1642 1626 1638 1646 1642 1632 1631 1627 1624 1622 1624 1615 1614 1609 1604 1597 1604 1604 1599 1603
1586 1558 1543 1550 1566 1569 1571 1572 1573 1568 1553 1557 1585 1607 1610 1603 1598 1592 1589 1590 1596 1593 1589 1595 1617 1628 1630 1652 1668 1658 1643 1642 1651 1661 1651 1643 1648 1661 1679 1683 1683 1683 1676 1680 1676 1657 1651 1649 1649 1659 1664 1655 1622 1608 1597 1583 1586 1611 1634 1652 1653 1645 1622 1606 1620 1637 1637 1634 1633 1632 1623 1615 1609 1613 1606 1605 1598 1598 1601 1600 1605 1598
1584 1551 1529 1527 1555 1574 1578 1583 1585 1577 1561 1555 1578 1600 1599 1589 1580 1582 1579 1578 1577 1576 1559 1566 1587 1610 1622 1634 1658 1642 1639 1639 1657 1662 1647 1636 1632 1647 1659 1674 1683 1686 1676 1672 1672 1670 1676 1677 1667 1648 1643 1624 1612 1608 1599 1587 1583 1590 1606 1625 1633 1645 1621 1603 1601 1610 1626 1630 1637 1626 1621 1609 1602 1598 1599 1596 1594 1593 1597 1598 1596 1597
1567 1536 1498 1511 1537 1551 1562 1569 1572 1566 1551 1534 1542 1564 1577 1569 1569 1568 1568 1570 1567 1561 1554 1556 1575 1600 1613 1623 1622 1629 1616 1627 1640 1652 1646 1637 1631 1637 1651 1657 1676 1680 1671 1667 1662 1665 1665 1684 1675 1646 1622 1617 1607 1613 1610 1600 1590 1586 1583 1600 1619 1633 1631 1597 1583 1592 1611 1626 1623 1621 1605 1601 1588 1590 1587 1587 1589 1590 1593 1592 1590 1591
1548 1504 1474 1485 1506 1529 1539 1555 1560 1556 1541 1522 1513 1534 1551 1560 1553 1557 1558 1569 1572 1579 1569 1569 1584 1600 1619 1616 1620 1616 1613 1611 1620 1642 1646 1650 1630 1632 1638 1652 1667 1674 1663 1660 1659 1657 1659 1665 1680 1658 1626 1608 1608 1613 1608 1604 1599 1592 1601 1606 1614 1626 1613 1595 1569 1578 1595 1605 1610 1601 1598 1584 1582 1582 1582 1585 1583 1586 1587 1587 1583 1586
