Data/tmin/PRISM_tmin_pr_1963-1995_normal_450mM1_10_asc.asc
ncols 557
nrows 164
xllcorner -67.31875000000
yllcorner 17.86875000000
cellsize 0.00416666667
NODATA_value -9999
[rows 72 to 107 of 164, columns 246 to 327 of 557]
1847 1838 1839 1830 1833 1836 1835 1833 1836 1852 1866 1874 1880 1881 1876 1871 1881 1904 1917 1923 1947 1943 1922 1892 1862 1844 1840 1840 1843 1850 1854 1859 1870 1884 1902 1914 1931 1933 1927 1926 1923 1923 1929 1938 1945 1956 1968 1980 1988 1993 2001 2017 2015 2015 2003 1991 1989 1987 1979 1977 1995 2005 2005 2004 2002 2000 1999 1998 1988 1988 1985 1982 1984 1978 1982 1989 1992 1996 2003 2010 2016 2026
1851 1851 1845 1843 1843 1849 1849 1851 1858 1867 1879 1885 1893 1894 1888 1886 1897 1911 1915 1926 1935 1935 1904 1869 1846 1838 1837 1840 1844 1852 1855 1862 1875 1893 1913 1929 1932 1932 1927 1924 1921 1925 1927 1939 1951 1967 1981 1988 1988 1985 1995 2006 2013 2017 2012 2005 2003 1998 1989 1985 1996 2005 2005 2002 2000 1997 1996 1996 1993 1989 1981 1973 1966 1957 1957 1970 1974 1979 1978 1983 1982 2009
1859 1861 1864 1859 1863 1865 1864 1867 1867 1874 1880 1889 1898 1905 1910 1916 1932 1935 1933 1935 1945 1933 1900 1871 1854 1848 1850 1859 1862 1871 1878 1883 1890 1906 1921 1935 1934 1928 1920 1918 1923 1925 1929 1935 1945 1966 1977 1979 1969 1966 1967 1985 2000 2011 2018 2015 2015 2010 2006 2001 2006 2005 2003 2001 1998 1996 1996 1995 1994 1989 1978 1963 1955 1951 1953 1962 1973 1968 1963 1956 1968 1987
1858 1869 1874 1871 1870 1869 1867 1866 1866 1866 1875 1881 1890 1901 1903 1919 1930 1952 1942 1948 1944 1940 1925 1904 1894 1882 1884 1884 1882 1884 1882 1888 1891 1897 1918 1931 1928 1921 1911 1916 1920 1929 1931 1932 1941 1954 1957 1951 1949 1937 1946 1966 1986 2001 2009 2016 2014 2013 2011 2009 2007 2003 2000 1999 1998 1997 1996 1996 1994 1989 1976 1957 1949 1947 1954 1966 1969 1970 1954 1956 1956 1983
1860 1872 1880 1878 1874 1872 1873 1871 1868 1868 1869 1874 1887 1896 1904 1905 1932 1940 1957 1939 1938 1945 1942 1934 1917 1910 1899 1891 1876 1871 1870 1867 1870 1880 1903 1917 1912 1907 1905 1906 1910 1920 1922 1932 1934 1938 1936 1934 1928 1933 1941 1955 1981 1988 1997 2007 2013 2011 2011 2010 2006 2002 2000 2000 1999 1998 1998 1997 1996 1992 1982 1962 1947 1953 1959 1964 1966 1966 1959 1956 1968 1980
1866 1880 1887 1885 1884 1889 1886 1889 1884 1879 1880 1886 1911 1927 1931 1939 1943 1959 1949 1943 1933 1947 1944 1930 1914 1904 1899 1880 1867 1867 1862 1862 1865 1879 1896 1911 1900 1895 1894 1894 1891 1900 1913 1926 1924 1913 1904 1904 1914 1928 1933 1953 1968 1979 1983 1998 2005 2008 2008 2007 2004 2001 2001 2002 2002 2001 2000 2000 1998 1995 1989 1976 1962 1962 1967 1966 1966 1968 1965 1964 1970 1981
1871 1884 1888 1892 1890 1893 1902 1910 1914 1905 1907 1923 1932 1944 1945 1954 1964 1954 1956 1943 1939 1948 1939 1915 1899 1890 1885 1875 1867 1867 1869 1869 1880 1887 1902 1906 1893 1888 1884 1879 1877 1890 1900 1915 1905 1888 1871 1875 1898 1917 1934 1946 1969 1972 1982 1990 2003 2005 2007 2006 2003 2002 2003 2005 2004 2003 2002 2002 2001 1999 1998 1989 1976 1971 1972 1974 1975 1980 1974 1968 1973 1972
1869 1876 1885 1887 1895 1907 1908 1928 1935 1926 1934 1937 1946 1942 1949 1958 1957 1947 1941 1944 1947 1942 1926 1905 1886 1882 1881 1877 1871 1873 1869 1874 1880 1884 1888 1893 1888 1875 1875 1873 1872 1881 1893 1897 1893 1876 1865 1867 1896 1915 1928 1950 1973 1975 1973 1988 2000 2007 2006 2006 2004 2004 2007 2006 2004 2002 2001 2000 2002 2004 2004 1996 1977 1970 1972 1979 1978 1979 1973 1975 1976 1970
1862 1873 1872 1885 1903 1907 1909 1919 1925 1917 1931 1939 1932 1944 1955 1960 1954 1937 1945 1948 1950 1945 1920 1901 1885 1879 1879 1877 1874 1871 1869 1873 1874 1871 1873 1885 1880 1874 1870 1870 1871 1878 1880 1885 1878 1871 1863 1880 1908 1925 1944 1968 1979 1973 1973 1983 2000 2006 2007 2007 2006 2006 2007 2008 2003 2000 1998 1991 1997 2002 2005 1994 1976 1970 1982 1988 1993 1987 1990 1998 1999 1977
1860 1861 1862 1872 1883 1885 1880 1889 1903 1913 1924 1929 1934 1941 1958 1956 1951 1943 1950 1958 1944 1930 1923 1905 1891 1881 1884 1885 1882 1876 1871 1876 1875 1866 1868 1881 1884 1878 1878 1870 1868 1870 1873 1872 1867 1866 1868 1886 1923 1942 1958 1979 1979 1963 1970 1982 1998 2004 2006 2009 2008 2007 2005 2001 1998 1996 1987 1978 1977 1988 1999 2000 1991 1992 2002 2012 2010 2009 2016 2022 2020 1997
1851 1860 1863 1867 1870 1862 1853 1869 1897 1908 1921 1927 1932 1947 1946 1948 1946 1943 1958 1958 1939 1927 1921 1913 1891 1881 1882 1891 1884 1880 1874 1871 1871 1867 1870 1877 1885 1886 1875 1871 1870 1871 1874 1872 1867 1870 1881 1905 1927 1942 1961 1962 1951 1948 1953 1980 1993 2002 2008 2009 2007 2000 1989 1984 1982 1980 1979 1961 1959 1964 1981 1999 2004 2011 2019 2024 2025 2026 2029 2039 2033 2019
1845 1859 1864 1871 1871 1858 1859 1878 1905 1927 1926 1929 1933 1937 1934 1933 1943 1934 1949 1952 1935 1924 1931 1913 1896 1877 1874 1877 1880 1879 1867 1869 1864 1872 1871 1880 1887 1883 1882 1874 1876 1881 1879 1873 1872 1883 1895 1915 1933 1937 1938 1940 1934 1929 1950 1959 1986 2002 2008 2006 1998 1992 1975 1963 1956 1965 1967 1956 1949 1950 1959 1983 1997 2005 2015 2026 2031 2034 2040 2041 2041 2031
1835 1851 1862 1869 1869 1862 1864 1881 1913 1930 1938 1925 1930 1924 1923 1929 1935 1927 1926 1932 1924 1927 1926 1919 1900 1885 1876 1876 1874 1872 1868 1858 1863 1866 1871 1876 1881 1885 1880 1880 1882 1882 1880 1877 1876 1885 1899 1916 1930 1938 1942 1937 1938 1939 1942 1958 1979 2002 2002 1992 1989 1985 1978 1958 1945 1943 1949 1937 1928 1928 1935 1948 1966 1969 1991 2010 2024 2036 2041 2043 2042 2040
1824 1841 1854 1864 1867 1863 1869 1883 1907 1933 1933 1932 1913 1924 1925 1929 1928 1916 1909 1917 1915 1920 1921 1908 1902 1891 1879 1881 1875 1868 1859 1854 1855 1862 1867 1873 1884 1883 1884 1884 1885 1883 1883 1880 1883 1890 1900 1916 1939 1946 1955 1956 1949 1959 1961 1972 1993 2001 1997 1978 1972 1977 1971 1958 1930 1929 1930 1920 1918 1918 1917 1934 1932 1947 1966 1999 2020 2034 2042 2044 2045 2045
1832 1840 1848 1858 1860 1865 1867 1878 1893 1913 1924 1907 1916 1915 1925 1923 1931 1920 1912 1909 1917 1915 1910 1900 1899 1886 1885 1877 1870 1864 1853 1853 1855 1866 1873 1880 1882 1884 1884 1885 1887 1889 1888 1890 1888 1895 1907 1923 1933 1942 1946 1947 1946 1951 1973 1986 1999 2004 1997 1981 1968 1965 1957 1943 1924 1918 1923 1921 1918 1921 1933 1932 1951 1954 1979 2003 2022 2037 2043 2047 2049 2049
1851 1851 1847 1852 1857 1865 1878 1873 1888 1901 1904 1907 1905 1911 1916 1925 1924 1932 1910 1905 1904 1904 1883 1886 1888 1887 1882 1879 1866 1860 1861 1858 1868 1875 1882 1881 1883 1883 1882 1884 1887 1890 1893 1896 1896 1902 1909 1921 1929 1925 1942 1939 1944 1959 1977 1994 1999 2004 2002 1986 1973 1959 1951 1938 1918 1916 1921 1922 1923 1934 1939 1951 1959 1977 1991 2010 2026 2036 2043 2049 2053 2052
1867 1867 1860 1857 1864 1876 1881 1881 1882 1894 1896 1898 1899 1903 1913 1919 1924 1916 1905 1882 1895 1887 1871 1871 1884 1884 1882 1878 1873 1871 1871 1874 1875 1880 1882 1882 1880 1881 1883 1883 1882 1881 1882 1889 1893 1900 1905 1909 1904 1916 1929 1953 1957 1974 1986 1992 1996 2001 2006 1996 1987 1977 1966 1953 1931 1918 1916 1921 1932 1948 1964 1965 1978 1993 2003 2017 2029 2037 2046 2052 2056 2057
1866 1868 1860 1856 1859 1874 1880 1877 1879 1884 1888 1886 1896 1890 1905 1909 1908 1910 1887 1881 1887 1899 1880 1886 1890 1884 1882 1877 1871 1880 1879 1879 1878 1880 1882 1878 1875 1875 1878 1883 1880 1872 1869 1869 1877 1886 1895 1894 1898 1906 1939 1954 1970 1977 1986 1988 1985 1994 1999 1998 1995 1987 1979 1970 1948 1919 1908 1917 1935 1960 1975 1980 1995 2008 2017 2026 2035 2041 2049 2054 2055 2056
1858 1862 1858 1851 1855 1860 1870 1869 1869 1875 1872 1882 1886 1887 1885 1900 1905 1908 1899 1881 1888 1896 1891 1885 1886 1881 1879 1875 1874 1871 1880 1879 1877 1879 1881 1878 1875 1873 1875 1879 1879 1872 1864 1861 1860 1872 1882 1887 1891 1916 1935 1949 1945 1955 1970 1971 1969 1973 1979 1989 1992 1981 1977 1972 1950 1924 1916 1925 1947 1964 1977 1984 1996 2014 2025 2034 2041 2047 2051 2053 2046 2045
1851 1855 1859 1868 1871 1884 1878 1870 1865 1862 1865 1870 1882 1873 1866 1874 1895 1903 1903 1893 1895 1891 1888 1886 1877 1881 1883 1883 1871 1870 1870 1875 1872 1871 1876 1872 1870 1871 1870 1876 1877 1872 1867 1858 1856 1864 1873 1874 1884 1908 1928 1928 1921 1925 1946 1952 1943 1943 1950 1971 1982 1965 1952 1938 1930 1916 1920 1938 1953 1964 1971 1979 1994 2009 2023 2035 2040 2047 2049 2046 2042 2033
1856 1864 1867 1871 1883 1890 1890 1875 1863 1866 1860 1866 1870 1858 1853 1863 1884 1906 1907 1910 1899 1887 1884 1877 1876 1874 1885 1886 1875 1868 1867 1862 1861 1861 1863 1858 1858 1861 1862 1867 1872 1870 1864 1858 1856 1867 1874 1875 1878 1889 1899 1897 1885 1892 1918 1923 1925 1922 1933 1951 1966 1946 1914 1898 1886 1890 1905 1930 1945 1958 1970 1982 1991 2004 2019 2028 2033 2038 2046 2045 2037 2034
1873 1871 1870 1874 1880 1891 1889 1879 1873 1861 1866 1858 1855 1856 1851 1864 1891 1916 1924 1909 1906 1892 1882 1882 1873 1883 1886 1885 1875 1872 1863 1860 1852 1850 1854 1848 1845 1850 1857 1861 1866 1864 1861 1855 1858 1868 1879 1877 1870 1868 1858 1861 1857 1871 1892 1904 1911 1922 1924 1943 1960 1943 1914 1882 1864 1864 1883 1915 1940 1952 1965 1978 1986 1996 2008 2020 2018 2030 2037 2035 2039 2029
1867 1874 1870 1871 1874 1883 1885 1880 1870 1870 1865 1863 1863 1855 1864 1865 1885 1908 1914 1901 1901 1895 1900 1886 1888 1884 1894 1888 1880 1878 1876 1867 1861 1861 1860 1852 1850 1854 1857 1865 1863 1861 1861 1860 1867 1877 1882 1878 1864 1845 1828 1824 1844 1855 1869 1877 1897 1919 1927 1945 1965 1961 1933 1896 1861 1854 1879 1902 1922 1939 1959 1969 1978 1984 2002 2008 2007 2008 2012 2021 2024 2024
1868 1873 1874 1872 1871 1873 1874 1873 1872 1864 1873 1866 1868 1864 1863 1867 1870 1895 1893 1893 1900 1908 1905 1905 1892 1891 1893 1890 1882 1887 1886 1885 1883 1878 1875 1865 1861 1860 1869 1867 1867 1864 1867 1873 1880 1884 1882 1874 1857 1834 1807 1817 1835 1850 1858 1871 1908 1930 1951 1956 1970 1958 1930 1899 1860 1857 1866 1878 1894 1915 1941 1960 1968 1983 1999 2010 1997 1991 1988 1994 2012 2009
1859 1864 1868 1872 1870 1867 1865 1864 1863 1865 1864 1873 1870 1870 1870 1864 1871 1871 1890 1894 1907 1910 1914 1903 1900 1890 1893 1888 1883 1886 1893 1896 1895 1892 1883 1874 1873 1874 1874 1879 1871 1872 1874 1883 1886 1882 1878 1867 1856 1835 1826 1826 1849 1852 1852 1873 1910 1940 1944 1957 1948 1939 1919 1896 1865 1848 1855 1862 1872 1899 1930 1950 1964 1979 2000 2007 1999 1991 1988 2003 2006 1997
1849 1846 1855 1864 1866 1865 1862 1860 1860 1857 1861 1859 1877 1873 1881 1881 1873 1876 1878 1891 1903 1907 1909 1911 1907 1903 1906 1900 1887 1891 1894 1898 1894 1894 1891 1887 1887 1886 1888 1886 1885 1880 1886 1885 1887 1880 1870 1869 1853 1852 1838 1848 1852 1853 1858 1884 1914 1928 1940 1933 1932 1920 1910 1894 1861 1857 1862 1869 1889 1914 1938 1956 1971 1982 1995 2002 2000 1995 2001 2005 2004 1987
1845 1844 1849 1859 1861 1861 1859 1858 1856 1853 1851 1856 1862 1879 1882 1884 1882 1871 1873 1882 1894 1903 1913 1916 1918 1911 1911 1901 1896 1893 1901 1892 1894 1888 1895 1895 1895 1896 1896 1895 1891 1894 1887 1888 1881 1877 1873 1866 1867 1851 1856 1847 1851 1852 1863 1884 1906 1920 1922 1923 1911 1910 1898 1880 1863 1864 1883 1895 1910 1930 1957 1971 1975 1979 1987 1994 1987 1986 1986 1997 1985 1975
1855 1849 1851 1858 1857 1856 1855 1854 1852 1848 1848 1849 1864 1864 1877 1872 1883 1872 1875 1878 1894 1895 1903 1912 1915 1903 1896 1893 1895 1902 1897 1893 1882 1887 1889 1896 1896 1900 1899 1896 1893 1892 1892 1885 1884 1880 1878 1873 1866 1863 1849 1851 1853 1854 1857 1870 1887 1903 1912 1900 1885 1889 1873 1860 1850 1877 1905 1914 1923 1939 1952 1962 1969 1976 1980 1977 1971 1959 1972 1977 1973 1963
1857 1851 1851 1857 1855 1853 1848 1843 1843 1840 1842 1846 1848 1856 1847 1861 1876 1882 1882 1894 1896 1889 1893 1902 1903 1898 1883 1882 1893 1898 1895 1885 1884 1876 1884 1887 1894 1898 1901 1898 1896 1895 1894 1894 1888 1885 1881 1870 1870 1860 1854 1850 1854 1854 1845 1845 1864 1888 1888 1863 1853 1855 1850 1841 1856 1891 1929 1941 1945 1944 1945 1949 1958 1973 1982 1978 1961 1956 1962 1978 1974 1967
1854 1847 1845 1851 1853 1847 1837 1834 1831 1828 1830 1836 1839 1834 1838 1848 1863 1877 1889 1896 1901 1893 1890 1895 1891 1890 1884 1877 1886 1893 1896 1889 1884 1879 1876 1883 1890 1898 1901 1902 1898 1898 1895 1891 1884 1879 1865 1859 1857 1858 1848 1840 1843 1838 1824 1819 1841 1867 1857 1829 1826 1839 1836 1847 1873 1912 1942 1961 1967 1965 1961 1959 1963 1976 1987 1981 1971 1956 1967 1979 1985 1971
1853 1853 1846 1849 1852 1847 1840 1833 1832 1826 1820 1819 1820 1820 1833 1836 1855 1857 1877 1886 1900 1897 1900 1891 1885 1886 1884 1881 1884 1889 1893 1892 1889 1884 1884 1887 1893 1897 1899 1899 1898 1894 1886 1881 1873 1858 1846 1836 1837 1828 1822 1811 1810 1805 1791 1788 1808 1835 1819 1806 1812 1827 1832 1859 1894 1926 1949 1957 1968 1975 1976 1977 1975 1984 1986 1987 1969 1962 1958 1972 1981 1978
1871 1863 1853 1851 1851 1851 1847 1844 1842 1837 1830 1820 1814 1813 1822 1838 1835 1848 1857 1868 1883 1902 1900 1896 1877 1883 1882 1882 1887 1891 1893 1889 1889 1889 1889 1891 1894 1894 1891 1889 1894 1885 1871 1856 1850 1837 1819 1812 1798 1795 1782 1776 1776 1778 1770 1762 1779 1790 1786 1787 1808 1824 1841 1870 1909 1926 1930 1929 1938 1954 1974 1983 1983 1983 1985 1982 1974 1964 1958 1958 1970 1976
1887 1879 1863 1853 1849 1846 1845 1841 1842 1847 1846 1841 1830 1820 1823 1816 1820 1831 1841 1847 1866 1891 1894 1885 1885 1875 1881 1878 1885 1891 1891 1888 1887 1886 1886 1887 1883 1878 1868 1870 1882 1881 1856 1846 1839 1826 1813 1803 1792 1769 1768 1759 1760 1765 1764 1761 1758 1761 1760 1780 1812 1831 1852 1880 1896 1906 1899 1890 1902 1929 1961 1980 1980 1982 1981 1981 1972 1965 1957 1951 1957 1967
1912 1901 1882 1875 1859 1841 1828 1826 1827 1843 1855 1859 1851 1837 1828 1813 1805 1814 1826 1826 1849 1872 1879 1880 1877 1885 1876 1872 1878 1884 1887 1885 1881 1873 1871 1867 1858 1851 1837 1854 1869 1874 1867 1853 1839 1831 1824 1816 1796 1783 1767 1761 1765 1769 1769 1769 1760 1755 1754 1775 1801 1822 1845 1857 1865 1866 1864 1874 1899 1927 1961 1983 1985 1982 1976 1971 1954 1952 1944 1943 1950 1958
1924 1916 1922 1908 1886 1852 1832 1820 1823 1841 1860 1864 1854 1840 1832 1815 1807 1818 1825 1827 1839 1870 1876 1878 1882 1880 1873 1863 1864 1873 1877 1872 1861 1843 1842 1839 1826 1824 1833 1843 1858 1855 1863 1856 1843 1835 1830 1828 1813 1785 1770 1767 1773 1773 1773 1767 1770 1759 1752 1761 1771 1787 1809 1822 1820 1823 1841 1865 1896 1925 1964 1989 1993 1991 1982 1971 1961 1953 1948 1945 1953 1958
1924 1934 1937 1933 1903 1873 1851 1835 1834 1853 1871 1868 1852 1833 1818 1818 1820 1834 1837 1828 1836 1862 1877 1878 1881 1877 1869 1859 1858 1860 1859 1852 1834 1812 1804 1802 1805 1816 1829 1844 1836 1837 1854 1859 1852 1845 1834 1817 1805 1790 1769 1770 1779 1785 1773 1775 1775 1774 1765 1757 1757 1763 1781 1788 1791 1800 1814 1838 1871 1907 1950 1984 1988 1991 1985 1980 1971 1970 1962 1955 1955 1957
