Data/tmin/PRISM_tmin_pr_1963-1995_normal_450mM1_05_asc.asc
ncols 557
nrows 164
xllcorner -67.31875000000
yllcorner 17.86875000000
cellsize 0.00416666667
NODATA_value -9999
[rows 72 to 107 of 164, columns 82 to 163 of 557]
1877 1876 1872 1862 1857 1847 1875 1889 1877 1884 1889 1887 1882 1880 1880 1883 1893 1904 1903 1910 1915 1908 1898 1893 1888 1887 1865 1852 1841 1812 1800 1777 1785 1780 1776 1769 1762 1742 1720 1715 1710 1704 1697 1690 1678 1676 1674 1675 1676 1683 1691 1701 1713 1740 1781 1796 1790 1783 1783 1786 1802 1810 1810 1807 1800 1792 1782 1781 1783 1784 1783 1789 1788 1781 1774 1770 1774 1776 1782 1784 1791 1793
1868 1879 1880 1876 1855 1849 1867 1862 1869 1868 1875 1881 1886 1880 1879 1888 1900 1912 1914 1926 1921 1903 1889 1877 1873 1876 1876 1860 1850 1845 1807 1789 1768 1769 1763 1757 1753 1737 1715 1704 1700 1690 1684 1671 1666 1657 1653 1653 1657 1656 1661 1669 1688 1716 1760 1786 1779 1775 1775 1778 1791 1807 1800 1800 1799 1792 1784 1777 1781 1776 1774 1772 1777 1770 1767 1760 1764 1768 1765 1764 1763 1783
1866 1878 1886 1880 1869 1854 1855 1863 1859 1872 1874 1879 1882 1881 1879 1886 1889 1903 1910 1914 1909 1886 1870 1855 1856 1870 1868 1861 1850 1837 1823 1786 1772 1765 1757 1748 1743 1729 1714 1702 1690 1676 1660 1658 1650 1643 1637 1641 1646 1644 1638 1642 1650 1673 1728 1766 1783 1779 1773 1782 1796 1794 1791 1791 1787 1783 1778 1783 1782 1782 1766 1756 1761 1760 1756 1749 1753 1757 1758 1748 1749 1752
1861 1875 1882 1883 1878 1862 1858 1853 1872 1872 1877 1881 1886 1883 1881 1870 1864 1867 1884 1899 1897 1892 1879 1861 1853 1852 1849 1835 1823 1821 1800 1780 1764 1762 1755 1746 1732 1716 1705 1697 1682 1663 1651 1643 1633 1624 1620 1631 1640 1640 1624 1613 1622 1644 1688 1748 1769 1767 1768 1779 1790 1789 1783 1780 1772 1765 1767 1775 1792 1778 1759 1750 1745 1750 1742 1737 1734 1747 1752 1752 1739 1738
1851 1859 1867 1874 1872 1869 1854 1855 1864 1867 1866 1877 1883 1882 1882 1861 1833 1835 1850 1861 1880 1895 1894 1875 1860 1845 1825 1813 1801 1793 1774 1759 1752 1746 1749 1747 1729 1701 1688 1687 1672 1657 1645 1635 1622 1606 1605 1619 1633 1630 1622 1607 1627 1650 1690 1717 1735 1738 1742 1758 1768 1772 1779 1777 1761 1742 1741 1752 1766 1761 1750 1738 1746 1740 1737 1730 1729 1735 1745 1749 1744 1733
1849 1852 1860 1870 1872 1869 1861 1863 1866 1858 1863 1873 1877 1876 1876 1856 1818 1805 1810 1823 1845 1871 1878 1863 1853 1831 1809 1799 1783 1768 1756 1744 1734 1731 1731 1740 1723 1694 1684 1682 1673 1654 1639 1630 1609 1597 1598 1612 1625 1640 1630 1631 1647 1670 1671 1677 1671 1690 1714 1729 1743 1757 1772 1773 1755 1743 1728 1729 1742 1744 1735 1738 1737 1733 1732 1732 1727 1726 1727 1739 1736 1729
1852 1854 1868 1863 1866 1865 1867 1861 1867 1855 1863 1871 1864 1856 1860 1840 1812 1782 1784 1793 1813 1832 1834 1830 1826 1813 1795 1785 1768 1755 1739 1732 1722 1713 1708 1716 1713 1692 1678 1678 1669 1652 1638 1630 1615 1598 1593 1608 1626 1637 1646 1644 1659 1657 1650 1633 1633 1656 1702 1720 1743 1756 1759 1749 1742 1737 1728 1706 1715 1724 1723 1727 1730 1732 1730 1729 1724 1718 1720 1722 1731 1730
1852 1855 1858 1863 1853 1862 1862 1865 1859 1861 1863 1863 1849 1828 1823 1820 1794 1775 1768 1782 1790 1796 1798 1797 1803 1793 1776 1770 1755 1738 1733 1723 1720 1710 1702 1708 1707 1692 1679 1666 1663 1660 1645 1639 1622 1605 1601 1612 1627 1642 1651 1664 1675 1670 1655 1645 1643 1673 1694 1719 1744 1750 1730 1703 1716 1719 1712 1698 1692 1704 1710 1713 1723 1728 1734 1730 1726 1730 1722 1720 1722 1732
1859 1847 1853 1848 1853 1860 1861 1855 1859 1853 1859 1848 1837 1816 1803 1790 1781 1764 1766 1771 1774 1775 1773 1771 1776 1768 1752 1750 1739 1733 1724 1721 1715 1710 1702 1700 1707 1699 1678 1664 1660 1658 1655 1649 1636 1617 1617 1622 1624 1627 1640 1661 1672 1667 1651 1649 1657 1685 1708 1714 1743 1744 1717 1697 1694 1706 1708 1693 1689 1702 1707 1714 1717 1726 1735 1737 1737 1746 1739 1718 1729 1740
1857 1843 1836 1840 1849 1852 1853 1852 1854 1854 1848 1846 1834 1815 1790 1773 1756 1756 1756 1763 1765 1761 1754 1753 1757 1745 1730 1728 1728 1725 1721 1714 1707 1698 1680 1681 1681 1676 1671 1649 1635 1636 1638 1646 1642 1630 1629 1624 1609 1602 1617 1635 1652 1645 1631 1628 1665 1705 1716 1731 1747 1742 1722 1698 1699 1702 1700 1697 1693 1700 1709 1722 1720 1722 1735 1737 1731 1740 1731 1728 1735 1750
1847 1828 1828 1841 1852 1860 1856 1858 1862 1851 1847 1837 1828 1811 1782 1755 1742 1743 1749 1754 1756 1751 1745 1740 1742 1735 1717 1718 1723 1725 1718 1709 1695 1682 1667 1656 1657 1658 1653 1643 1622 1613 1613 1624 1627 1620 1623 1618 1603 1597 1599 1613 1620 1620 1617 1642 1679 1717 1734 1737 1736 1742 1725 1711 1706 1702 1702 1695 1686 1696 1704 1716 1726 1716 1725 1716 1709 1707 1710 1708 1729 1742
1835 1823 1820 1836 1856 1859 1858 1858 1862 1853 1840 1833 1822 1809 1786 1758 1747 1744 1745 1746 1745 1741 1731 1728 1735 1724 1719 1716 1723 1716 1712 1693 1683 1669 1653 1646 1645 1645 1654 1641 1626 1609 1604 1605 1606 1601 1600 1601 1602 1598 1595 1593 1598 1602 1617 1646 1680 1703 1712 1719 1727 1727 1730 1719 1708 1701 1692 1682 1688 1676 1682 1708 1703 1700 1687 1685 1690 1701 1691 1697 1709 1724
1844 1831 1822 1830 1844 1854 1852 1856 1862 1857 1845 1832 1816 1805 1782 1766 1756 1752 1740 1738 1737 1733 1722 1719 1718 1723 1711 1718 1716 1713 1695 1684 1668 1660 1646 1632 1635 1636 1642 1640 1621 1611 1600 1592 1592 1585 1580 1580 1592 1598 1594 1595 1600 1614 1629 1656 1669 1674 1691 1706 1704 1713 1717 1707 1696 1688 1675 1678 1671 1667 1664 1684 1691 1665 1650 1646 1677 1692 1687 1678 1692 1702
1851 1847 1832 1826 1841 1855 1854 1860 1868 1863 1851 1839 1820 1807 1789 1775 1771 1758 1734 1734 1730 1729 1716 1706 1707 1702 1704 1705 1711 1699 1690 1672 1660 1646 1630 1622 1619 1627 1633 1619 1610 1597 1586 1586 1589 1582 1572 1572 1579 1590 1595 1605 1615 1625 1637 1649 1655 1660 1675 1695 1691 1700 1699 1703 1696 1682 1678 1671 1675 1660 1663 1678 1674 1655 1639 1640 1681 1701 1687 1681 1683 1688
1853 1850 1833 1823 1829 1847 1857 1866 1872 1867 1855 1841 1833 1814 1796 1781 1779 1754 1735 1718 1720 1720 1711 1702 1701 1696 1690 1694 1695 1687 1681 1673 1661 1640 1622 1609 1615 1620 1623 1609 1592 1580 1581 1582 1591 1589 1576 1563 1566 1578 1593 1606 1622 1633 1635 1638 1647 1656 1676 1685 1678 1674 1685 1697 1699 1698 1679 1671 1663 1654 1658 1665 1665 1660 1651 1661 1681 1692 1695 1684 1684 1682
1848 1844 1833 1814 1823 1836 1851 1855 1859 1851 1831 1833 1825 1816 1797 1780 1770 1761 1734 1725 1713 1715 1715 1718 1712 1700 1693 1687 1691 1686 1681 1677 1670 1647 1624 1606 1613 1616 1615 1599 1581 1572 1568 1581 1590 1590 1577 1565 1555 1561 1580 1595 1610 1626 1627 1622 1631 1647 1667 1674 1656 1645 1654 1677 1691 1695 1685 1664 1650 1641 1640 1642 1645 1651 1658 1654 1666 1674 1680 1692 1693 1688
1845 1844 1826 1817 1823 1836 1839 1845 1842 1830 1821 1810 1819 1814 1794 1775 1765 1754 1748 1735 1723 1721 1723 1730 1721 1709 1695 1688 1694 1688 1675 1667 1661 1637 1613 1604 1600 1606 1614 1601 1586 1568 1562 1571 1586 1592 1585 1572 1555 1553 1567 1582 1598 1615 1612 1604 1611 1633 1655 1663 1641 1632 1629 1635 1662 1673 1670 1651 1638 1625 1626 1619 1630 1642 1655 1664 1664 1667 1687 1701 1707 1704
1856 1847 1832 1826 1837 1843 1845 1839 1839 1839 1821 1818 1815 1812 1798 1778 1761 1757 1756 1745 1739 1733 1735 1731 1720 1706 1689 1677 1684 1683 1667 1653 1644 1626 1608 1591 1590 1591 1602 1604 1585 1564 1553 1555 1571 1585 1584 1568 1563 1552 1566 1585 1598 1602 1597 1586 1591 1612 1634 1641 1636 1627 1613 1613 1611 1625 1633 1632 1622 1617 1614 1615 1627 1644 1662 1668 1677 1684 1697 1721 1726 1716
1859 1854 1832 1825 1842 1846 1846 1841 1841 1837 1833 1825 1823 1813 1807 1787 1764 1756 1756 1742 1742 1746 1737 1734 1715 1697 1682 1665 1679 1683 1673 1648 1642 1623 1607 1593 1580 1583 1599 1600 1591 1571 1549 1543 1557 1572 1573 1579 1569 1566 1579 1592 1601 1596 1584 1577 1579 1594 1610 1624 1623 1632 1627 1611 1601 1594 1607 1624 1631 1626 1624 1625 1636 1650 1662 1667 1673 1682 1702 1722 1729 1722
1856 1844 1829 1825 1838 1844 1851 1853 1839 1830 1819 1821 1810 1811 1807 1798 1768 1743 1737 1733 1740 1740 1742 1731 1712 1697 1680 1668 1682 1688 1671 1654 1634 1627 1610 1594 1585 1588 1599 1603 1592 1584 1563 1548 1557 1574 1587 1586 1591 1581 1587 1603 1607 1599 1588 1581 1577 1576 1588 1601 1607 1619 1626 1631 1611 1591 1597 1619 1639 1644 1633 1631 1637 1650 1656 1656 1666 1679 1693 1712 1723 1717
1851 1839 1834 1834 1843 1844 1853 1856 1847 1823 1805 1792 1788 1782 1805 1805 1769 1739 1728 1724 1728 1726 1725 1722 1708 1690 1677 1665 1668 1667 1662 1638 1635 1626 1614 1598 1594 1595 1600 1596 1594 1584 1578 1570 1579 1593 1598 1604 1594 1585 1590 1600 1614 1608 1601 1597 1581 1572 1570 1582 1591 1597 1612 1620 1611 1585 1583 1594 1621 1635 1629 1628 1637 1647 1661 1659 1669 1672 1685 1699 1705 1711
1857 1858 1849 1850 1858 1853 1853 1863 1858 1837 1807 1792 1771 1770 1783 1793 1776 1740 1721 1711 1704 1695 1695 1703 1694 1680 1667 1655 1654 1652 1648 1645 1628 1613 1604 1610 1600 1604 1597 1585 1572 1584 1580 1577 1593 1598 1594 1597 1595 1584 1589 1600 1614 1616 1607 1601 1588 1569 1566 1578 1578 1584 1594 1609 1611 1608 1600 1600 1601 1606 1608 1613 1624 1642 1649 1654 1658 1667 1670 1677 1693 1699
1871 1860 1842 1842 1859 1845 1848 1859 1865 1851 1829 1801 1778 1763 1767 1774 1768 1750 1724 1700 1678 1662 1666 1675 1685 1675 1660 1653 1652 1659 1668 1663 1644 1606 1597 1600 1616 1611 1590 1562 1552 1563 1579 1583 1589 1595 1582 1574 1574 1579 1579 1593 1606 1602 1593 1586 1583 1575 1565 1583 1578 1570 1576 1594 1607 1617 1630 1615 1595 1580 1579 1597 1604 1619 1630 1637 1659 1661 1667 1667 1676 1687
1864 1856 1818 1812 1826 1828 1824 1836 1849 1845 1826 1806 1785 1774 1767 1758 1746 1733 1715 1694 1672 1653 1641 1655 1668 1667 1657 1653 1654 1660 1671 1678 1666 1635 1609 1613 1609 1609 1591 1550 1532 1544 1564 1573 1591 1595 1578 1569 1560 1558 1571 1574 1584 1575 1563 1562 1576 1577 1578 1593 1585 1570 1572 1590 1606 1611 1633 1632 1605 1583 1583 1587 1598 1609 1624 1642 1657 1675 1668 1670 1676 1690
1843 1832 1811 1796 1798 1801 1816 1813 1834 1845 1842 1831 1816 1818 1812 1779 1742 1714 1704 1699 1692 1667 1649 1639 1661 1666 1668 1667 1660 1653 1651 1650 1655 1648 1636 1619 1606 1598 1582 1556 1528 1527 1535 1546 1554 1571 1567 1565 1551 1544 1551 1563 1568 1560 1551 1551 1569 1582 1574 1591 1592 1574 1580 1596 1591 1585 1598 1609 1603 1590 1582 1594 1601 1617 1630 1646 1670 1669 1682 1685 1702 1715
1786 1808 1826 1816 1808 1832 1844 1840 1853 1877 1877 1863 1852 1845 1847 1818 1775 1740 1718 1723 1722 1709 1677 1664 1664 1670 1676 1676 1665 1657 1647 1639 1641 1641 1641 1629 1610 1601 1590 1568 1549 1531 1528 1523 1525 1525 1540 1550 1539 1521 1534 1557 1564 1565 1555 1555 1570 1576 1560 1562 1571 1568 1586 1597 1573 1535 1546 1568 1579 1580 1581 1590 1610 1621 1637 1652 1661 1681 1691 1709 1729 1736
1800 1825 1858 1862 1848 1861 1898 1878 1883 1896 1894 1887 1866 1847 1850 1840 1817 1786 1768 1741 1753 1744 1721 1712 1685 1669 1667 1665 1650 1650 1651 1653 1643 1637 1624 1614 1601 1591 1586 1574 1560 1547 1534 1528 1518 1518 1523 1542 1531 1516 1527 1547 1563 1557 1560 1558 1568 1565 1535 1532 1531 1541 1568 1584 1551 1510 1508 1537 1564 1575 1580 1598 1617 1636 1644 1661 1672 1680 1702 1718 1742 1753
1861 1864 1905 1905 1869 1884 1909 1909 1902 1903 1900 1894 1868 1845 1834 1835 1830 1823 1792 1772 1760 1768 1778 1769 1746 1696 1684 1675 1659 1656 1674 1681 1668 1643 1630 1612 1591 1587 1578 1570 1558 1542 1530 1531 1534 1536 1538 1547 1542 1530 1534 1550 1552 1554 1556 1562 1564 1557 1534 1518 1521 1511 1534 1553 1536 1503 1497 1524 1556 1572 1587 1604 1632 1650 1666 1676 1680 1686 1689 1713 1733 1743
1902 1905 1937 1929 1894 1871 1890 1906 1899 1898 1890 1883 1875 1841 1828 1822 1822 1822 1813 1775 1771 1780 1798 1829 1801 1762 1728 1721 1700 1691 1704 1718 1682 1652 1644 1632 1613 1582 1575 1566 1561 1549 1546 1554 1581 1592 1593 1580 1572 1550 1548 1554 1552 1549 1550 1555 1557 1555 1546 1540 1526 1516 1522 1527 1521 1501 1486 1508 1533 1566 1591 1618 1644 1672 1683 1693 1701 1696 1696 1702 1716 1728
1916 1922 1949 1948 1913 1885 1895 1900 1906 1896 1886 1885 1881 1861 1833 1822 1827 1822 1819 1796 1782 1785 1800 1822 1830 1800 1765 1760 1742 1724 1740 1746 1703 1666 1663 1669 1632 1612 1591 1592 1589 1589 1582 1596 1626 1653 1641 1621 1599 1570 1551 1553 1557 1550 1542 1542 1542 1549 1554 1550 1541 1533 1532 1527 1524 1508 1494 1523 1548 1569 1605 1632 1663 1686 1698 1709 1716 1713 1715 1716 1720 1721
1923 1938 1963 1952 1929 1925 1907 1914 1919 1908 1890 1883 1885 1857 1838 1833 1834 1835 1829 1823 1822 1829 1832 1838 1843 1818 1782 1779 1761 1750 1766 1786 1754 1720 1720 1705 1688 1659 1653 1644 1634 1620 1614 1619 1652 1682 1669 1637 1618 1584 1553 1548 1553 1550 1540 1530 1529 1537 1548 1549 1547 1560 1560 1545 1543 1529 1522 1554 1581 1587 1609 1638 1672 1705 1712 1718 1728 1724 1726 1736 1727 1728
1931 1952 1960 1947 1947 1949 1938 1930 1940 1923 1903 1886 1864 1845 1835 1846 1851 1845 1837 1828 1837 1850 1856 1848 1839 1824 1795 1785 1776 1761 1785 1806 1797 1781 1774 1770 1737 1711 1695 1669 1639 1631 1628 1642 1669 1702 1683 1651 1638 1607 1579 1548 1554 1549 1536 1529 1526 1527 1532 1537 1552 1584 1591 1576 1569 1560 1552 1592 1619 1612 1611 1631 1668 1710 1729 1733 1729 1743 1750 1756 1755 1745
1942 1945 1953 1946 1949 1964 1958 1951 1955 1938 1912 1884 1862 1832 1848 1858 1863 1859 1848 1836 1840 1858 1863 1857 1848 1837 1815 1809 1792 1787 1792 1806 1800 1794 1804 1799 1753 1717 1678 1647 1629 1634 1656 1677 1698 1717 1701 1674 1652 1632 1592 1560 1540 1536 1526 1532 1530 1529 1523 1527 1552 1602 1633 1623 1623 1609 1601 1624 1652 1635 1612 1626 1660 1708 1740 1737 1731 1737 1760 1766 1761 1759
1925 1932 1942 1937 1938 1956 1958 1955 1956 1938 1924 1913 1894 1881 1880 1889 1881 1875 1863 1851 1851 1856 1868 1865 1863 1860 1834 1828 1819 1816 1810 1805 1797 1797 1814 1798 1752 1685 1661 1638 1640 1666 1690 1713 1725 1737 1720 1688 1664 1628 1604 1563 1542 1521 1525 1538 1551 1545 1535 1532 1553 1610 1654 1684 1686 1677 1657 1660 1691 1670 1653 1654 1685 1724 1747 1749 1727 1740 1762 1773 1776 1768
1910 1919 1925 1921 1920 1936 1951 1952 1952 1935 1929 1931 1919 1900 1903 1902 1896 1894 1885 1869 1858 1860 1860 1858 1866 1863 1848 1840 1845 1841 1832 1819 1809 1818 1822 1804 1739 1689 1658 1655 1656 1680 1707 1728 1747 1759 1738 1714 1677 1648 1625 1601 1565 1534 1536 1553 1568 1574 1561 1559 1566 1598 1652 1708 1749 1743 1715 1714 1738 1732 1696 1690 1710 1742 1765 1769 1748 1742 1770 1789 1789 1781
1908 1907 1912 1901 1899 1919 1932 1945 1947 1937 1936 1933 1923 1898 1890 1891 1892 1894 1894 1886 1873 1871 1865 1860 1871 1884 1868 1863 1859 1858 1839 1825 1826 1821 1823 1795 1751 1711 1698 1691 1683 1697 1721 1750 1766 1773 1744 1708 1680 1655 1648 1643 1610 1573 1565 1575 1585 1617 1613 1598 1591 1597 1623 1698 1765 1785 1778 1767 1799 1795 1749 1711 1726 1756 1783 1798 1770 1757 1776 1811 1813 1798
