Data/tmin/PRISM_tmin_pr_1963-1995_normal_450mM1_11_asc.asc
ncols 557
nrows 164
xllcorner -67.31875000000
yllcorner 17.86875000000
cellsize 0.00416666667
NODATA_value -9999
[rows 72 to 107 of 164, columns 246 to 327 of 557]
1777 1770 1767 1758 1759 1767 1764 1759 1761 1773 1785 1791 1792 1788 1782 1780 1800 1830 1853 1864 1891 1888 1861 1823 1792 1767 1755 1755 1758 1762 1767 1771 1779 1792 1807 1824 1844 1853 1846 1843 1839 1838 1844 1852 1861 1872 1886 1901 1911 1913 1916 1922 1921 1920 1915 1909 1904 1900 1891 1893 1901 1906 1904 1905 1903 1901 1901 1899 1890 1889 1887 1884 1890 1885 1888 1897 1901 1906 1913 1919 1923 1935
1777 1781 1778 1776 1774 1782 1780 1781 1786 1795 1801 1800 1800 1805 1797 1797 1806 1825 1845 1862 1875 1874 1838 1790 1769 1761 1755 1751 1758 1763 1760 1769 1782 1800 1826 1842 1853 1852 1844 1840 1835 1839 1841 1854 1866 1884 1900 1910 1909 1906 1910 1918 1920 1922 1918 1915 1910 1900 1894 1891 1900 1904 1904 1902 1901 1899 1898 1898 1895 1891 1883 1878 1875 1868 1872 1885 1893 1900 1899 1899 1896 1921
1785 1789 1798 1794 1797 1798 1796 1800 1802 1808 1810 1806 1809 1817 1827 1833 1839 1847 1856 1868 1879 1869 1825 1785 1767 1770 1766 1768 1776 1784 1791 1796 1802 1820 1840 1856 1853 1846 1834 1831 1837 1838 1842 1848 1859 1882 1895 1896 1887 1874 1886 1901 1917 1920 1921 1917 1914 1909 1905 1902 1905 1903 1901 1900 1897 1897 1897 1897 1896 1891 1880 1873 1868 1864 1868 1883 1895 1891 1890 1876 1882 1900
1789 1803 1814 1815 1811 1812 1809 1805 1805 1807 1809 1802 1797 1800 1806 1824 1841 1863 1871 1879 1874 1870 1848 1815 1810 1801 1800 1793 1793 1800 1795 1801 1805 1811 1835 1850 1845 1836 1824 1828 1831 1841 1844 1844 1854 1867 1871 1866 1855 1845 1854 1887 1907 1918 1918 1917 1914 1912 1910 1908 1905 1901 1898 1897 1897 1896 1896 1898 1897 1892 1881 1866 1869 1867 1873 1890 1894 1899 1879 1878 1871 1894
1800 1815 1829 1830 1825 1824 1823 1819 1812 1810 1813 1813 1806 1811 1807 1817 1840 1861 1884 1867 1867 1873 1871 1853 1834 1832 1815 1800 1789 1777 1776 1774 1777 1788 1816 1831 1825 1818 1814 1813 1818 1830 1831 1844 1844 1848 1844 1843 1842 1839 1857 1871 1903 1914 1914 1915 1913 1911 1909 1908 1904 1899 1897 1897 1897 1897 1897 1898 1898 1891 1878 1867 1866 1876 1884 1890 1896 1891 1886 1875 1878 1893
1808 1827 1842 1844 1843 1851 1850 1842 1829 1829 1833 1832 1844 1849 1856 1861 1866 1885 1878 1871 1859 1874 1869 1849 1830 1819 1812 1795 1779 1770 1756 1763 1769 1786 1806 1823 1809 1802 1799 1800 1797 1807 1825 1833 1833 1820 1810 1812 1824 1840 1848 1868 1889 1905 1912 1912 1910 1908 1907 1905 1902 1899 1898 1900 1900 1900 1900 1900 1898 1893 1883 1876 1877 1886 1889 1891 1890 1888 1886 1881 1885 1890
1810 1829 1843 1850 1852 1858 1865 1863 1854 1850 1860 1858 1860 1869 1867 1881 1892 1881 1882 1867 1863 1874 1862 1832 1806 1802 1794 1789 1780 1767 1767 1769 1786 1794 1811 1815 1799 1791 1787 1781 1782 1796 1807 1821 1810 1794 1777 1780 1805 1827 1846 1860 1882 1901 1907 1911 1909 1906 1906 1904 1901 1900 1901 1902 1902 1901 1901 1901 1900 1897 1894 1887 1887 1886 1886 1886 1887 1890 1887 1885 1884 1886
1804 1823 1835 1844 1848 1861 1866 1870 1863 1858 1856 1852 1855 1859 1870 1881 1883 1870 1862 1865 1869 1867 1847 1815 1789 1779 1780 1776 1776 1770 1770 1777 1784 1788 1792 1799 1791 1775 1775 1775 1773 1787 1799 1800 1797 1782 1765 1770 1799 1826 1842 1863 1891 1903 1910 1910 1908 1907 1906 1905 1902 1901 1904 1904 1901 1899 1898 1897 1899 1902 1901 1897 1886 1885 1884 1883 1882 1888 1887 1889 1891 1881
1801 1814 1822 1837 1858 1863 1865 1872 1856 1846 1846 1839 1843 1862 1875 1884 1878 1856 1861 1866 1868 1865 1838 1812 1779 1776 1772 1771 1767 1772 1772 1775 1772 1769 1773 1787 1781 1774 1768 1770 1774 1778 1785 1788 1781 1773 1766 1781 1816 1840 1859 1882 1896 1903 1903 1907 1908 1907 1907 1905 1904 1904 1904 1905 1899 1895 1892 1892 1894 1901 1905 1895 1889 1886 1890 1887 1890 1889 1901 1909 1910 1888
1794 1799 1803 1821 1836 1839 1838 1842 1854 1846 1845 1837 1846 1859 1878 1877 1871 1860 1867 1874 1861 1846 1840 1813 1795 1780 1777 1772 1772 1766 1774 1768 1765 1759 1764 1782 1786 1778 1778 1769 1767 1772 1775 1774 1768 1768 1769 1791 1832 1856 1874 1890 1891 1879 1887 1896 1904 1906 1906 1907 1905 1903 1904 1899 1892 1889 1889 1886 1888 1894 1901 1901 1892 1895 1899 1902 1904 1909 1920 1930 1929 1907
1782 1796 1802 1810 1819 1807 1797 1826 1846 1849 1842 1838 1844 1861 1865 1864 1863 1858 1874 1874 1855 1842 1838 1828 1798 1786 1780 1773 1767 1771 1769 1769 1762 1760 1767 1777 1786 1787 1774 1771 1769 1769 1775 1774 1766 1771 1784 1811 1834 1854 1872 1874 1866 1856 1865 1890 1901 1904 1907 1907 1904 1903 1896 1891 1883 1880 1879 1879 1875 1877 1890 1895 1901 1906 1911 1919 1925 1929 1934 1944 1940 1927
1771 1793 1801 1814 1813 1798 1803 1834 1862 1864 1844 1839 1838 1848 1846 1848 1856 1853 1862 1865 1847 1838 1848 1831 1810 1790 1779 1773 1765 1766 1766 1764 1762 1770 1770 1781 1788 1784 1783 1774 1776 1781 1780 1773 1773 1786 1800 1821 1841 1846 1847 1854 1845 1842 1858 1874 1894 1906 1908 1907 1902 1897 1891 1884 1870 1872 1878 1870 1868 1869 1870 1884 1892 1901 1907 1922 1934 1939 1945 1946 1946 1938
1759 1780 1798 1807 1808 1800 1813 1850 1874 1861 1851 1827 1834 1832 1835 1841 1854 1850 1846 1846 1832 1838 1842 1834 1815 1800 1791 1780 1773 1764 1763 1758 1760 1765 1771 1776 1781 1786 1781 1781 1783 1783 1781 1777 1777 1790 1806 1824 1839 1848 1851 1848 1852 1845 1855 1869 1888 1903 1908 1903 1898 1894 1893 1877 1865 1861 1861 1854 1845 1847 1855 1860 1878 1877 1893 1908 1929 1941 1946 1948 1948 1946
1743 1766 1784 1800 1805 1805 1828 1861 1875 1865 1844 1835 1819 1834 1839 1845 1858 1854 1845 1835 1832 1835 1836 1822 1809 1797 1786 1787 1775 1767 1755 1750 1751 1760 1766 1773 1785 1784 1785 1785 1786 1784 1784 1780 1785 1796 1806 1823 1848 1856 1859 1867 1862 1868 1870 1882 1897 1905 1905 1897 1890 1889 1885 1878 1848 1847 1848 1838 1835 1835 1836 1853 1851 1866 1876 1907 1927 1941 1948 1949 1951 1951
1756 1763 1777 1791 1798 1810 1842 1863 1867 1857 1850 1827 1822 1833 1848 1856 1870 1871 1854 1842 1839 1844 1839 1820 1806 1788 1787 1777 1771 1761 1749 1749 1752 1764 1772 1780 1783 1785 1785 1786 1788 1790 1790 1791 1791 1800 1813 1829 1841 1845 1847 1852 1861 1863 1882 1894 1904 1905 1903 1894 1881 1876 1873 1860 1841 1837 1842 1840 1837 1840 1851 1850 1869 1871 1892 1912 1930 1942 1948 1952 1955 1955
1782 1784 1784 1794 1805 1825 1857 1871 1870 1867 1857 1842 1828 1838 1854 1859 1872 1878 1854 1835 1831 1833 1815 1807 1797 1793 1783 1779 1765 1758 1759 1755 1767 1774 1782 1781 1784 1784 1783 1784 1788 1791 1795 1797 1799 1806 1813 1826 1835 1831 1842 1849 1859 1871 1886 1901 1904 1904 1903 1893 1883 1873 1866 1856 1838 1835 1841 1842 1843 1853 1853 1870 1871 1890 1900 1917 1932 1942 1949 1955 1959 1958
1813 1812 1813 1819 1827 1842 1862 1867 1869 1869 1857 1836 1828 1831 1839 1848 1859 1856 1841 1813 1817 1812 1799 1791 1798 1794 1790 1777 1772 1770 1769 1773 1774 1780 1782 1782 1781 1782 1783 1783 1783 1782 1783 1790 1794 1802 1809 1812 1809 1820 1836 1862 1870 1885 1897 1902 1904 1902 1903 1898 1891 1886 1877 1870 1847 1837 1835 1841 1852 1863 1875 1873 1888 1896 1910 1923 1935 1943 1952 1959 1962 1963
1815 1817 1816 1819 1831 1837 1852 1854 1856 1855 1840 1834 1833 1833 1825 1826 1837 1843 1818 1804 1808 1821 1806 1804 1804 1800 1791 1781 1770 1780 1778 1778 1777 1780 1782 1778 1776 1776 1778 1783 1780 1772 1769 1769 1777 1787 1799 1797 1799 1809 1845 1863 1880 1887 1897 1898 1893 1897 1900 1898 1893 1892 1888 1882 1864 1837 1827 1837 1854 1876 1881 1892 1898 1913 1921 1933 1941 1948 1955 1960 1961 1963
1803 1806 1807 1808 1813 1824 1832 1833 1834 1838 1832 1838 1857 1840 1822 1814 1828 1834 1826 1803 1813 1822 1815 1802 1800 1794 1790 1778 1775 1769 1779 1778 1776 1779 1782 1778 1775 1773 1775 1779 1779 1772 1764 1760 1758 1773 1784 1790 1794 1818 1841 1857 1852 1862 1875 1879 1879 1881 1887 1893 1896 1888 1889 1887 1868 1842 1833 1842 1864 1880 1890 1897 1906 1919 1932 1941 1948 1954 1958 1960 1953 1952
1792 1796 1807 1815 1826 1838 1837 1826 1821 1818 1819 1838 1850 1839 1807 1794 1810 1822 1817 1809 1814 1817 1808 1801 1791 1794 1793 1785 1769 1768 1768 1773 1771 1771 1775 1772 1769 1771 1770 1776 1778 1772 1766 1756 1754 1762 1774 1776 1788 1810 1832 1831 1822 1823 1844 1851 1853 1853 1861 1880 1888 1876 1864 1850 1845 1834 1836 1856 1868 1881 1888 1897 1906 1918 1930 1942 1949 1954 1956 1953 1950 1941
1801 1804 1810 1819 1837 1853 1851 1834 1815 1811 1808 1825 1837 1821 1793 1782 1791 1812 1811 1815 1816 1809 1803 1791 1790 1788 1793 1784 1771 1763 1760 1760 1758 1759 1762 1756 1756 1760 1762 1767 1772 1770 1763 1757 1752 1766 1773 1777 1779 1790 1800 1799 1785 1786 1803 1816 1821 1824 1839 1863 1877 1861 1821 1806 1792 1798 1817 1847 1859 1873 1887 1897 1903 1914 1926 1940 1944 1948 1953 1953 1945 1942
1814 1812 1812 1820 1836 1856 1857 1841 1825 1814 1812 1818 1814 1800 1783 1776 1797 1821 1828 1819 1823 1815 1807 1798 1789 1797 1793 1782 1774 1762 1751 1749 1748 1746 1752 1745 1742 1748 1756 1760 1765 1763 1759 1751 1755 1765 1777 1775 1769 1766 1759 1762 1756 1762 1773 1779 1790 1801 1811 1842 1871 1850 1811 1773 1757 1754 1784 1830 1853 1866 1885 1897 1902 1908 1920 1932 1933 1940 1945 1945 1947 1938
1811 1814 1810 1814 1826 1841 1845 1835 1823 1820 1825 1815 1804 1786 1780 1779 1798 1826 1835 1821 1823 1822 1828 1807 1803 1799 1803 1788 1777 1767 1756 1753 1751 1757 1756 1749 1747 1752 1755 1763 1761 1759 1758 1757 1764 1775 1780 1775 1760 1745 1730 1724 1743 1747 1753 1758 1771 1784 1806 1839 1868 1861 1824 1779 1743 1735 1775 1810 1832 1854 1875 1889 1895 1898 1910 1921 1919 1918 1921 1931 1934 1937
1809 1814 1816 1815 1818 1823 1827 1822 1818 1823 1831 1823 1809 1792 1787 1786 1789 1814 1823 1830 1822 1823 1816 1809 1795 1797 1798 1792 1779 1777 1773 1774 1778 1773 1770 1760 1757 1756 1766 1765 1765 1761 1765 1771 1778 1783 1780 1769 1752 1733 1708 1717 1732 1742 1746 1750 1776 1808 1837 1855 1876 1858 1824 1786 1742 1741 1758 1781 1800 1823 1854 1874 1883 1895 1909 1918 1909 1899 1898 1906 1926 1923
1792 1799 1806 1813 1812 1812 1808 1806 1803 1807 1818 1822 1818 1814 1808 1802 1797 1793 1820 1825 1830 1809 1807 1793 1792 1787 1794 1785 1780 1776 1787 1789 1788 1785 1777 1768 1768 1770 1771 1776 1768 1770 1771 1781 1784 1779 1775 1762 1751 1733 1725 1722 1743 1746 1741 1753 1782 1824 1847 1850 1846 1827 1807 1782 1749 1731 1743 1757 1771 1804 1833 1856 1876 1893 1909 1919 1908 1899 1896 1910 1919 1911
1776 1772 1785 1800 1805 1803 1800 1794 1791 1790 1798 1806 1830 1831 1836 1832 1817 1798 1791 1807 1808 1798 1792 1800 1799 1796 1800 1796 1778 1782 1786 1790 1785 1786 1784 1779 1781 1780 1784 1781 1782 1776 1782 1781 1784 1776 1766 1764 1748 1743 1732 1741 1744 1745 1749 1758 1784 1819 1833 1826 1812 1799 1790 1777 1744 1742 1750 1763 1793 1819 1842 1867 1885 1898 1912 1912 1910 1900 1897 1909 1910 1899
1770 1768 1775 1792 1793 1796 1793 1791 1786 1781 1780 1788 1811 1832 1832 1838 1830 1809 1787 1786 1787 1788 1796 1804 1809 1803 1803 1793 1787 1783 1791 1781 1783 1777 1785 1786 1787 1789 1790 1790 1786 1790 1783 1784 1777 1773 1768 1759 1756 1739 1743 1736 1743 1745 1748 1756 1773 1809 1815 1810 1809 1794 1784 1766 1749 1750 1773 1794 1813 1835 1865 1882 1892 1899 1902 1909 1898 1891 1893 1901 1900 1885
1782 1772 1776 1786 1786 1782 1784 1779 1777 1771 1770 1773 1794 1800 1817 1810 1836 1818 1810 1791 1782 1778 1788 1801 1805 1793 1786 1782 1784 1791 1786 1780 1768 1774 1776 1785 1786 1791 1791 1789 1786 1786 1786 1780 1779 1775 1772 1766 1758 1750 1738 1743 1737 1742 1744 1746 1766 1786 1796 1786 1779 1779 1762 1743 1732 1763 1797 1811 1823 1841 1856 1869 1880 1893 1900 1892 1882 1866 1879 1888 1888 1877
1783 1774 1773 1783 1776 1773 1765 1759 1757 1754 1757 1763 1770 1781 1771 1795 1813 1831 1817 1809 1783 1776 1782 1792 1793 1788 1771 1769 1781 1786 1782 1771 1768 1760 1770 1774 1782 1788 1792 1790 1788 1788 1787 1787 1782 1779 1775 1761 1762 1751 1747 1735 1739 1732 1730 1733 1751 1778 1767 1750 1741 1746 1734 1725 1737 1779 1823 1839 1844 1846 1849 1853 1866 1889 1902 1894 1870 1858 1863 1881 1878 1873
1777 1767 1763 1772 1772 1763 1750 1745 1741 1739 1741 1748 1754 1748 1757 1771 1799 1815 1824 1816 1794 1783 1787 1784 1785 1778 1772 1763 1771 1779 1783 1773 1768 1762 1759 1768 1776 1786 1790 1792 1789 1789 1786 1783 1776 1771 1756 1749 1747 1748 1735 1729 1718 1718 1706 1705 1730 1754 1742 1715 1714 1723 1722 1727 1759 1804 1839 1858 1867 1871 1867 1866 1875 1893 1905 1900 1881 1859 1866 1874 1882 1873
1778 1776 1764 1766 1770 1762 1752 1743 1742 1736 1730 1729 1730 1730 1746 1753 1781 1791 1814 1813 1814 1796 1794 1787 1776 1780 1771 1766 1768 1774 1778 1777 1772 1768 1768 1771 1778 1784 1787 1788 1787 1783 1775 1770 1762 1747 1734 1723 1725 1716 1703 1687 1688 1682 1675 1664 1684 1719 1696 1692 1699 1715 1715 1744 1781 1819 1842 1852 1868 1881 1887 1890 1891 1903 1904 1901 1881 1864 1859 1870 1881 1881
1808 1794 1777 1768 1767 1766 1760 1755 1754 1749 1742 1730 1723 1722 1732 1752 1751 1770 1783 1803 1798 1808 1796 1783 1774 1773 1772 1767 1772 1776 1779 1773 1773 1773 1773 1776 1779 1780 1777 1775 1782 1772 1759 1744 1738 1724 1704 1697 1685 1670 1646 1631 1634 1644 1634 1618 1632 1646 1651 1659 1692 1706 1724 1750 1795 1813 1817 1814 1828 1851 1876 1890 1899 1901 1903 1897 1886 1870 1860 1861 1877 1882
1836 1822 1794 1775 1766 1760 1758 1753 1754 1761 1762 1757 1743 1730 1734 1726 1731 1744 1756 1761 1786 1794 1794 1783 1777 1771 1762 1764 1769 1775 1775 1772 1770 1769 1770 1770 1766 1760 1751 1752 1767 1769 1743 1733 1725 1710 1695 1687 1670 1639 1613 1597 1598 1612 1613 1599 1593 1601 1601 1643 1690 1710 1729 1762 1779 1787 1777 1768 1783 1817 1855 1883 1894 1900 1896 1892 1881 1871 1860 1858 1865 1874
1873 1854 1823 1811 1786 1759 1739 1736 1738 1758 1777 1783 1770 1751 1740 1723 1714 1724 1736 1738 1760 1783 1783 1781 1772 1766 1756 1747 1761 1767 1771 1768 1763 1753 1750 1746 1738 1730 1717 1735 1751 1759 1753 1738 1722 1712 1704 1696 1676 1651 1625 1608 1605 1611 1620 1611 1596 1589 1589 1629 1676 1700 1723 1736 1743 1741 1738 1749 1777 1812 1854 1883 1896 1897 1890 1877 1859 1855 1848 1846 1856 1863
1888 1866 1862 1852 1830 1779 1747 1730 1734 1755 1783 1786 1772 1754 1744 1725 1717 1728 1735 1737 1750 1775 1779 1775 1774 1767 1749 1744 1744 1754 1759 1752 1740 1722 1719 1719 1706 1706 1715 1722 1737 1738 1746 1740 1725 1716 1709 1706 1690 1664 1643 1633 1625 1632 1632 1626 1613 1595 1590 1614 1643 1667 1689 1698 1696 1697 1714 1741 1775 1810 1856 1886 1897 1899 1890 1876 1863 1857 1851 1848 1855 1861
1880 1871 1859 1865 1844 1809 1770 1748 1746 1775 1799 1793 1768 1745 1729 1728 1730 1745 1747 1738 1745 1769 1771 1772 1771 1761 1757 1739 1735 1742 1741 1729 1716 1698 1688 1686 1690 1697 1711 1721 1714 1715 1737 1742 1735 1726 1712 1693 1680 1666 1645 1643 1644 1650 1651 1635 1631 1626 1619 1622 1638 1651 1664 1669 1669 1676 1690 1713 1750 1790 1841 1879 1888 1893 1890 1882 1874 1873 1864 1857 1856 1857
