Data/tmin/PRISM_tmin_pr_1963-1995_normal_450mM1_10_asc.asc
ncols 557
nrows 164
xllcorner -67.31875000000
yllcorner 17.86875000000
cellsize 0.00416666667
NODATA_value -9999
[rows 0 to 35 of 164, columns 82 to 163 of 557]
-9999 -9999 -9999 -9999 -9999 -9999 -9999 -9999 -9999 -9999 -9999 -9999 -9999 -9999 -9999 -9999 -9999 -9999 -9999 -9999 -9999 -9999 -9999 -9999 -9999 -9999 -9999 -9999 -9999 -9999 -9999 -9999 -9999 -9999 -9999 -9999 -9999 -9999 -9999 -9999 -9999 -9999 -9999 -9999 -9999 -9999 -9999 -9999 -9999 -9999 -9999 -9999 -9999 -9999 -9999 -9999 -9999 -9999 -9999 -9999 -9999 -9999 -9999 -9999 -9999 -9999 -9999 -9999 -9999 -9999 -9999 -9999 -9999 -9999 -9999 -9999 -9999 -9999 -9999 -9999 -9999 -9999
-9999 -9999 -9999 -9999 -9999 -9999 -9999 -9999 -9999 -9999 -9999 -9999 -9999 -9999 -9999 -9999 -9999 -9999 -9999 -9999 -9999 -9999 -9999 -9999 -9999 -9999 -9999 -9999 -9999 -9999 -9999 -9999 -9999 -9999 -9999 -9999 -9999 -9999 -9999 -9999 -9999 -9999 -9999 -9999 -9999 -9999 -9999 -9999 -9999 -9999 -9999 -9999 -9999 -9999 -9999 -9999 -9999 -9999 -9999 -9999 -9999 -9999 -9999 -9999 -9999 -9999 -9999 -9999 -9999 -9999 -9999 -9999 -9999 -9999 -9999 -9999 -9999 -9999 -9999 -9999 -9999 -9999
-9999 -9999 -9999 -9999 -9999 -9999 -9999 -9999 -9999 -9999 -9999 -9999 -9999 -9999 -9999 -9999 -9999 -9999 -9999 -9999 -9999 -9999 -9999 -9999 -9999 -9999 -9999 -9999 -9999 -9999 -9999 -9999 -9999 -9999 -9999 -9999 -9999 -9999 -9999 -9999 -9999 -9999 -9999 -9999 -9999 -9999 -9999 -9999 -9999 -9999 -9999 -9999 -9999 -9999 -9999 -9999 -9999 -9999 -9999 -9999 -9999 -9999 -9999 -9999 -9999 -9999 -9999 -9999 -9999 -9999 -9999 -9999 -9999 -9999 -9999 -9999 -9999 -9999 -9999 -9999 -9999 -9999
-9999 -9999 -9999 -9999 -9999 -9999 -9999 -9999 -9999 -9999 -9999 -9999 -9999 -9999 -9999 -9999 -9999 -9999 -9999 -9999 -9999 -9999 -9999 -9999 -9999 -9999 -9999 -9999 -9999 -9999 -9999 -9999 -9999 -9999 -9999 -9999 -9999 -9999 -9999 -9999 -9999 -9999 -9999 -9999 -9999 -9999 -9999 -9999 -9999 -9999 -9999 -9999 -9999 -9999 -9999 -9999 -9999 -9999 -9999 -9999 -9999 -9999 -9999 -9999 -9999 -9999 -9999 -9999 -9999 -9999 -9999 -9999 -9999 -9999 -9999 -9999 -9999 -9999 -9999 -9999 -9999 -9999
-9999 -9999 -9999 -9999 -9999 -9999 -9999 -9999 -9999 -9999 -9999 -9999 -9999 -9999 -9999 -9999 -9999 -9999 -9999 -9999 -9999 -9999 -9999 -9999 -9999 -9999 -9999 -9999 -9999 -9999 -9999 -9999 -9999 -9999 -9999 -9999 -9999 -9999 -9999 -9999 -9999 -9999 -9999 -9999 -9999 -9999 -9999 -9999 -9999 -9999 -9999 -9999 -9999 -9999 -9999 -9999 -9999 -9999 -9999 -9999 -9999 -9999 -9999 -9999 -9999 -9999 -9999 -9999 -9999 -9999 -9999 -9999 -9999 -9999 -9999 -9999 -9999 -9999 -9999 -9999 -9999 -9999
-9999 -9999 -9999 -9999 -9999 -9999 -9999 -9999 -9999 -9999 -9999 -9999 -9999 -9999 -9999 -9999 -9999 -9999 -9999 -9999 -9999 -9999 -9999 -9999 -9999 -9999 -9999 -9999 -9999 -9999 -9999 -9999 -9999 -9999 -9999 -9999 -9999 -9999 -9999 -9999 -9999 -9999 -9999 -9999 -9999 -9999 -9999 -9999 -9999 -9999 -9999 -9999 -9999 -9999 -9999 -9999 -9999 -9999 -9999 -9999 -9999 -9999 -9999 -9999 -9999 -9999 -9999 -9999 -9999 -9999 -9999 -9999 -9999 -9999 -9999 -9999 -9999 -9999 -9999 -9999 -9999 -9999
-9999 -9999 -9999 -9999 -9999 -9999 -9999 -9999 -9999 -9999 -9999 -9999 -9999 -9999 -9999 -9999 -9999 -9999 -9999 -9999 -9999 -9999 -9999 -9999 -9999 -9999 -9999 -9999 -9999 -9999 -9999 -9999 -9999 -9999 -9999 -9999 -9999 -9999 -9999 -9999 -9999 -9999 -9999 -9999 -9999 -9999 -9999 -9999 -9999 -9999 -9999 -9999 -9999 -9999 -9999 -9999 -9999 -9999 -9999 -9999 -9999 -9999 -9999 -9999 -9999 -9999 -9999 -9999 -9999 -9999 -9999 -9999 -9999 -9999 -9999 -9999 -9999 -9999 -9999 -9999 -9999 -9999
-9999 -9999 -9999 -9999 -9999 -9999 -9999 -9999 -9999 -9999 -9999 -9999 -9999 -9999 -9999 -9999 -9999 -9999 -9999 -9999 -9999 -9999 -9999 -9999 -9999 -9999 -9999 -9999 -9999 -9999 -9999 -9999 -9999 -9999 -9999 -9999 -9999 -9999 -9999 -9999 -9999 -9999 -9999 -9999 -9999 -9999 -9999 -9999 -9999 -9999 -9999 -9999 -9999 -9999 -9999 -9999 -9999 -9999 -9999 -9999 -9999 -9999 -9999 -9999 -9999 -9999 -9999 -9999 -9999 -9999 -9999 -9999 -9999 -9999 -9999 -9999 -9999 -9999 -9999 -9999 -9999 -9999
-9999 -9999 -9999 -9999 -9999 -9999 -9999 -9999 -9999 -9999 -9999 -9999 -9999 -9999 -9999 -9999 -9999 -9999 -9999 -9999 -9999 -9999 -9999 -9999 -9999 -9999 -9999 -9999 -9999 -9999 -9999 -9999 -9999 -9999 -9999 -9999 -9999 -9999 -9999 -9999 -9999 -9999 -9999 -9999 -9999 -9999 -9999 -9999 -9999 -9999 -9999 -9999 -9999 -9999 -9999 -9999 -9999 -9999 -9999 -9999 -9999 -9999 -9999 -9999 -9999 -9999 -9999 -9999 -9999 -9999 -9999 -9999 -9999 -9999 -9999 -9999 -9999 -9999 -9999 -9999 -9999 -9999
-9999 -9999 -9999 -9999 -9999 -9999 -9999 -9999 -9999 -9999 -9999 -9999 -9999 -9999 -9999 -9999 -9999 -9999 -9999 -9999 -9999 -9999 -9999 -9999 -9999 -9999 -9999 -9999 -9999 -9999 -9999 -9999 -9999 -9999 -9999 -9999 -9999 -9999 -9999 -9999 -9999 -9999 -9999 -9999 -9999 -9999 -9999 -9999 -9999 -9999 -9999 -9999 -9999 -9999 -9999 -9999 -9999 -9999 -9999 -9999 -9999 -9999 -9999 -9999 -9999 -9999 -9999 -9999 -9999 -9999 -9999 -9999 -9999 -9999 -9999 -9999 -9999 -9999 -9999 -9999 -9999 -9999
-9999 -9999 -9999 -9999 -9999 -9999 -9999 -9999 -9999 -9999 -9999 -9999 -9999 -9999 -9999 -9999 -9999 -9999 -9999 -9999 -9999 -9999 -9999 -9999 -9999 -9999 -9999 -9999 -9999 -9999 -9999 -9999 -9999 -9999 -9999 -9999 -9999 -9999 -9999 -9999 -9999 -9999 -9999 -9999 -9999 -9999 -9999 -9999 -9999 -9999 -9999 -9999 -9999 -9999 -9999 -9999 -9999 -9999 -9999 -9999 -9999 -9999 -9999 -9999 -9999 -9999 -9999 -9999 -9999 -9999 -9999 -9999 -9999 -9999 -9999 -9999 -9999 -9999 -9999 -9999 -9999 -9999
2195 2191 2192 2188 -9999 -9999 2182 2181 2175 2169 -9999 -9999 -9999 -9999 -9999 -9999 -9999 -9999 -9999 -9999 -9999 -9999 -9999 -9999 -9999 2130 2129 2127 2125 2121 2118 2119 -9999 -9999 -9999 -9999 -9999 2100 2098 2094 2093 2091 2090 2090 2089 2088 2087 2087 -9999 -9999 -9999 -9999 -9999 -9999 -9999 -9999 -9999 -9999 -9999 -9999 -9999 -9999 -9999 -9999 -9999 -9999 -9999 -9999 -9999 -9999 -9999 -9999 -9999 -9999 -9999 -9999 -9999 -9999 -9999 -9999 2096 2097
2206 2204 2199 2200 2200 2197 2189 2184 2182 2177 2177 2179 2178 2177 2177 -9999 -9999 -9999 -9999 2158 2153 2150 2147 2143 2139 2135 2133 2131 2127 2125 2123 2122 2123 2119 2117 2114 2111 2106 2102 2099 2095 2094 2092 2092 2091 2090 2089 2089 2090 2091 -9999 -9999 -9999 -9999 -9999 -9999 -9999 -9999 -9999 -9999 -9999 -9999 -9999 -9999 -9999 -9999 -9999 -9999 -9999 -9999 -9999 -9999 2093 2093 2094 2095 2096 2097 2097 2098 2098 2100
2206 2202 2199 2194 2201 2199 2189 2188 2189 2185 2187 2183 2181 2181 2184 2188 2190 2184 2178 2168 2164 2159 2154 2151 2147 2143 2141 2137 2134 2130 2126 2124 2120 2117 2114 2112 2109 2108 2106 2102 2101 2100 2099 2098 2097 2096 2096 2096 2095 2095 2097 2096 -9999 -9999 -9999 -9999 -9999 -9999 -9999 -9999 -9999 -9999 -9999 -9999 -9999 -9999 2090 -9999 -9999 -9999 2091 2091 2092 2092 2092 2093 2094 2095 2096 2097 2099 2100
2186 2183 2177 2182 2191 2188 2175 2168 2169 2178 2182 2185 2186 2189 2189 2192 2187 2183 2176 2170 2165 2159 2155 2151 2147 2143 2140 2137 2133 2130 2124 2120 2116 2114 2112 2110 2108 2107 2106 2105 2104 2103 2102 2101 2100 2099 2098 2098 2098 2097 2096 2095 2094 2093 -9999 -9999 -9999 -9999 -9999 -9999 -9999 -9999 -9999 -9999 -9999 2089 2090 2089 -9999 2089 2090 2090 2091 2091 2091 2092 2093 2094 2095 2096 2098 2100
2161 2157 2157 2165 2176 2173 2159 2143 2144 2149 2158 2163 2169 2175 2184 2184 2183 2178 2171 2166 2159 2153 2149 2146 2144 2141 2138 2135 2132 2128 2123 2118 2115 2111 2109 2108 2107 2108 2107 2107 2107 2106 2104 2104 2102 2101 2100 2100 2099 2098 2095 2094 2092 2091 2089 2088 2089 2090 2090 2091 2090 2089 2089 2088 2088 2088 2088 2088 2087 2088 2089 2090 2091 2091 2091 2092 2092 2094 2095 2096 2097 2099
2145 2144 2147 2154 2162 2167 2147 2138 2131 2133 2136 2139 2145 2156 2160 2166 2167 2167 2163 2158 2154 2149 2146 2143 2141 2138 2136 2133 2130 2127 2124 2120 2116 2112 2110 2108 2108 2108 2109 2109 2109 2108 2107 2106 2104 2103 2102 2101 2101 2099 2097 2094 2093 2090 2088 2087 2086 2087 2087 2088 2089 2088 2088 2087 2087 2087 2087 2086 2085 2087 2088 2090 2089 2089 2089 2090 2091 2092 2094 2095 2095 2097
2142 2143 2148 2157 2164 2158 2151 2133 2132 2130 2130 2132 2135 2138 2143 2144 2152 2153 2151 2148 2145 2142 2139 2136 2135 2133 2132 2131 2128 2127 2124 2121 2117 2114 2112 2111 2110 2109 2109 2109 2109 2109 2108 2106 2105 2103 2102 2102 2102 2102 2100 2099 2096 2093 2091 2088 2087 2086 2085 2087 2087 2088 2088 2086 2086 2086 2086 2085 2085 2085 2089 2086 2087 2087 2087 2089 2090 2092 2093 2093 2094 2095
2146 2148 2157 2164 2160 2158 2141 2134 2131 2131 2131 2132 2135 2137 2138 2139 2142 2147 2141 2138 2136 2135 2133 2132 2132 2131 2130 2129 2127 2125 2124 2121 2117 2115 2113 2110 2110 2109 2109 2110 2109 2109 2109 2107 2105 2104 2103 2102 2103 2102 2101 2100 2099 2099 2097 2098 2095 2092 2090 2088 2088 2088 2088 2087 2086 2084 2084 2084 2084 2090 2089 2089 2085 2087 2087 2088 2091 2093 2093 2094 2094 2095
2144 2145 2146 2146 2145 2138 2133 2129 2129 2128 2129 2131 2132 2135 2135 2133 2137 2137 2137 2134 2132 2131 2131 2130 2130 2129 2129 2128 2126 2125 2123 2121 2118 2115 2111 2110 2109 2110 2111 2111 2111 2111 2110 2108 2106 2103 2101 2101 2101 2101 2100 2100 2099 2099 2101 2102 2101 2099 2095 2091 2086 2085 2085 2084 2084 2083 2082 2082 2085 2091 2096 2091 2088 2087 2087 2087 2089 2090 2092 2092 2093 2095
2131 2130 2128 2136 2132 2133 2128 2126 2125 2126 2127 2128 2128 2129 2129 2128 2127 2132 2131 2131 2130 2129 2128 2128 2128 2128 2128 2127 2126 2125 2124 2123 2120 2117 2113 2111 2111 2111 2112 2112 2112 2112 2111 2109 2106 2103 2101 2101 2101 2101 2100 2100 2099 2098 2098 2100 2101 2098 2094 2089 2084 2082 2082 2082 2082 2082 2082 2082 2085 2090 2095 2093 2087 2085 2086 2087 2088 2089 2091 2092 2093 2096
2120 2121 2127 2126 2131 2126 2123 2121 2121 2124 2126 2126 2124 2124 2124 2123 2124 2125 2129 2129 2129 2129 2128 2127 2127 2127 2127 2127 2126 2125 2124 2122 2120 2118 2114 2112 2111 2113 2113 2113 2113 2112 2111 2110 2107 2104 2102 2102 2103 2103 2103 2102 2100 2099 2098 2098 2097 2096 2092 2089 2083 2083 2083 2082 2082 2082 2083 2082 2082 2087 2092 2093 2088 2085 2086 2087 2088 2090 2092 2092 2094 2097
2118 2122 2124 2128 2123 2122 2120 2119 2121 2124 2127 2126 2125 2125 2125 2124 2121 2124 2127 2127 2128 2128 2128 2127 2127 2127 2127 2126 2125 2125 2123 2121 2119 2117 2114 2111 2109 2110 2112 2112 2111 2111 2110 2109 2107 2104 2102 2102 2103 2104 2104 2103 2102 2100 2099 2098 2097 2098 2097 2093 2087 2084 2084 2083 2082 2082 2083 2083 2082 2085 2090 2093 2089 2088 2087 2088 2090 2091 2092 2093 2094 2095
2113 2115 2122 2124 2119 2119 2118 2119 2121 2124 2126 2126 2125 2126 2126 2124 2122 2122 2123 2125 2124 2126 2125 2127 2125 2124 2124 2123 2123 2122 2121 2121 2119 2117 2114 2110 2107 2109 2109 2109 2109 2109 2108 2107 2105 2103 2101 2100 2101 2102 2102 2102 2102 2102 2101 2100 2101 2101 2102 2098 2089 2085 2084 2083 2083 2083 2084 2084 2083 2083 2086 2086 2087 2087 2088 2089 2090 2091 2092 2092 2094 2094
2110 2113 2123 2122 2126 2119 2119 2118 2119 2121 2121 2121 2121 2121 2121 2121 2119 2119 2120 2119 2120 2119 2121 2121 2120 2117 2116 2114 2114 2114 2116 2116 2117 2114 2112 2111 2109 2110 2109 2108 2108 2107 2107 2105 2103 2101 2099 2099 2099 2100 2100 2100 2101 2102 2102 2103 2104 2105 2103 2100 2092 2086 2085 2084 2083 2083 2084 2084 2084 2085 2085 2085 2086 2087 2088 2089 2090 2090 2091 2091 2092 2092
2109 2111 2114 2120 2120 2119 2112 2111 2114 2118 2119 2119 2119 2119 2118 2118 2117 2117 2116 2116 2115 2113 2113 2116 2114 2113 2112 2110 2109 2109 2107 2109 2107 2110 2111 2111 2112 2110 2109 2107 2105 2104 2107 2105 2103 2100 2099 2098 2098 2099 2099 2098 2099 2099 2101 2102 2104 2104 2103 2101 2093 2088 2085 2085 2083 2084 2084 2085 2084 2085 2087 2086 2088 2088 2089 2090 2090 2090 2090 2090 2090 2090
2110 2112 2113 2115 2119 2115 2104 2100 2102 2109 2114 2115 2114 2113 2113 2112 2114 2113 2114 2113 2112 2111 2110 2111 2111 2110 2109 2108 2106 2105 2104 2101 2105 2107 2109 2110 2106 2107 2101 2099 2097 2098 2100 2102 2103 2096 2094 2093 2095 2096 2096 2095 2094 2094 2095 2096 2096 2100 2098 2098 2092 2086 2085 2085 2084 2084 2084 2085 2085 2085 2087 2089 2090 2091 2090 2091 2090 2089 2088 2087 2087 2088
2110 2110 2115 2111 2115 2110 2102 2101 2100 2098 2099 2099 2098 2097 2096 2098 2100 2105 2105 2108 2110 2108 2107 2106 2105 2103 2103 2100 2099 2094 2095 2094 2094 2096 2099 2099 2102 2099 2097 2094 2091 2088 2090 2092 2089 2085 2079 2080 2084 2085 2083 2083 2081 2080 2080 2077 2080 2086 2090 2093 2090 2085 2085 2085 2084 2084 2085 2086 2085 2086 2087 2089 2089 2089 2089 2089 2088 2086 2085 2083 2082 2082
2100 2106 2106 2106 2102 2102 2103 2107 2103 2096 2091 2090 2089 2086 2084 2084 2086 2087 2092 2094 2099 2101 2100 2097 2095 2092 2090 2089 2082 2081 2080 2083 2083 2084 2086 2091 2095 2090 2086 2086 2086 2085 2083 2081 2081 2074 2071 2070 2072 2071 2068 2066 2065 2065 2061 2059 2058 2067 2074 2083 2084 2084 2085 2085 2085 2085 2085 2086 2086 2086 2087 2087 2087 2086 2087 2086 2084 2081 2079 2078 2076 2077
2098 2098 2101 2097 2097 2096 2093 2096 2094 2085 2084 2084 2082 2079 2076 2072 2072 2073 2072 2076 2078 2083 2083 2081 2079 2077 2075 2068 2066 2060 2063 2063 2066 2065 2075 2080 2088 2080 2075 2077 2079 2078 2077 2075 2073 2070 2065 2060 2059 2053 2049 2047 2047 2043 2043 2041 2042 2049 2054 2063 2067 2071 2078 2085 2085 2085 2085 2085 2084 2085 2084 2084 2081 2081 2080 2080 2076 2073 2072 2070 2069 2069
2099 2098 2097 2095 2095 2093 2089 2088 2085 2090 2084 2081 2080 2076 2072 2070 2067 2066 2064 2061 2061 2061 2064 2060 2062 2064 2057 2052 2044 2042 2040 2038 2039 2048 2052 2063 2074 2067 2063 2065 2064 2063 2062 2064 2065 2060 2055 2049 2044 2040 2035 2033 2030 2028 2025 2027 2028 2031 2037 2041 2044 2051 2064 2080 2083 2083 2084 2083 2083 2083 2081 2077 2071 2068 2067 2063 2059 2059 2061 2060 2056 2056
2101 2099 2096 2094 2091 2088 2084 2083 2089 2093 2084 2077 2072 2070 2067 2063 2061 2060 2057 2052 2047 2047 2044 2041 2045 2049 2044 2034 2024 2021 2016 2013 2022 2027 2038 2042 2055 2059 2052 2050 2049 2046 2047 2047 2048 2042 2036 2034 2032 2031 2031 2028 2026 2020 2019 2019 2018 2019 2020 2021 2027 2034 2051 2072 2082 2082 2082 2082 2082 2082 2078 2061 2054 2048 2043 2038 2036 2039 2045 2044 2040 2037
2101 2096 2092 2086 2085 2082 2079 2080 2084 2086 2076 2065 2062 2057 2054 2050 2048 2045 2041 2036 2030 2029 2024 2020 2024 2027 2023 2014 2009 1999 1996 1995 2002 2013 2016 2026 2042 2046 2042 2033 2030 2030 2028 2029 2026 2020 2017 2015 2014 2014 2018 2017 2011 2011 2009 2010 2013 2010 2014 2015 2020 2029 2049 2058 2065 2077 2082 2082 2082 2081 2070 2047 2028 2024 2018 2014 2015 2020 2027 2030 2027 2026
2095 2086 2077 2076 2070 2072 2075 2075 2073 2072 2061 2056 2049 2043 2036 2034 2030 2026 2019 2014 2010 2003 2004 2001 2005 2009 2000 1997 1988 1986 1982 1984 1990 1995 2005 2008 2021 2034 2022 2011 2011 2010 2011 2009 2005 2000 1999 1998 1992 1995 1999 1998 2002 1994 1995 1997 1996 2003 2009 2013 2015 2026 2027 2029 2031 2047 2071 2079 2079 2080 2064 2029 2015 2005 2000 2000 2003 2010 2014 2019 2019 2017
2076 2068 2064 2058 2056 2061 2073 2070 2057 2048 2042 2037 2029 2022 2015 2009 2009 2003 1996 1992 1987 1983 1977 1983 1989 1988 1980 1974 1969 1966 1964 1968 1979 1986 1984 1996 2005 2016 2014 2000 1989 1992 1993 1992 1987 1981 1980 1976 1973 1974 1978 1983 1985 1984 1978 1976 1979 1985 2001 2008 2004 2003 2011 1995 1996 2018 2040 2062 2073 2072 2052 2016 1999 1996 1994 1994 1999 2002 2005 2009 2010 2014
2061 2056 2052 2049 2040 2052 2070 2067 2051 2038 2032 2024 2018 2006 1995 1994 1989 1984 1979 1976 1970 1961 1957 1961 1966 1965 1960 1953 1947 1946 1952 1960 1972 1977 1975 1973 1984 2002 2007 1988 1981 1977 1978 1974 1966 1958 1956 1954 1953 1956 1957 1965 1967 1962 1959 1956 1955 1966 1986 1987 1982 1980 1978 1977 1979 1991 2014 2038 2064 2067 2042 2000 1987 1988 1989 1994 1992 1996 1997 2003 2007 2008
