Data/tmin/PRISM_tmin_pr_1963-1995_normal_450mM1_05_asc.asc
ncols 557
nrows 164
xllcorner -67.31875000000
yllcorner 17.86875000000
cellsize 0.00416666667
NODATA_value -9999
[rows 108 to 143 of 164, columns 0 to 81 of 557]
-9999 -9999 -9999 -9999 -9999 -9999 -9999 -9999 -9999 -9999 -9999 -9999 -9999 -9999 -9999 -9999 -9999 -9999 -9999 -9999 -9999 -9999 -9999 -9999 -9999 -9999 -9999 2074 2075 2071 2065 2058 2047 2035 2016 1999 1983 1971 1969 1969 1968 1966 1964 1961 1959 1958 1957 1955 1954 1953 1952 1952 1952 1952 1952 1948 1946 1945 1943 1943 1944 1944 1945 1944 1942 1943 1942 1945 1938 1928 1917 1911 1907 1908 1905 1908 1910 1907 1894 1892 1898 1911
-9999 -9999 -9999 -9999 -9999 -9999 -9999 -9999 -9999 -9999 -9999 -9999 -9999 -9999 -9999 -9999 -9999 -9999 -9999 -9999 -9999 -9999 -9999 -9999 -9999 -9999 2075 2076 2073 2069 2062 2054 2045 2031 2014 1996 1981 1971 1968 1964 1964 1963 1962 1960 1959 1958 1957 1956 1955 1954 1953 1952 1952 1952 1950 1945 1940 1941 1941 1941 1942 1942 1939 1934 1933 1940 1946 1944 1940 1935 1926 1922 1921 1915 1912 1915 1920 1907 1900 1896 1907 1918
-9999 -9999 -9999 -9999 -9999 -9999 -9999 -9999 -9999 -9999 -9999 -9999 -9999 -9999 -9999 -9999 -9999 -9999 -9999 -9999 -9999 -9999 -9999 -9999 -9999 -9999 -9999 2077 2074 2068 2061 2053 2039 2027 2011 1994 1982 1970 1966 1962 1960 1962 1960 1958 1956 1955 1955 1956 1956 1954 1951 1949 1949 1948 1945 1939 1936 1937 1938 1939 1940 1937 1931 1924 1924 1934 1945 1945 1943 1940 1938 1935 1927 1920 1917 1925 1925 1918 1910 1914 1916 1928
-9999 -9999 -9999 -9999 -9999 -9999 -9999 -9999 -9999 -9999 -9999 -9999 -9999 -9999 -9999 -9999 -9999 -9999 -9999 -9999 -9999 -9999 -9999 -9999 -9999 -9999 2081 2080 2076 2070 2061 2046 2033 2016 2004 1993 1980 1971 1965 1961 1960 1960 1958 1956 1954 1952 1952 1953 1953 1950 1944 1939 1928 1926 1931 1926 1924 1926 1931 1935 1937 1939 1933 1929 1928 1936 1944 1947 1946 1947 1945 1940 1935 1927 1928 1935 1933 1929 1930 1929 1931 1937
-9999 -9999 -9999 -9999 -9999 -9999 -9999 -9999 -9999 -9999 -9999 -9999 -9999 -9999 -9999 -9999 -9999 -9999 -9999 -9999 -9999 -9999 -9999 -9999 -9999 2084 2083 2082 2079 2072 2057 2041 2023 2013 2002 1992 1984 1973 1967 1963 1960 1957 1955 1954 1950 1945 1939 1933 1937 1927 1927 1915 1896 1886 1891 1895 1892 1898 1911 1922 1928 1932 1936 1928 1930 1931 1939 1945 1949 1949 1950 1951 1946 1946 1945 1946 1941 1941 1945 1943 1942 1944
-9999 -9999 -9999 -9999 -9999 -9999 -9999 -9999 -9999 -9999 -9999 -9999 -9999 -9999 -9999 -9999 -9999 -9999 -9999 -9999 -9999 -9999 -9999 -9999 -9999 2085 2085 2084 2082 2074 2059 2041 2028 2016 2007 1997 1986 1975 1968 1964 1961 1957 1955 1951 1939 1932 1907 1903 1895 1899 1905 1901 1868 1847 1851 1853 1857 1867 1889 1902 1908 1923 1927 1926 1921 1921 1926 1928 1945 1946 1950 1953 1956 1956 1956 1953 1949 1951 1953 1952 1952 1950
-9999 -9999 -9999 -9999 -9999 -9999 -9999 -9999 -9999 -9999 -9999 -9999 -9999 -9999 -9999 -9999 -9999 -9999 -9999 -9999 -9999 -9999 -9999 -9999 -9999 -9999 2087 2089 2086 2077 2061 2045 2031 2021 2009 1998 1986 1976 1968 1964 1960 1958 1955 1942 1929 1912 1900 1882 1888 1889 1907 1899 1870 1848 1846 1854 1858 1868 1882 1888 1893 1910 1925 1923 1925 1922 1914 1919 1929 1936 1940 1944 1954 1957 1960 1960 1958 1959 1959 1958 1957 1957
-9999 -9999 -9999 -9999 -9999 -9999 -9999 -9999 -9999 -9999 -9999 -9999 -9999 -9999 -9999 -9999 -9999 -9999 -9999 -9999 -9999 -9999 -9999 -9999 -9999 -9999 -9999 2095 2091 2079 2062 2044 2030 2017 2005 1992 1985 1977 1972 1965 1960 1957 1950 1934 1916 1916 1905 1901 1896 1900 1907 1897 1872 1865 1863 1867 1871 1877 1889 1891 1894 1905 1916 1919 1923 1927 1925 1919 1930 1929 1927 1929 1940 1950 1953 1962 1963 1965 1963 1962 1959 1960
-9999 -9999 -9999 -9999 -9999 -9999 -9999 -9999 -9999 -9999 -9999 -9999 -9999 -9999 -9999 -9999 -9999 -9999 -9999 -9999 -9999 -9999 -9999 -9999 -9999 -9999 2100 2098 2092 2078 2059 2042 2024 2010 1996 1984 1980 1975 1976 1971 1963 1958 1950 1936 1926 1928 1926 1918 1911 1911 1918 1903 1899 1891 1889 1885 1889 1896 1904 1906 1907 1914 1918 1922 1927 1926 1925 1924 1928 1924 1925 1925 1930 1937 1938 1945 1961 1964 1963 1958 1953 1955
-9999 -9999 -9999 -9999 -9999 -9999 -9999 -9999 -9999 -9999 -9999 -9999 -9999 -9999 -9999 -9999 -9999 -9999 -9999 -9999 -9999 -9999 -9999 -9999 -9999 2105 2104 2100 2089 2071 2055 2037 2022 2007 1993 1984 1974 1972 1970 1972 1968 1963 1958 1950 1946 1944 1941 1933 1924 1929 1933 1930 1924 1921 1910 1909 1915 1921 1927 1929 1929 1931 1937 1938 1935 1935 1935 1932 1930 1930 1930 1925 1929 1921 1919 1928 1945 1958 1957 1950 1945 1952
-9999 -9999 -9999 -9999 -9999 -9999 -9999 -9999 -9999 -9999 -9999 -9999 -9999 -9999 -9999 -9999 -9999 -9999 -9999 -9999 -9999 -9999 -9999 -9999 -9999 2108 2106 2100 2085 2068 2051 2038 2023 2012 2002 1990 1984 1974 1974 1972 1969 1966 1960 1957 1954 1955 1951 1946 1944 1945 1953 1949 1950 1945 1936 1937 1942 1947 1950 1953 1955 1956 1956 1955 1952 1949 1951 1951 1951 1950 1947 1946 1936 1933 1924 1926 1942 1945 1948 1946 1950 1960
-9999 -9999 -9999 -9999 -9999 -9999 -9999 -9999 -9999 -9999 -9999 -9999 -9999 -9999 -9999 -9999 -9999 -9999 -9999 -9999 -9999 -9999 -9999 -9999 -9999 2109 2109 2101 2088 2073 2058 2043 2031 2020 2007 1999 1993 1987 1987 1985 1983 1974 1970 1966 1966 1966 1967 1964 1962 1965 1964 1968 1972 1966 1964 1964 1970 1970 1972 1975 1978 1979 1978 1974 1971 1971 1970 1968 1970 1969 1969 1966 1967 1962 1960 1958 1953 1959 1961 1966 1972 1980
-9999 -9999 -9999 -9999 -9999 -9999 -9999 -9999 -9999 -9999 -9999 -9999 -9999 -9999 -9999 -9999 -9999 -9999 -9999 -9999 -9999 -9999 -9999 -9999 -9999 -9999 2110 2104 2092 2082 2066 2050 2036 2025 2016 2007 2003 2003 2002 2001 1995 1989 1984 1980 1979 1979 1979 1979 1979 1980 1982 1983 1987 1983 1984 1989 1992 1992 1992 1993 1996 1996 1993 1990 1990 1990 1989 1986 1983 1984 1984 1990 1991 1989 1989 1982 1984 1981 1989 1992 1999 2002
-9999 -9999 -9999 -9999 -9999 -9999 -9999 -9999 -9999 -9999 -9999 -9999 -9999 -9999 -9999 -9999 -9999 -9999 -9999 -9999 -9999 -9999 -9999 -9999 -9999 2115 2113 2104 2097 2088 2077 2061 2048 2036 2026 2020 2016 2014 2016 2009 2004 1998 1995 1993 1989 1991 1993 1990 1994 1996 1996 1997 1994 1990 1994 1998 2000 2003 2002 2004 2006 2008 2006 2004 2005 2007 2005 2001 1999 1999 2002 2005 2008 2008 2007 2002 2000 2005 2009 2010 2014 2020
-9999 -9999 -9999 -9999 -9999 -9999 -9999 -9999 -9999 -9999 -9999 -9999 -9999 -9999 -9999 -9999 -9999 -9999 -9999 -9999 -9999 -9999 -9999 -9999 2119 2118 2113 2109 2100 2097 2087 2078 2064 2053 2043 2034 2027 2027 2024 2018 2011 2007 2006 2003 2004 2001 2004 2002 2005 2008 2009 2008 2005 2000 2004 2004 2005 2007 2011 2011 2014 2016 2017 2018 2018 2019 2020 2016 2015 2014 2016 2018 2020 2021 2016 2013 2010 2015 2021 2024 2028 2032
-9999 -9999 -9999 -9999 -9999 -9999 -9999 -9999 -9999 -9999 -9999 -9999 -9999 -9999 -9999 -9999 -9999 -9999 -9999 -9999 -9999 -9999 -9999 2123 2122 2119 2119 2115 2112 2107 2101 2092 2083 2069 2058 2044 2039 2037 2035 2029 2024 2019 2015 2014 2013 2013 2013 2013 2014 2017 2017 2016 2013 2012 2013 2012 2011 2015 2016 2018 2021 2023 2029 2028 2030 2036 2036 2036 2033 2030 2029 2027 2029 2030 2030 2023 2025 2029 2033 2036 2038 2041
-9999 -9999 -9999 -9999 -9999 -9999 -9999 -9999 -9999 -9999 -9999 -9999 -9999 -9999 -9999 -9999 -9999 -9999 -9999 -9999 -9999 -9999 -9999 -9999 2124 2125 2124 2124 2122 2118 2112 2106 2096 2083 2067 2056 2049 2047 2044 2039 2031 2026 2021 2020 2021 2021 2021 2022 2023 2024 2024 2022 2020 2018 2019 2018 2018 2019 2020 2026 2031 2035 2043 2045 2048 2054 2059 2057 2055 2051 2046 2041 2041 2041 2041 2042 2044 2047 2050 2050 2051 2053
-9999 -9999 -9999 -9999 -9999 -9999 -9999 -9999 -9999 -9999 -9999 -9999 -9999 -9999 -9999 -9999 -9999 -9999 -9999 -9999 -9999 -9999 -9999 -9999 -9999 2128 2130 2129 2128 2125 2120 2114 2106 2092 2077 2064 2061 2057 2051 2041 2032 2025 2023 2024 2028 2029 2030 2030 2031 2030 2030 2028 2026 2024 2023 2023 2022 2023 2028 2037 2046 2052 2060 2066 2069 2072 2075 2077 2074 2070 2068 2059 2054 2055 2055 2058 2060 2063 2063 2065 2064 2065
-9999 -9999 -9999 -9999 -9999 -9999 -9999 -9999 -9999 -9999 -9999 -9999 -9999 -9999 -9999 -9999 -9999 -9999 -9999 -9999 -9999 -9999 -9999 -9999 -9999 -9999 2132 2133 2132 2129 2125 2118 2110 2099 2083 2074 2071 2066 2056 2046 2035 2031 2029 2031 2034 2035 2036 2036 2036 2036 2035 2034 2032 2030 2029 2028 2028 2030 2037 2049 2060 2067 2076 2083 2086 2084 2086 2089 2085 2083 2081 2074 2069 2067 2067 2068 2070 2072 2072 2073 2073 2074
-9999 -9999 -9999 -9999 -9999 -9999 -9999 -9999 -9999 -9999 -9999 -9999 -9999 -9999 -9999 -9999 -9999 -9999 -9999 -9999 -9999 -9999 -9999 -9999 -9999 -9999 -9999 -9999 -9999 -9999 2127 2121 2113 2102 2089 2081 2079 2074 2064 2052 2043 2039 2038 2038 2039 2040 2041 2042 2042 2041 2041 2040 2039 2037 2036 2036 2037 2045 2052 2062 2075 2084 2092 2102 2105 2099 2101 2103 2100 2094 2094 2087 2082 2079 2077 2077 2078 2079 2079 2079 2080 2079
-9999 -9999 -9999 -9999 -9999 -9999 -9999 -9999 -9999 -9999 -9999 -9999 -9999 -9999 -9999 -9999 -9999 -9999 -9999 -9999 -9999 -9999 -9999 -9999 -9999 -9999 -9999 -9999 -9999 -9999 2130 2124 2116 2105 2094 2088 2086 2082 2070 2059 2049 2044 2042 2042 2043 2044 2047 2046 2046 2047 2047 2047 2047 2047 2046 2047 2051 2061 2074 2080 2090 2102 2112 2121 2124 2120 2116 2118 2115 2112 2109 2103 2098 2093 2089 2086 2085 2085 2086 2087 2087 2088
-9999 -9999 -9999 -9999 -9999 -9999 -9999 -9999 -9999 -9999 -9999 -9999 -9999 -9999 -9999 -9999 -9999 -9999 -9999 -9999 -9999 -9999 -9999 -9999 -9999 -9999 -9999 2142 2141 2140 2135 2128 2119 2110 2102 2098 2096 2090 2077 2064 2055 2048 2045 2044 2044 2046 2046 2045 2046 2047 2050 2054 2056 2058 2058 2061 2067 2080 2093 2099 2109 2123 2129 2137 2143 2140 2137 2133 2134 2132 2127 2121 2115 2108 2102 2098 2094 2093 2092 2093 2094 2094
-9999 -9999 -9999 -9999 -9999 -9999 -9999 -9999 -9999 -9999 -9999 -9999 -9999 -9999 -9999 -9999 -9999 -9999 -9999 -9999 -9999 -9999 -9999 -9999 -9999 -9999 2142 2142 2141 2140 2135 2129 2121 2116 2112 2109 2106 2098 2084 2071 2060 2053 2049 2045 2043 2041 2034 2027 2030 2034 2041 2055 2065 2069 2072 2080 2090 2105 2114 2121 2129 2139 2146 2150 2158 2161 2156 2152 2154 2152 2147 2141 2133 2125 2118 2112 2106 2102 2100 2099 2100 2101
-9999 -9999 -9999 -9999 -9999 -9999 -9999 -9999 -9999 -9999 -9999 -9999 -9999 -9999 -9999 -9999 -9999 -9999 -9999 -9999 -9999 -9999 -9999 -9999 -9999 2145 2143 2141 2139 2133 2127 2121 2114 2112 2115 2114 2110 2100 2087 2076 2065 2058 2052 2048 2041 2034 2018 2004 2006 2010 2028 2052 2071 2083 2090 2102 2117 2127 2139 2141 2149 2159 2166 2170 2176 2183 2178 2174 2175 2173 2167 2163 2156 2145 2138 2130 2123 2115 2110 2107 2106 2108
-9999 -9999 -9999 -9999 -9999 -9999 -9999 -9999 -9999 -9999 -9999 -9999 -9999 -9999 -9999 -9999 -9999 -9999 -9999 -9999 -9999 -9999 -9999 -9999 2145 2145 2138 2135 2125 2117 2107 2101 2100 2102 2107 2109 2105 2097 2087 2077 2070 2063 2058 2048 2042 2038 2021 2011 2010 2018 2034 2061 2080 2096 2108 2126 2140 2153 2160 2165 2171 2180 2189 2193 2198 2204 2204 2197 2195 2195 2189 2186 2175 2167 2154 2149 2140 2131 2123 2119 2115 2115
-9999 -9999 -9999 -9999 -9999 -9999 -9999 -9999 -9999 -9999 -9999 -9999 -9999 -9999 -9999 -9999 -9999 -9999 -9999 -9999 -9999 -9999 -9999 2146 2146 2137 2129 2117 2113 2101 2099 2100 2101 2103 2106 2103 2102 2095 2086 2083 2078 2070 2059 2050 2048 2042 2040 2035 2040 2043 2061 2083 2101 2118 2134 2150 2164 2176 2186 2191 2194 2202 2212 2216 2222 2227 2225 2217 2213 2208 2209 2202 2195 2178 2166 2160 2151 2141 2135 2127 2120 2115
-9999 -9999 -9999 -9999 -9999 -9999 -9999 -9999 -9999 -9999 -9999 -9999 -9999 -9999 -9999 -9999 -9999 -9999 -9999 -9999 -9999 -9999 2149 2148 2143 2135 2121 2117 2110 2109 2107 2111 2115 2113 2111 2109 2103 2098 2092 2088 2084 2076 2066 2065 2063 2060 2057 2061 2065 2071 2088 2112 2129 2148 2160 2173 2188 2200 2212 2216 2219 2223 2227 2236 2238 2245 2242 2234 2227 2225 2222 2218 2204 2192 2174 2169 2161 2151 2139 2132 2117 2110
-9999 -9999 -9999 -9999 -9999 -9999 -9999 -9999 -9999 -9999 -9999 -9999 -9999 -9999 -9999 -9999 -9999 -9999 -9999 -9999 -9999 -9999 2149 2147 2145 2135 2128 2123 2121 2119 2120 2123 2124 2123 2120 2117 2113 2107 2099 2099 2096 2090 2084 2088 2091 2086 2083 2088 2095 2102 2117 2138 2158 2170 2180 2195 2211 2224 2235 2242 2242 2240 2241 2241 2251 2252 2252 2251 2244 2242 2241 2233 2221 2205 2192 2190 2184 2172 2160 2143 2130 2118
-9999 -9999 -9999 -9999 -9999 -9999 -9999 -9999 -9999 -9999 -9999 -9999 -9999 -9999 -9999 -9999 -9999 -9999 -9999 -9999 -9999 -9999 2149 2148 2146 2140 2137 2135 2133 2132 2132 2134 2136 2135 2133 2131 2128 2122 2118 2113 2112 2109 2106 2112 2121 2121 2120 2123 2127 2135 2146 2164 2179 2189 2202 2219 2236 2248 2258 2265 2268 2267 2259 2261 2258 2262 2258 2257 2251 2252 2255 2249 2239 2230 2219 2216 2208 2194 2180 2165 2149 2138
-9999 -9999 -9999 -9999 -9999 -9999 -9999 -9999 -9999 -9999 -9999 -9999 -9999 -9999 -9999 -9999 -9999 -9999 -9999 -9999 -9999 -9999 2150 2149 2149 2145 2144 2145 2143 2142 2142 2144 2146 2147 2145 2144 2142 2138 2131 2129 2127 2127 2128 2136 2145 2149 2151 2148 2154 2159 2173 2185 2197 2204 2221 2242 2258 2268 2275 2284 2286 2286 2283 2278 2278 2270 2267 2259 2255 2254 2260 2254 2253 2248 2240 2235 2224 2215 2198 2189 2172 2156
-9999 -9999 -9999 -9999 -9999 -9999 -9999 -9999 -9999 -9999 -9999 -9999 -9999 -9999 -9999 -9999 -9999 -9999 -9999 -9999 -9999 -9999 2152 2151 2152 2150 2149 2149 2149 2150 2150 2152 2153 2155 2155 2154 2151 2148 2145 2142 2140 2140 2144 2156 2163 2167 2169 2174 2175 2182 2192 2208 2210 2220 2238 2256 2270 2277 2285 2290 2292 2293 2292 2292 2289 2286 2279 2277 2266 2265 2259 2257 2254 2252 2248 2245 2239 2227 2220 2206 2193 2175
-9999 -9999 -9999 -9999 -9999 -9999 -9999 -9999 -9999 -9999 -9999 -9999 -9999 -9999 -9999 -9999 -9999 -9999 -9999 -9999 -9999 -9999 2155 2154 2155 2153 2153 2153 2154 2157 2159 2161 2162 2163 2164 2163 2162 2160 2158 2155 2150 2148 2154 2168 2175 2179 2187 2193 2196 2198 2212 2219 2226 2232 2252 2266 2274 2281 2287 2291 2293 2294 2294 2293 2292 2289 2287 2284 2278 2273 2270 2261 2260 2255 2248 2246 2245 2240 2230 2224 2209 2192
-9999 -9999 -9999 -9999 -9999 -9999 -9999 -9999 -9999 -9999 -9999 -9999 -9999 -9999 -9999 -9999 -9999 -9999 -9999 -9999 -9999 -9999 2158 2157 2157 2156 2156 2157 2159 2162 2165 2168 2170 2171 2172 2173 2173 2172 2170 2167 2164 2161 2169 2179 2186 2190 2198 2205 2209 2213 2223 2234 2236 2246 2259 2270 2277 2281 2288 2291 2293 2294 2294 2294 2292 2290 2287 2284 2281 2277 2273 2269 2265 2256 2251 2249 2247 2244 2238 2230 2220 2205
-9999 -9999 -9999 -9999 -9999 -9999 -9999 -9999 -9999 -9999 -9999 -9999 -9999 -9999 -9999 -9999 -9999 -9999 -9999 -9999 -9999 -9999 2159 2161 2159 2159 2160 2161 2162 2166 2170 2173 2176 2177 2178 2179 2181 2182 2180 2179 2178 2179 2183 2192 2196 2202 2209 2215 2218 2225 2234 2243 2247 2255 2265 2272 2277 2282 2286 2289 2291 -9999 -9999 -9999 -9999 2289 2287 2284 2281 2278 2274 2270 2266 2262 2257 2254 2253 2246 2240 2235 2226 2210
-9999 -9999 -9999 -9999 -9999 -9999 -9999 -9999 -9999 -9999 -9999 -9999 -9999 -9999 -9999 -9999 -9999 -9999 -9999 -9999 -9999 -9999 -9999 2162 2164 2163 2164 2165 2167 2170 2174 2178 2180 2181 2182 2184 2186 2188 2188 2189 2190 2192 2196 2202 2206 2210 2217 2222 2227 2234 2241 2248 2254 2260 2267 2272 2277 2281 2285 2287 -9999 -9999 -9999 -9999 -9999 -9999 -9999 -9999 -9999 -9999 -9999 -9999 -9999 2261 2260 2258 2256 -9999 2241 2238 2229 2215
-9999 -9999 -9999 -9999 -9999 -9999 -9999 -9999 -9999 -9999 -9999 -9999 -9999 -9999 -9999 -9999 -9999 -9999 -9999 -9999 -9999 -9999 -9999 -9999 2166 2167 2168 2169 2172 2175 2178 2181 2182 -9999 -9999 2188 2190 2192 2194 2196 2199 2202 2206 2210 2213 2218 2222 2227 2233 2239 2245 2251 2257 2263 2268 2272 2276 2279 2282 -9999 -9999 -9999 -9999 -9999 -9999 -9999 -9999 -9999 -9999 -9999 -9999 -9999 -9999 -9999 2260 2259 -9999 -9999 2242 2240 2235 2225
