Data/tmin/PRISM_tmin_pr_1963-1995_normal_450mM1_09_asc.asc
ncols 557
nrows 164
xllcorner -67.31875000000
yllcorner 17.86875000000
cellsize 0.00416666667
NODATA_value -9999
[rows 108 to 143 of 164, columns 82 to 163 of 557]
1965 1964 1962 1952 1948 1968 1985 1997 2001 1991 1994 2002 1989 1970 1958 1954 1951 1955 1971 1972 1964 1957 1934 1934 1943 1960 1958 1952 1943 1928 1918 1909 1924 1928 1923 1914 1896 1866 1859 1847 1826 1827 1866 1881 1883 1848 1812 1777 1750 1733 1727 1751 1746 1729 1729 1724 1744 1776 1786 1764 1745 1735 1735 1777 1841 1890 1908 1918 1930 1922 1887 1856 1869 1895 1910 1926 1912 1881 1890 1918 1940 1935
1976 1972 1966 1949 1941 1956 1975 1982 1985 1976 1980 1989 1984 1968 1956 1949 1944 1949 1955 1960 1961 1949 1939 1932 1940 1951 1962 1960 1951 1947 1921 1915 1923 1916 1917 1911 1907 1911 1904 1897 1869 1864 1892 1924 1893 1847 1805 1784 1752 1726 1722 1735 1762 1767 1775 1780 1779 1820 1835 1811 1797 1793 1783 1799 1831 1868 1904 1938 1948 1941 1923 1904 1908 1930 1939 1950 1939 1915 1913 1933 1957 1966
1986 1980 1974 1959 1949 1961 1978 1981 1981 1966 1964 1971 1969 1963 1943 1942 1947 1938 1941 1946 1948 1942 1929 1919 1917 1932 1950 1956 1944 1932 1915 1908 1921 1917 1908 1905 1907 1921 1943 1943 1916 1899 1925 1939 1923 1869 1856 1837 1799 1753 1740 1748 1764 1782 1803 1810 1810 1837 1868 1867 1851 1850 1831 1841 1858 1870 1903 1951 1962 1958 1942 1922 1932 1943 1952 1962 1959 1951 1939 1949 1967 1968
1991 1989 1984 1978 1972 1979 1988 1988 1976 1959 1948 1951 1961 1948 1939 1933 1944 1931 1932 1936 1936 1934 1918 1919 1921 1941 1967 1973 1955 1931 1913 1917 1930 1929 1917 1907 1904 1931 1957 1964 1956 1939 1951 1973 1949 1922 1911 1895 1845 1813 1804 1788 1793 1795 1801 1820 1832 1863 1899 1917 1910 1886 1861 1872 1892 1902 1923 1968 1985 1975 1963 1957 1951 1964 1972 1966 1980 1986 1977 1964 1969 1973
1998 1996 1996 1996 1993 1994 1996 1992 1986 1963 1949 1947 1943 1943 1931 1932 1937 1931 1926 1940 1936 1930 1927 1930 1944 1966 1991 2003 1987 1961 1942 1943 1962 1950 1934 1916 1910 1928 1956 1976 1976 1970 1983 2000 1991 1966 1963 1941 1897 1872 1867 1855 1841 1818 1804 1817 1847 1889 1931 1946 1944 1913 1890 1905 1939 1948 1966 1999 2004 1987 1980 1976 1989 1993 1987 1982 1993 2015 2000 1971 1975 1994
2003 2003 2004 2004 2004 2001 2001 2000 1995 1984 1967 1947 1936 1927 1925 1927 1940 1928 1930 1947 1953 1952 1943 1950 1967 1983 2004 2019 2016 1994 1976 1978 1978 1963 1935 1916 1917 1922 1935 1957 1974 1987 2005 2019 2013 2003 1999 1983 1953 1933 1929 1911 1893 1860 1832 1827 1875 1923 1963 1986 1971 1958 1945 1959 1980 2000 2014 2031 2019 1994 1986 1999 2015 2022 2016 2002 2008 2031 2023 1989 1990 2026
2007 2007 2008 2007 2009 2009 2006 2007 2004 1995 1974 1952 1928 1921 1932 1936 1953 1946 1947 1956 1974 1981 1971 1969 1980 1987 1990 2005 2030 2031 2014 2005 1990 1956 1935 1939 1945 1935 1921 1934 1963 1983 2012 2030 2034 2026 2026 2016 2000 1987 1977 1958 1941 1921 1901 1913 1923 1974 2001 2014 2015 2001 2004 2006 2015 2030 2049 2050 2023 2005 2002 2018 2039 2050 2049 2035 2031 2048 2044 2018 2014 2044
2010 2008 2007 2009 2009 2010 2010 2007 2005 2002 1989 1964 1944 1943 1948 1958 1971 1968 1960 1976 1982 2003 1999 1994 1994 1987 1975 1990 2028 2053 2036 2022 2001 1972 1961 1980 1990 1959 1937 1942 1966 1993 2017 2041 2051 2049 2049 2039 2029 2020 2012 1998 1987 1982 1991 1991 2004 2016 2035 2048 2043 2042 2040 2041 2047 2060 2071 2065 2040 2021 2029 2043 2059 2070 2074 2066 2058 2060 2071 2051 2038 2061
2004 2000 2000 2000 1998 2002 1999 1993 1994 1999 1992 1981 1967 1960 1970 1979 1986 1987 1989 1992 2003 2019 2024 2015 2018 2014 2005 2013 2053 2064 2058 2050 2033 2012 2012 2025 2022 1998 1979 1986 2001 2017 2041 2054 2065 2068 2067 2063 2049 2044 2038 2027 2015 2023 2030 2038 2040 2050 2060 2065 2072 2068 2062 2067 2074 2080 2091 2087 2067 2055 2052 2064 2079 2091 2092 2092 2072 2069 2077 2070 2052 2069
2003 2000 1998 1993 1992 1992 1990 1985 1988 1993 1994 1984 1975 1967 1971 1994 2010 2009 2011 2024 2026 2041 2041 2038 2038 2043 2043 2050 2070 2083 2076 2074 2062 2047 2046 2059 2055 2039 2037 2036 2041 2056 2067 2075 2078 2081 2086 2080 2070 2064 2061 2049 2037 2042 2055 2061 2061 2070 2077 2080 2084 2086 2082 2082 2089 2094 2099 2103 2087 2067 2059 2072 2093 2106 2111 2105 2096 2076 2090 2089 2071 2081
2011 2014 2012 2008 1993 2003 1999 1997 2002 2007 1997 1990 1978 1967 1972 1996 2013 2025 2030 2032 2042 2056 2059 2054 2059 2061 2064 2071 2083 2089 2093 2089 2076 2068 2073 2074 2076 2074 2072 2070 2073 2083 2096 2095 2093 2097 2100 2094 2088 2084 2081 2060 2046 2052 2066 2078 2071 2084 2081 2083 2095 2104 2097 2097 2104 2101 2111 2103 2086 2061 2056 2073 2100 2117 2115 2115 2108 2091 2101 2112 2099 2104
2027 2026 2027 2015 2013 2008 2011 2008 2017 2018 2009 1990 1971 1969 1976 1984 2009 2024 2035 2033 2040 2055 2069 2071 2074 2079 2080 2083 2090 2096 2100 2100 2096 2085 2080 2082 2077 2086 2095 2094 2097 2107 2108 2103 2096 2093 2093 2101 2098 2099 2085 2056 2038 2038 2059 2071 2073 2062 2061 2059 2081 2112 2111 2110 2105 2103 2098 2087 2072 2055 2057 2081 2100 2124 2125 2122 2115 2101 2110 2128 2124 2121
2049 2048 2044 2041 2031 2034 2024 2025 2026 2031 2021 1985 1972 1977 1986 1999 2000 2033 2052 2050 2049 2069 2076 2081 2086 2091 2092 2093 2094 2097 2100 2107 2099 2090 2082 2070 2069 2084 2102 2111 2123 2125 2123 2112 2096 2080 2078 2084 2095 2099 2086 2053 2035 2041 2055 2070 2061 2053 2037 2043 2074 2111 2118 2101 2084 2064 2056 2059 2056 2059 2068 2077 2096 2118 2140 2129 2127 2116 2129 2148 2139 2130
2069 2067 2063 2060 2057 2051 2046 2041 2043 2040 2023 2006 1990 2006 2021 2017 2025 2035 2050 2066 2070 2077 2083 2086 2095 2101 2102 2103 2103 2101 2096 2104 2099 2088 2086 2083 2079 2090 2110 2125 2137 2150 2146 2136 2106 2077 2061 2070 2088 2101 2100 2071 2067 2073 2083 2085 2069 2058 2060 2067 2093 2125 2114 2075 2042 2015 2017 2033 2063 2075 2084 2089 2096 2129 2143 2142 2132 2132 2148 2164 2156 2144
2082 2080 2075 2073 2071 2067 2062 2059 2054 2048 2041 2028 2031 2042 2049 2054 2049 2046 2059 2063 2080 2086 2086 2091 2100 2108 2111 2113 2112 2104 2104 2108 2108 2099 2100 2103 2101 2110 2129 2140 2156 2164 2168 2150 2118 2089 2078 2082 2101 2114 2117 2100 2094 2109 2118 2108 2091 2086 2095 2110 2123 2122 2091 2052 2012 1991 2000 2033 2068 2092 2099 2107 2112 2138 2164 2161 2159 2152 2162 2178 2174 2167
2092 2088 2085 2083 2083 2080 2077 2074 2068 2063 2058 2057 2060 2062 2065 2071 2075 2074 2067 2079 2080 2094 2088 2092 2105 2112 2116 2119 2120 2118 2114 2126 2126 2123 2124 2123 2119 2120 2136 2146 2152 2163 2176 2163 2133 2117 2109 2113 2124 2138 2141 2130 2126 2135 2134 2122 2106 2109 2126 2139 2133 2113 2077 2046 2024 2007 2012 2044 2080 2102 2110 2116 2122 2141 2168 2180 2173 2160 2164 2179 2189 2182
2103 2101 2099 2098 2096 2093 2089 2086 2082 2078 2075 2074 2074 2074 2074 2076 2084 2085 2089 2074 2083 2091 2090 2090 2100 2114 2118 2121 2127 2128 2131 2136 2138 2139 2136 2128 2118 2109 2114 2122 2129 2142 2172 2182 2163 2152 2141 2131 2144 2153 2164 2160 2158 2148 2142 2125 2116 2126 2150 2159 2153 2115 2091 2074 2056 2037 2041 2061 2094 2115 2121 2123 2128 2137 2160 2181 2183 2164 2167 2186 2190 2180
2114 2113 2112 2110 2107 2104 2100 2096 2093 2091 2087 2085 2084 2079 2076 2081 2082 2090 2082 2077 2074 2097 2099 2097 2106 2116 2120 2124 2130 2136 2140 2142 2146 2146 2143 2136 2120 2104 2105 2110 2114 2135 2171 2193 2190 2181 2163 2152 2155 2168 2176 2181 2171 2161 2146 2136 2131 2138 2164 2177 2163 2132 2115 2105 2088 2065 2065 2081 2106 2126 2136 2141 2137 2136 2150 2171 2182 2177 2177 2190 2192 2173
2122 2123 2123 2121 2118 2115 2112 2109 2106 2103 2100 2097 2089 2081 2077 2080 2089 2089 2090 2073 2080 2099 2110 2112 2115 2121 2125 2126 2127 2132 2139 2144 2149 2153 2150 2140 2136 2124 2119 2124 2136 2149 2183 2204 2207 2199 2189 2174 2179 2184 2193 2195 2183 2164 2155 2150 2138 2145 2163 2186 2174 2152 2134 2127 2101 2085 2082 2088 2100 2129 2145 2154 2158 2143 2146 2165 2182 2189 2191 2197 2200 2185
2131 2131 2132 2130 2127 2125 2124 2122 2120 2117 2114 2110 2106 2094 2090 2093 2094 2097 2091 2087 2089 2100 2114 2120 2122 2126 2126 2123 2115 2116 2129 2143 2152 2154 2149 2141 2143 2144 2146 2149 2156 2170 2191 2211 2215 2215 2206 2201 2197 2203 2205 2206 2194 2175 2169 2162 2154 2148 2172 2190 2190 2163 2152 2135 2124 2114 2117 2108 2107 2112 2138 2150 2153 2157 2151 2163 2184 2198 2205 2205 2212 2207
2138 2139 2139 2138 2136 2136 2134 2133 2129 2127 2125 2124 2119 2115 2109 2106 2102 2103 2105 2105 2104 2109 2114 2121 2124 2125 2125 2117 2112 2114 2132 2149 2162 2167 2157 2147 2153 2161 2167 2169 2174 2180 2198 2212 2220 2221 2221 2218 2219 2216 2218 2215 2201 2189 2183 2180 2174 2173 2186 2203 2197 2179 2156 2148 2142 2144 2144 2134 2114 2117 2130 2141 2157 2155 2167 2165 2185 2202 2214 2218 2220 2220
2146 2146 2146 2146 2146 2145 2145 2142 2141 2137 2135 2132 2129 2126 2122 2115 2111 2107 2110 2114 2115 2113 2119 2122 2120 2109 2113 2116 2120 2135 2151 2168 2177 2173 2161 2147 2152 2163 2173 2182 2186 2198 2207 2219 2223 2226 2227 2229 2228 2227 2225 2214 2200 2192 2188 2190 2193 2199 2207 2213 2204 2179 2163 2156 2156 2155 2156 2144 2131 2125 2135 2150 2158 2177 2175 2175 2183 2203 2213 2223 2225 2227
2152 2152 2153 2153 2154 2154 2154 2154 2151 2148 2145 2142 2138 2134 2128 2123 2119 2111 2105 2105 2113 2118 2121 2124 2111 2107 2104 2112 2122 2137 2156 2173 2186 2183 2167 2156 2159 2171 2183 2192 2203 2211 2221 2225 2227 2229 2232 2232 2233 2233 2226 2215 2205 2203 2205 2210 2216 2219 2223 2222 2213 2195 2179 2166 2163 2160 2153 2147 2138 2126 2132 2142 2156 2172 2188 2183 2185 2195 2211 2223 2229 2230
2158 2159 2157 2162 2163 2162 2161 2163 2161 2158 2154 2152 2146 2140 2130 2126 2123 2107 2097 2097 2106 2117 2122 2124 2121 2109 2114 2114 2111 2118 2137 2160 2191 2197 2186 2171 2173 2180 2194 2206 2214 2224 2229 2230 2231 2233 2234 2235 2235 2236 2234 2226 2223 2226 2227 2229 2231 2230 2229 2228 2223 2211 2187 2169 2153 2149 2141 2134 2125 2122 2125 2134 2146 2169 2188 2186 2184 2188 2204 2222 2232 2233
2164 2164 2163 2167 2168 2161 2159 2163 2166 2168 2166 2161 2157 2148 2139 2133 2128 2115 2106 2107 2114 2115 2121 2120 2113 2108 2110 2111 2108 2113 2128 2163 2191 2200 2182 2171 2170 2184 2200 2218 2227 2233 2234 2234 2235 2235 2236 2236 2237 2237 2238 2236 2236 2237 2237 2237 2236 2235 2234 2233 2231 2221 2205 2177 2166 2157 2154 2145 2137 2136 2143 2150 2157 2174 2193 2195 2197 2202 2213 2229 2235 2236
2165 2163 2170 2174 2168 2159 2154 2158 2163 2170 2173 2171 2167 2163 2155 2150 2143 2130 2127 2126 2118 2114 2111 2111 2110 2110 2115 2123 2121 2127 2146 2175 2202 2194 2180 2170 2179 2193 2213 2226 2234 2235 2237 2237 2237 2237 2237 2237 2237 2238 2238 2239 2240 2240 2239 2239 2239 2239 2238 2237 2236 2234 2222 2204 2184 2176 2171 2163 2157 2155 2162 2171 2177 2186 2196 2202 2209 2219 2228 2235 2238 2239
2154 2163 2169 2179 2176 2170 2168 2167 2168 2173 2170 2172 2176 2172 2167 2164 2157 2147 2143 2137 2123 2114 2113 2113 2114 2121 2130 2135 2141 2145 2163 2190 2201 2202 2190 2191 2198 2209 2220 2232 2235 2237 2237 2239 2239 2239 2238 2238 2238 2238 2239 2240 2240 2240 2240 2240 2241 2241 2240 2240 2240 2239 2234 2221 2204 2188 2179 2175 2166 2168 2176 2185 2196 2203 2208 2211 2221 2230 2236 2240 2240 2241
2167 2168 2180 2186 2185 2188 2187 2187 2184 2181 2177 2177 2181 2183 2178 2173 2168 2159 2151 2138 2120 2111 2114 2109 2112 2122 2131 2139 2152 2165 2171 2188 2200 2206 2208 2209 2219 2224 2231 2235 2238 2238 2239 2240 2240 2237 2240 2240 2239 2239 2239 2240 2240 2241 2242 2243 2242 2242 2242 2242 2242 2240 2239 2234 2223 2206 2190 2176 2181 2178 2184 2194 2200 2208 2217 2224 2232 2239 2241 2242 2243 2243
2182 2182 2186 2189 2195 2199 2201 2201 2202 2195 2196 2191 2194 2193 2194 2188 2179 2169 2161 2149 2130 2126 2123 2111 2111 2118 2127 2133 2145 2156 2152 2158 2168 2184 2190 2206 2219 2230 2234 2237 2239 2240 2240 2240 2236 2235 2240 2243 2242 2240 2240 2241 2241 2243 2245 2247 2247 2246 2246 2246 2245 2243 2242 2241 2237 2224 2205 2196 2193 2199 2195 2200 2204 2212 2225 2234 2240 2242 2243 2244 2244 2245
2199 2191 2191 2196 2201 2208 2207 2210 2201 2200 2196 2199 2193 2199 2205 2204 2196 2184 2172 2160 2145 2140 2129 2116 2110 2118 2121 2119 2129 2133 2130 2132 2142 2155 2170 2188 2213 2223 2234 2237 2239 2237 2239 2235 2233 2237 2245 2250 2247 2244 2242 2241 2244 2245 2248 2249 -9999 -9999 -9999 -9999 -9999 -9999 2244 2245 2243 2240 2231 2222 2222 2217 2216 2215 2218 2224 2235 2241 2243 2244 2245 2246 2246 2246
2213 2203 2195 2198 2203 2199 2201 2203 2207 2203 2216 2219 2220 2222 2225 2222 2213 2200 2182 2166 2147 2138 2130 2119 2122 2127 2130 2127 2130 2137 2139 2147 2156 2164 2171 2187 2197 2210 2222 2236 2236 2232 2234 2234 2237 2241 2251 2253 -9999 -9999 2244 2247 2247 2250 2250 -9999 -9999 -9999 -9999 -9999 -9999 -9999 -9999 2248 2247 2246 2245 2242 2238 2238 2235 2236 2235 2238 2242 2244 2245 2245 2246 2247 2248 2247
2230 2208 2197 2194 2193 2191 2187 2202 2211 2219 2229 2240 2241 2240 2238 2233 2228 2215 2197 2173 2156 2145 2139 2140 2146 2149 2154 2154 2153 2160 2166 2176 2181 2186 2189 2193 2198 2203 2222 2232 2235 2234 2237 2242 2243 2248 2249 -9999 -9999 -9999 -9999 2250 2254 2252 -9999 -9999 -9999 -9999 -9999 -9999 -9999 -9999 -9999 -9999 -9999 2248 2248 2247 2246 2246 2245 2243 2243 2243 2245 2246 2247 2247 2247 2248 2248 -9999
2240 2220 2201 2195 2194 2194 2198 2207 2221 2228 2238 2243 2245 2246 2245 2242 2238 2221 2199 2180 2165 2159 2157 2164 2172 2176 2180 2183 2186 2191 2198 2199 2201 2201 2201 2203 2206 2215 2224 2237 2240 2237 2245 2246 2248 2248 -9999 -9999 -9999 -9999 -9999 -9999 2255 -9999 -9999 -9999 -9999 -9999 -9999 -9999 -9999 -9999 -9999 -9999 -9999 -9999 -9999 2249 2249 2248 2247 2247 2246 2247 2247 2248 2248 -9999 -9999 -9999 -9999 -9999
2250 2232 2216 2205 2203 2206 2207 2214 2225 2238 2244 2247 2240 2238 2241 2246 2238 2215 2195 2182 2177 2179 2181 2189 2195 2202 2206 2210 2215 2220 2220 2217 2213 2212 2213 2215 2220 2227 2235 2241 2243 2244 2245 2248 2248 -9999 -9999 -9999 -9999 -9999 -9999 -9999 -9999 -9999 -9999 -9999 -9999 -9999 -9999 -9999 -9999 -9999 -9999 -9999 -9999 -9999 -9999 -9999 -9999 -9999 -9999 2248 2249 2249 2249 2249 -9999 -9999 -9999 -9999 -9999 -9999
2256 2244 2230 2218 2214 2217 2220 2220 2231 2242 2244 2237 2225 2220 2228 2236 2241 2223 2208 2206 2207 2208 2212 2217 2224 2227 2230 2233 2235 2237 2234 2230 2225 2224 2225 2230 2233 2238 2242 2244 2245 2244 -9999 -9999 -9999 -9999 -9999 -9999 -9999 -9999 -9999 -9999 -9999 -9999 -9999 -9999 -9999 -9999 -9999 -9999 -9999 -9999 -9999 -9999 -9999 -9999 -9999 -9999 -9999 -9999 -9999 -9999 2251 2251 2251 -9999 -9999 -9999 -9999 -9999 -9999 -9999
2273 2263 2248 2233 2227 2231 2230 2232 2238 2243 2242 2234 2228 2226 2229 2240 2245 2238 2234 2235 2236 2237 2238 2240 2240 2244 2245 2244 2245 2244 2244 2240 2238 2236 2238 2241 2243 2244 2245 2246 -9999 -9999 -9999 -9999 -9999 -9999 -9999 -9999 -9999 -9999 -9999 -9999 -9999 -9999 -9999 -9999 -9999 -9999 -9999 -9999 -9999 -9999 -9999 -9999 -9999 -9999 -9999 -9999 -9999 -9999 -9999 -9999 -9999 -9999 -9999 -9999 -9999 -9999 -9999 -9999 -9999 -9999
