Data/tmin/PRISM_tmin_pr_1963-1995_normal_450mM1_09_asc.asc
ncols 557
nrows 164
xllcorner -67.31875000000
yllcorner 17.86875000000
cellsize 0.00416666667
NODATA_value -9999
[rows 72 to 107 of 164, columns 0 to 81 of 557]
-9999 -9999 -9999 -9999 -9999 -9999 -9999 -9999 -9999 -9999 -9999 -9999 -9999 -9999 -9999 -9999 -9999 -9999 -9999 -9999 -9999 -9999 -9999 -9999 -9999 -9999 -9999 -9999 -9999 -9999 -9999 2123 2118 2114 2107 2098 2094 2094 2096 2096 2097 2093 2090 2087 2083 2076 2064 2052 2045 2030 2010 1985 1957 1936 1923 1929 1944 1967 1967 1960 1949 1944 1939 1941 1930 1922 1907 1889 1885 1891 1898 1894 1884 1884 1885 1887 1886 1889 1892 1903 1912 1922
-9999 -9999 -9999 -9999 -9999 -9999 -9999 -9999 -9999 -9999 -9999 -9999 -9999 -9999 -9999 -9999 -9999 -9999 -9999 -9999 -9999 -9999 -9999 -9999 -9999 -9999 -9999 -9999 -9999 -9999 -9999 2123 2119 2114 2109 2101 2096 2094 2094 2095 2093 2089 2090 2087 2084 2080 2070 2065 2051 2029 2010 1981 1957 1934 1922 1918 1923 1939 1937 1932 1929 1924 1929 1922 1919 1906 1888 1876 1867 1878 1886 1881 1874 1870 1880 1879 1884 1880 1885 1894 1910 1922
-9999 -9999 -9999 -9999 -9999 -9999 -9999 -9999 -9999 -9999 -9999 -9999 -9999 -9999 -9999 -9999 -9999 -9999 -9999 -9999 -9999 -9999 -9999 -9999 -9999 -9999 -9999 -9999 -9999 -9999 -9999 2123 2120 2115 2111 2105 2099 2095 2093 2091 2086 2085 2083 2083 2077 2076 2075 2066 2050 2026 1998 1973 1949 1937 1927 1921 1918 1920 1912 1900 1890 1890 1893 1900 1903 1889 1878 1863 1867 1876 1892 1888 1874 1873 1870 1874 1875 1876 1880 1893 1911 1917
-9999 -9999 -9999 -9999 -9999 -9999 -9999 -9999 -9999 -9999 -9999 -9999 -9999 -9999 -9999 -9999 -9999 -9999 -9999 -9999 -9999 -9999 -9999 -9999 -9999 -9999 -9999 -9999 -9999 -9999 -9999 2123 2120 2116 2112 2107 2102 2097 2093 2090 2086 2079 2079 2071 2068 2072 2072 2073 2058 2031 2012 1984 1962 1947 1942 1932 1923 1923 1914 1908 1891 1882 1889 1895 1899 1893 1874 1874 1870 1884 1900 1897 1883 1866 1864 1859 1868 1869 1879 1894 1909 1920
-9999 -9999 -9999 -9999 -9999 -9999 -9999 -9999 -9999 -9999 -9999 -9999 -9999 -9999 -9999 -9999 -9999 -9999 -9999 -9999 -9999 -9999 -9999 -9999 -9999 -9999 -9999 -9999 -9999 -9999 -9999 -9999 2120 2117 2113 2108 2103 2099 2095 2091 2085 2079 2071 2065 2062 2064 2070 2068 2048 2024 1997 1969 1950 1942 1937 1930 1927 1924 1920 1919 1912 1897 1896 1902 1902 1897 1888 1879 1875 1880 1886 1889 1873 1861 1856 1855 1861 1861 1867 1878 1895 1906
-9999 -9999 -9999 -9999 -9999 -9999 -9999 -9999 -9999 -9999 -9999 -9999 -9999 -9999 -9999 -9999 -9999 -9999 -9999 -9999 -9999 -9999 -9999 -9999 -9999 -9999 -9999 -9999 -9999 -9999 -9999 -9999 2120 2118 2113 2108 2103 2098 2096 2094 2088 2080 2072 2062 2056 2058 2056 2058 2041 2010 1977 1948 1932 1922 1920 1911 1907 1905 1901 1910 1910 1897 1895 1893 1903 1899 1896 1896 1885 1877 1887 1885 1873 1865 1867 1873 1872 1863 1862 1871 1882 1900
-9999 -9999 -9999 -9999 -9999 -9999 -9999 -9999 -9999 -9999 -9999 -9999 -9999 -9999 -9999 -9999 -9999 -9999 -9999 -9999 -9999 -9999 -9999 -9999 -9999 -9999 -9999 -9999 -9999 -9999 -9999 -9999 -9999 2116 2115 2110 2105 2100 2097 2095 2092 2087 2080 2072 2068 2060 2052 2044 2033 2007 1972 1940 1923 1914 1906 1896 1892 1889 1887 1900 1906 1898 1887 1899 1906 1916 1918 1913 1900 1895 1900 1903 1893 1883 1891 1894 1890 1877 1872 1879 1894 1906
-9999 -9999 -9999 -9999 -9999 -9999 -9999 -9999 -9999 -9999 -9999 -9999 -9999 -9999 -9999 -9999 -9999 -9999 -9999 -9999 -9999 -9999 -9999 -9999 -9999 -9999 -9999 -9999 -9999 -9999 -9999 -9999 -9999 -9999 2114 2112 2107 2103 2099 2096 2092 2091 2090 2085 2083 2071 2051 2049 2039 2022 1989 1959 1936 1920 1911 1901 1892 1893 1897 1905 1911 1901 1898 1903 1922 1938 1935 1928 1914 1908 1920 1923 1912 1907 1909 1916 1906 1893 1889 1896 1908 1919
-9999 -9999 -9999 -9999 -9999 -9999 -9999 -9999 -9999 -9999 -9999 -9999 -9999 -9999 -9999 -9999 -9999 -9999 -9999 -9999 -9999 -9999 -9999 -9999 -9999 -9999 -9999 -9999 -9999 -9999 -9999 -9999 -9999 -9999 -9999 2111 2108 2105 2101 2096 2092 2092 2093 2092 2087 2075 2063 2056 2055 2040 2014 1985 1966 1944 1931 1915 1904 1901 1907 1911 1911 1906 1902 1910 1929 1933 1936 1934 1926 1932 1940 1940 1930 1921 1924 1926 1921 1910 1909 1912 1924 1931
-9999 -9999 -9999 -9999 -9999 -9999 -9999 -9999 -9999 -9999 -9999 -9999 -9999 -9999 -9999 -9999 -9999 -9999 -9999 -9999 -9999 -9999 -9999 -9999 -9999 -9999 -9999 -9999 -9999 -9999 -9999 -9999 -9999 -9999 -9999 -9999 2109 2106 2102 2098 2093 2092 2096 2094 2089 2084 2076 2073 2066 2048 2030 2010 1992 1969 1951 1936 1916 1912 1919 1918 1912 1914 1916 1919 1924 1928 1931 1936 1946 1951 1957 1959 1950 1941 1935 1933 1934 1928 1924 1923 1932 1936
-9999 -9999 -9999 -9999 -9999 -9999 -9999 -9999 -9999 -9999 -9999 -9999 -9999 -9999 -9999 -9999 -9999 -9999 -9999 -9999 -9999 -9999 -9999 -9999 -9999 -9999 -9999 -9999 -9999 -9999 -9999 -9999 -9999 -9999 -9999 -9999 2109 2107 2103 2099 2094 2093 2096 2095 2094 2090 2081 2077 2062 2051 2035 2027 2013 1996 1979 1960 1944 1933 1930 1924 1916 1919 1927 1924 1926 1926 1935 1950 1956 1961 1966 1967 1961 1954 1940 1941 1946 1949 1943 1937 1933 1930
-9999 -9999 -9999 -9999 -9999 -9999 -9999 -9999 -9999 -9999 -9999 -9999 -9999 -9999 -9999 -9999 -9999 -9999 -9999 -9999 -9999 -9999 -9999 -9999 -9999 -9999 -9999 -9999 -9999 -9999 -9999 -9999 -9999 -9999 -9999 -9999 -9999 2108 2105 2101 2095 2093 2097 2097 2094 2088 2079 2063 2054 2037 2030 2023 2018 2009 1999 1986 1967 1953 1946 1925 1914 1918 1928 1930 1932 1937 1950 1965 1969 1977 1977 1971 1966 1953 1946 1947 1957 1957 1954 1936 1931 1918
-9999 -9999 -9999 -9999 -9999 -9999 -9999 -9999 -9999 -9999 -9999 -9999 -9999 -9999 -9999 -9999 -9999 -9999 -9999 -9999 -9999 -9999 -9999 -9999 -9999 -9999 -9999 -9999 -9999 -9999 -9999 -9999 -9999 -9999 -9999 -9999 -9999 2110 2107 2103 2097 2096 2098 2094 2089 2077 2064 2059 2045 2036 2026 2016 2003 2002 1990 1972 1958 1949 1937 1932 1918 1918 1929 1936 1942 1948 1955 1966 1977 1985 1987 1980 1960 1947 1935 1939 1948 1945 1941 1931 1925 1915
-9999 -9999 -9999 -9999 -9999 -9999 -9999 -9999 -9999 -9999 -9999 -9999 -9999 -9999 -9999 -9999 -9999 -9999 -9999 -9999 -9999 -9999 -9999 -9999 -9999 -9999 -9999 -9999 -9999 -9999 -9999 -9999 -9999 -9999 -9999 -9999 2120 2115 2109 2105 2099 2099 2097 2091 2074 2056 2039 2027 2026 2020 2009 2000 1992 1980 1970 1949 1931 1916 1917 1917 1921 1927 1936 1949 1959 1955 1957 1956 1964 1980 1984 1975 1957 1933 1927 1929 1936 1936 1934 1929 1921 1924
-9999 -9999 -9999 -9999 -9999 -9999 -9999 -9999 -9999 -9999 -9999 -9999 -9999 -9999 -9999 -9999 -9999 -9999 -9999 -9999 -9999 -9999 -9999 -9999 -9999 -9999 -9999 -9999 -9999 -9999 -9999 -9999 -9999 -9999 2129 2125 2123 2115 2112 2107 2100 2095 2094 2085 2072 2047 2021 1999 1983 1975 1972 1967 1963 1968 1949 1932 1913 1899 1892 1901 1912 1925 1944 1962 1966 1975 1961 1952 1949 1962 1975 1976 1958 1937 1925 1926 1925 1926 1927 1924 1928 1920
-9999 -9999 -9999 -9999 -9999 -9999 -9999 -9999 -9999 -9999 -9999 -9999 -9999 -9999 -9999 -9999 -9999 -9999 -9999 -9999 -9999 -9999 -9999 -9999 -9999 -9999 -9999 -9999 -9999 -9999 -9999 -9999 -9999 2129 2128 2128 2121 2118 2112 2106 2098 2095 2090 2085 2073 2053 2024 1989 1961 1939 1924 1920 1930 1934 1932 1921 1908 1897 1897 1901 1910 1931 1948 1960 1976 1982 1975 1952 1943 1951 1965 1975 1971 1957 1951 1941 1934 1930 1929 1922 1923 1922
-9999 -9999 -9999 -9999 -9999 -9999 -9999 -9999 -9999 -9999 -9999 -9999 -9999 -9999 -9999 -9999 -9999 -9999 -9999 -9999 -9999 -9999 -9999 -9999 -9999 -9999 -9999 -9999 -9999 -9999 -9999 -9999 2131 2130 2129 2125 2123 2117 2112 2106 2099 2094 2092 2084 2072 2056 2035 2006 1977 1948 1923 1906 1900 1911 1915 1911 1909 1909 1911 1918 1923 1939 1944 1954 1968 1980 1973 1956 1946 1951 1960 1974 1981 1980 1978 1967 1953 1948 1938 1928 1920 1925
-9999 -9999 -9999 -9999 -9999 -9999 -9999 -9999 -9999 -9999 -9999 -9999 -9999 -9999 -9999 -9999 -9999 -9999 -9999 -9999 -9999 -9999 -9999 -9999 -9999 -9999 -9999 -9999 -9999 -9999 -9999 2133 2133 2130 2128 2125 2121 2117 2112 2105 2099 2095 2089 2083 2072 2056 2039 2021 2000 1975 1949 1921 1905 1907 1913 1918 1922 1926 1940 1944 1947 1952 1952 1949 1957 1968 1964 1957 1961 1970 1979 1987 1999 2004 2003 1991 1967 1957 1951 1934 1928 1926
-9999 -9999 -9999 -9999 -9999 -9999 -9999 -9999 -9999 -9999 -9999 -9999 -9999 -9999 -9999 -9999 -9999 -9999 -9999 -9999 -9999 -9999 -9999 -9999 -9999 -9999 -9999 -9999 -9999 -9999 -9999 2134 2133 2130 2127 2124 2120 2116 2110 2104 2099 2091 2086 2078 2070 2059 2043 2026 2010 1989 1968 1939 1921 1915 1921 1932 1937 1949 1956 1964 1956 1958 1950 1950 1957 1961 1962 1971 1981 1991 1999 2007 2009 2017 2023 2009 1986 1971 1960 1951 1936 1932
-9999 -9999 -9999 -9999 -9999 -9999 -9999 -9999 -9999 -9999 -9999 -9999 -9999 -9999 -9999 -9999 -9999 -9999 -9999 -9999 -9999 -9999 -9999 -9999 -9999 -9999 -9999 -9999 -9999 -9999 2137 2135 2131 2127 2124 2121 2117 2112 2106 2100 2093 2086 2080 2073 2066 2055 2043 2031 2018 2005 1992 1979 1959 1948 1950 1962 1973 1967 1970 1955 1930 1917 1923 1935 1949 1964 1978 1992 2002 2013 2018 2014 2009 2012 2030 2027 2002 1987 1977 1965 1945 1937
-9999 -9999 -9999 -9999 -9999 -9999 -9999 -9999 -9999 -9999 -9999 -9999 -9999 -9999 -9999 -9999 -9999 -9999 -9999 -9999 -9999 -9999 -9999 -9999 -9999 -9999 -9999 -9999 -9999 2139 2138 2134 2127 2120 2116 2115 2111 2107 2101 2094 2087 2080 2071 2064 2054 2044 2032 2024 2013 2007 2008 2004 1994 1982 1979 1992 1995 1990 1977 1955 1922 1907 1918 1940 1956 1973 1990 1998 2012 2018 2026 2021 1996 1990 1998 2001 1981 1978 1977 1975 1951 1932
-9999 -9999 -9999 -9999 -9999 -9999 -9999 -9999 -9999 -9999 -9999 -9999 -9999 -9999 -9999 -9999 -9999 -9999 -9999 -9999 -9999 -9999 -9999 -9999 -9999 -9999 -9999 -9999 -9999 -9999 2138 2135 2127 2118 2112 2107 2105 2101 2096 2090 2084 2073 2063 2051 2039 2021 2009 2000 1991 1988 1994 1995 1999 1993 1995 2005 2006 1999 1991 1968 1937 1923 1936 1950 1967 1982 1995 2007 2011 2019 2035 2024 1998 1968 1968 1956 1955 1954 1970 1976 1955 1934
-9999 -9999 -9999 -9999 -9999 -9999 -9999 -9999 -9999 -9999 -9999 -9999 -9999 -9999 -9999 -9999 -9999 -9999 -9999 -9999 -9999 -9999 -9999 -9999 -9999 -9999 -9999 -9999 -9999 -9999 2137 2134 2129 2121 2110 2104 2100 2097 2092 2087 2080 2072 2059 2048 2031 2015 1999 1994 1985 1985 1985 1992 1991 1995 1998 2007 2004 1997 1992 1975 1955 1948 1951 1960 1974 1994 2012 2012 2013 2018 2032 2033 2006 1977 1956 1952 1939 1930 1930 1955 1943 1937
-9999 -9999 -9999 -9999 -9999 -9999 -9999 -9999 -9999 -9999 -9999 -9999 -9999 -9999 -9999 -9999 -9999 -9999 -9999 -9999 -9999 -9999 -9999 -9999 -9999 -9999 -9999 -9999 -9999 -9999 -9999 2131 2129 2122 2109 2097 2092 2089 2087 2081 2075 2066 2056 2042 2029 2013 2006 1997 1994 1991 1996 1991 1998 2001 2003 2005 1998 1986 1977 1975 1972 1971 1964 1960 1968 1985 1999 2004 2003 2010 2030 2029 2012 1990 1978 1979 1968 1922 1896 1911 1912 1931
-9999 -9999 -9999 -9999 -9999 -9999 -9999 -9999 -9999 -9999 -9999 -9999 -9999 -9999 -9999 -9999 -9999 -9999 -9999 -9999 -9999 -9999 -9999 -9999 -9999 -9999 -9999 -9999 -9999 -9999 -9999 2131 2127 2119 2104 2088 2079 2076 2076 2074 2068 2059 2047 2034 2021 2014 2008 2008 2001 2004 1997 1992 1995 2004 2013 2010 2000 1985 1981 1982 1989 1989 1982 1970 1970 1970 1979 1981 1986 1998 2016 2013 2007 1997 2000 2006 1989 1941 1893 1896 1894 1893
-9999 -9999 -9999 -9999 -9999 -9999 -9999 -9999 -9999 -9999 -9999 -9999 -9999 -9999 -9999 -9999 -9999 -9999 -9999 -9999 -9999 -9999 -9999 -9999 -9999 -9999 -9999 -9999 -9999 -9999 2134 2132 2125 2116 2098 2079 2065 2059 2060 2062 2059 2053 2044 2032 2023 2019 2018 2016 2016 2014 2008 1990 1989 2001 2009 2006 1997 1990 1990 1997 1992 1991 1983 1975 1963 1962 1960 1961 1970 1985 1996 2003 1994 2000 2000 2009 2004 1959 1957 1934 1892 1879
-9999 -9999 -9999 -9999 -9999 -9999 -9999 -9999 -9999 -9999 -9999 -9999 -9999 -9999 -9999 -9999 -9999 -9999 -9999 -9999 -9999 -9999 -9999 -9999 -9999 -9999 -9999 -9999 -9999 -9999 2134 2131 2124 2112 2096 2075 2056 2043 2041 2046 2049 2047 2042 2035 2030 2028 2025 2024 2023 2023 2015 2003 1997 2002 2006 1997 1987 1981 1990 1995 1992 1987 1980 1969 1961 1951 1952 1946 1957 1968 1985 1989 1996 1995 2004 2009 2005 2003 1997 1978 1927 1900
-9999 -9999 -9999 -9999 -9999 -9999 -9999 -9999 -9999 -9999 -9999 -9999 -9999 -9999 -9999 -9999 -9999 -9999 -9999 -9999 -9999 -9999 -9999 -9999 -9999 -9999 -9999 -9999 -9999 -9999 -9999 2130 2123 2113 2098 2080 2057 2037 2033 2036 2042 2042 2039 2036 2034 2033 2030 2029 2029 2027 2024 2017 2014 2013 2015 2001 1988 1982 1990 1996 1987 1982 1974 1963 1952 1955 1953 1951 1949 1960 1969 1988 1994 2006 2011 2019 2023 2026 2039 2008 1972 1961
-9999 -9999 -9999 -9999 -9999 -9999 -9999 -9999 -9999 -9999 -9999 -9999 -9999 -9999 -9999 -9999 -9999 -9999 -9999 -9999 -9999 -9999 -9999 -9999 -9999 -9999 -9999 -9999 -9999 -9999 2129 2129 2123 2112 2103 2086 2063 2043 2030 2032 2036 2036 2036 2035 2034 2033 2033 2033 2033 2032 2029 2025 2022 2022 2020 2013 2001 1993 1997 1997 1982 1974 1971 1964 1966 1970 1972 1955 1953 1950 1964 1977 1991 2000 2009 2018 2028 2045 2059 2035 2013 2015
-9999 -9999 -9999 -9999 -9999 -9999 -9999 -9999 -9999 -9999 -9999 -9999 -9999 -9999 -9999 -9999 -9999 -9999 -9999 -9999 -9999 -9999 -9999 -9999 -9999 -9999 -9999 -9999 -9999 2129 2129 2127 2120 2110 2100 2088 2068 2045 2029 2019 2019 2021 2027 2033 2034 2033 2033 2035 2035 2035 2033 2029 2026 2025 2023 2017 2010 2004 2003 1994 1975 1973 1968 1977 1977 1982 1968 1952 1940 1947 1962 1973 1976 1983 1999 2015 2035 2048 2062 2045 2028 2012
-9999 -9999 -9999 -9999 -9999 -9999 -9999 -9999 -9999 -9999 -9999 -9999 -9999 -9999 -9999 -9999 -9999 -9999 -9999 -9999 -9999 -9999 -9999 -9999 -9999 -9999 -9999 -9999 -9999 2130 2127 2124 2117 2106 2098 2085 2067 2048 2027 2013 2005 2005 2016 2029 2033 2033 2034 2036 2036 2037 2036 2032 2030 2027 2024 2019 2013 2009 2007 1995 1984 1979 1985 1980 1987 1979 1964 1940 1934 1951 1964 1967 1966 1973 1989 2013 2031 2052 2064 2049 2026 2017
-9999 -9999 -9999 -9999 -9999 -9999 -9999 -9999 -9999 -9999 -9999 -9999 -9999 -9999 -9999 -9999 -9999 -9999 -9999 -9999 -9999 -9999 -9999 -9999 -9999 -9999 -9999 -9999 -9999 2130 2127 2122 2113 2103 2093 2082 2065 2048 2031 2017 2009 2005 2016 2028 2032 2034 2035 2037 2040 2041 2039 2036 2033 2029 2025 2020 2016 2012 2005 2000 1992 1992 1985 1982 1979 1977 1959 1942 1943 1949 1958 1952 1957 1965 1982 2001 2020 2040 2050 2036 2022 2009
-9999 -9999 -9999 -9999 -9999 -9999 -9999 -9999 -9999 -9999 -9999 -9999 -9999 -9999 -9999 -9999 -9999 -9999 -9999 -9999 -9999 -9999 -9999 -9999 -9999 -9999 -9999 -9999 -9999 -9999 2127 2121 2111 2100 2093 2080 2065 2049 2032 2021 2012 2010 2015 2027 2032 2034 2036 2040 2042 2043 2042 2040 2037 2032 2026 2021 2015 2011 2006 2000 1995 1992 1985 1980 1980 1974 1966 1956 1958 1962 1955 1942 1949 1965 1973 1988 2006 2023 2030 2015 2005 1999
-9999 -9999 -9999 -9999 -9999 -9999 -9999 -9999 -9999 -9999 -9999 -9999 -9999 -9999 -9999 -9999 -9999 -9999 -9999 -9999 -9999 -9999 -9999 -9999 -9999 -9999 -9999 -9999 -9999 -9999 2127 2120 2109 2099 2086 2072 2056 2044 2032 2024 2019 2015 2018 2026 2032 2035 2038 2042 2043 2042 2041 2041 2039 2032 2025 2019 2013 2010 2005 2000 1996 1989 1986 1981 1984 1981 1972 1969 1976 1976 1962 1950 1955 1970 1979 1988 1996 2005 2008 1992 1986 1986
-9999 -9999 -9999 -9999 -9999 -9999 -9999 -9999 -9999 -9999 -9999 -9999 -9999 -9999 -9999 -9999 -9999 -9999 -9999 -9999 -9999 -9999 -9999 -9999 -9999 -9999 -9999 -9999 -9999 2132 2128 2121 2109 2097 2083 2063 2046 2034 2030 2027 2026 2023 2024 2028 2032 2034 2038 2042 2043 2042 2041 2041 2037 2030 2021 2015 2009 2006 2003 2000 1997 1993 1989 1987 1986 1984 1980 1983 1985 1982 1971 1958 1955 1962 1971 1973 1975 1981 1978 1969 1968 1966
-9999 -9999 -9999 -9999 -9999 -9999 -9999 -9999 -9999 -9999 -9999 -9999 -9999 -9999 -9999 -9999 -9999 -9999 -9999 -9999 -9999 -9999 -9999 -9999 -9999 -9999 -9999 -9999 2135 2133 2128 2120 2108 2096 2078 2059 2041 2029 2026 2028 2027 2028 2027 2029 2030 2032 2034 2039 2040 2041 2041 2038 2033 2023 2014 2007 2003 1999 1998 1995 1995 1994 1993 1991 1991 1986 1986 1985 1986 1976 1966 1955 1951 1955 1960 1961 1967 1966 1963 1954 1953 1961
