Data/tmin/PRISM_tmin_pr_1963-1995_normal_450mM1_12_asc.asc
ncols 557
nrows 164
xllcorner -67.31875000000
yllcorner 17.86875000000
cellsize 0.00416666667
NODATA_value -9999
[rows 72 to 107 of 164, columns 0 to 81 of 557]
-9999 -9999 -9999 -9999 -9999 -9999 -9999 -9999 -9999 -9999 -9999 -9999 -9999 -9999 -9999 -9999 -9999 -9999 -9999 -9999 -9999 -9999 -9999 -9999 -9999 -9999 -9999 -9999 -9999 -9999 -9999 1881 1877 1874 1869 1864 1864 1866 1870 1870 1867 1862 1859 1855 1848 1838 1822 1805 1794 1775 1753 1728 1716 1709 1702 1701 1708 1719 1714 1710 1705 1705 1711 1710 1696 1686 1669 1658 1658 1666 1676 1669 1657 1648 1646 1649 1655 1670 1681 1684 1691 1702
-9999 -9999 -9999 -9999 -9999 -9999 -9999 -9999 -9999 -9999 -9999 -9999 -9999 -9999 -9999 -9999 -9999 -9999 -9999 -9999 -9999 -9999 -9999 -9999 -9999 -9999 -9999 -9999 -9999 -9999 -9999 1880 1878 1875 1871 1867 1865 1866 1869 1870 1865 1862 1860 1857 1852 1846 1831 1821 1802 1778 1759 1729 1713 1705 1697 1692 1697 1695 1696 1693 1688 1690 1698 1690 1685 1668 1651 1638 1640 1654 1658 1662 1644 1635 1639 1639 1648 1660 1673 1674 1683 1695
-9999 -9999 -9999 -9999 -9999 -9999 -9999 -9999 -9999 -9999 -9999 -9999 -9999 -9999 -9999 -9999 -9999 -9999 -9999 -9999 -9999 -9999 -9999 -9999 -9999 -9999 -9999 -9999 -9999 -9999 -9999 1881 1878 1876 1873 1870 1867 1866 1867 1865 1860 1857 1857 1856 1848 1844 1839 1826 1804 1779 1752 1730 1710 1702 1690 1687 1679 1682 1677 1671 1663 1661 1670 1670 1664 1651 1635 1628 1632 1643 1660 1661 1648 1637 1631 1634 1638 1651 1664 1673 1688 1703
-9999 -9999 -9999 -9999 -9999 -9999 -9999 -9999 -9999 -9999 -9999 -9999 -9999 -9999 -9999 -9999 -9999 -9999 -9999 -9999 -9999 -9999 -9999 -9999 -9999 -9999 -9999 -9999 -9999 -9999 -9999 1881 1879 1877 1874 1872 1870 1867 1866 1864 1859 1853 1855 1848 1842 1842 1839 1832 1814 1784 1765 1738 1721 1705 1696 1688 1684 1676 1677 1674 1660 1656 1667 1662 1663 1654 1638 1634 1634 1645 1663 1670 1655 1635 1629 1624 1632 1640 1661 1672 1694 1710
-9999 -9999 -9999 -9999 -9999 -9999 -9999 -9999 -9999 -9999 -9999 -9999 -9999 -9999 -9999 -9999 -9999 -9999 -9999 -9999 -9999 -9999 -9999 -9999 -9999 -9999 -9999 -9999 -9999 -9999 -9999 -9999 1879 1877 1875 1873 1871 1868 1867 1865 1858 1853 1848 1845 1839 1840 1839 1828 1803 1779 1751 1725 1709 1696 1691 1687 1681 1679 1678 1682 1673 1667 1666 1666 1666 1666 1656 1641 1637 1643 1656 1665 1650 1636 1626 1627 1629 1632 1644 1662 1676 1695
-9999 -9999 -9999 -9999 -9999 -9999 -9999 -9999 -9999 -9999 -9999 -9999 -9999 -9999 -9999 -9999 -9999 -9999 -9999 -9999 -9999 -9999 -9999 -9999 -9999 -9999 -9999 -9999 -9999 -9999 -9999 -9999 1879 1878 1876 1873 1871 1869 1868 1867 1863 1854 1850 1844 1841 1840 1834 1819 1798 1766 1734 1708 1693 1682 1673 1667 1668 1664 1666 1675 1674 1664 1663 1662 1676 1681 1673 1662 1652 1652 1668 1672 1662 1648 1645 1646 1646 1640 1643 1651 1669 1683
-9999 -9999 -9999 -9999 -9999 -9999 -9999 -9999 -9999 -9999 -9999 -9999 -9999 -9999 -9999 -9999 -9999 -9999 -9999 -9999 -9999 -9999 -9999 -9999 -9999 -9999 -9999 -9999 -9999 -9999 -9999 -9999 -9999 1878 1877 1874 1872 1870 1870 1869 1867 1862 1857 1853 1849 1842 1828 1810 1790 1762 1728 1697 1689 1675 1667 1656 1656 1660 1662 1675 1678 1663 1657 1664 1682 1697 1693 1681 1671 1677 1685 1693 1683 1669 1665 1670 1672 1660 1656 1664 1680 1697
-9999 -9999 -9999 -9999 -9999 -9999 -9999 -9999 -9999 -9999 -9999 -9999 -9999 -9999 -9999 -9999 -9999 -9999 -9999 -9999 -9999 -9999 -9999 -9999 -9999 -9999 -9999 -9999 -9999 -9999 -9999 -9999 -9999 -9999 1876 1875 1873 1871 1870 1869 1867 1867 1866 1863 1860 1848 1831 1817 1800 1776 1742 1713 1694 1684 1673 1663 1659 1667 1672 1683 1683 1670 1659 1667 1686 1703 1703 1697 1694 1696 1709 1711 1699 1687 1689 1693 1688 1683 1677 1682 1697 1710
-9999 -9999 -9999 -9999 -9999 -9999 -9999 -9999 -9999 -9999 -9999 -9999 -9999 -9999 -9999 -9999 -9999 -9999 -9999 -9999 -9999 -9999 -9999 -9999 -9999 -9999 -9999 -9999 -9999 -9999 -9999 -9999 -9999 -9999 -9999 1875 1874 1872 1870 1869 1868 1869 1870 1868 1862 1852 1840 1826 1815 1791 1763 1734 1715 1695 1686 1670 1666 1671 1679 1686 1685 1672 1667 1671 1688 1699 1707 1710 1715 1723 1730 1728 1714 1704 1701 1704 1698 1695 1697 1699 1713 1717
-9999 -9999 -9999 -9999 -9999 -9999 -9999 -9999 -9999 -9999 -9999 -9999 -9999 -9999 -9999 -9999 -9999 -9999 -9999 -9999 -9999 -9999 -9999 -9999 -9999 -9999 -9999 -9999 -9999 -9999 -9999 -9999 -9999 -9999 -9999 -9999 1874 1872 1871 1869 1867 1869 1872 1870 1864 1858 1851 1841 1825 1801 1777 1755 1733 1710 1693 1680 1666 1667 1682 1685 1689 1686 1679 1690 1692 1704 1711 1722 1734 1744 1746 1745 1733 1718 1715 1708 1706 1708 1716 1715 1718 1726
-9999 -9999 -9999 -9999 -9999 -9999 -9999 -9999 -9999 -9999 -9999 -9999 -9999 -9999 -9999 -9999 -9999 -9999 -9999 -9999 -9999 -9999 -9999 -9999 -9999 -9999 -9999 -9999 -9999 -9999 -9999 -9999 -9999 -9999 -9999 -9999 1874 1873 1871 1870 1868 1870 1874 1873 1869 1863 1852 1841 1821 1801 1781 1767 1746 1730 1714 1697 1684 1677 1676 1683 1683 1686 1694 1690 1703 1705 1718 1730 1741 1748 1753 1748 1744 1733 1717 1722 1719 1729 1730 1725 1721 1714
-9999 -9999 -9999 -9999 -9999 -9999 -9999 -9999 -9999 -9999 -9999 -9999 -9999 -9999 -9999 -9999 -9999 -9999 -9999 -9999 -9999 -9999 -9999 -9999 -9999 -9999 -9999 -9999 -9999 -9999 -9999 -9999 -9999 -9999 -9999 -9999 -9999 1873 1871 1870 1868 1869 1875 1874 1868 1859 1847 1825 1808 1785 1768 1752 1743 1735 1729 1721 1704 1694 1691 1673 1673 1681 1689 1703 1707 1716 1729 1741 1753 1763 1760 1760 1748 1732 1719 1716 1727 1736 1743 1727 1715 1706
-9999 -9999 -9999 -9999 -9999 -9999 -9999 -9999 -9999 -9999 -9999 -9999 -9999 -9999 -9999 -9999 -9999 -9999 -9999 -9999 -9999 -9999 -9999 -9999 -9999 -9999 -9999 -9999 -9999 -9999 -9999 -9999 -9999 -9999 -9999 -9999 -9999 1873 1872 1870 1869 1871 1874 1869 1861 1847 1829 1816 1794 1776 1753 1736 1719 1721 1719 1708 1699 1693 1683 1675 1669 1681 1697 1710 1722 1727 1734 1744 1758 1771 1777 1766 1752 1729 1711 1709 1721 1732 1741 1735 1720 1709
-9999 -9999 -9999 -9999 -9999 -9999 -9999 -9999 -9999 -9999 -9999 -9999 -9999 -9999 -9999 -9999 -9999 -9999 -9999 -9999 -9999 -9999 -9999 -9999 -9999 -9999 -9999 -9999 -9999 -9999 -9999 -9999 -9999 -9999 -9999 -9999 1879 1876 1872 1871 1870 1874 1871 1863 1843 1823 1801 1781 1771 1756 1735 1715 1701 1696 1697 1687 1672 1666 1666 1666 1677 1693 1712 1727 1739 1735 1738 1736 1747 1764 1770 1761 1739 1722 1712 1711 1715 1729 1737 1737 1726 1716
-9999 -9999 -9999 -9999 -9999 -9999 -9999 -9999 -9999 -9999 -9999 -9999 -9999 -9999 -9999 -9999 -9999 -9999 -9999 -9999 -9999 -9999 -9999 -9999 -9999 -9999 -9999 -9999 -9999 -9999 -9999 -9999 -9999 -9999 1882 1878 1879 1873 1872 1871 1869 1867 1866 1852 1834 1806 1777 1750 1729 1718 1703 1692 1680 1686 1683 1678 1663 1656 1659 1671 1685 1705 1725 1740 1747 1747 1737 1728 1726 1745 1756 1755 1738 1727 1722 1718 1717 1716 1729 1726 1725 1719
-9999 -9999 -9999 -9999 -9999 -9999 -9999 -9999 -9999 -9999 -9999 -9999 -9999 -9999 -9999 -9999 -9999 -9999 -9999 -9999 -9999 -9999 -9999 -9999 -9999 -9999 -9999 -9999 -9999 -9999 -9999 -9999 -9999 1878 1879 1879 1874 1873 1870 1867 1864 1862 1857 1845 1827 1804 1771 1734 1704 1681 1672 1665 1671 1676 1684 1678 1667 1661 1661 1670 1681 1701 1723 1740 1748 1742 1733 1711 1706 1718 1740 1744 1745 1745 1745 1736 1725 1727 1724 1726 1717 1716
-9999 -9999 -9999 -9999 -9999 -9999 -9999 -9999 -9999 -9999 -9999 -9999 -9999 -9999 -9999 -9999 -9999 -9999 -9999 -9999 -9999 -9999 -9999 -9999 -9999 -9999 -9999 -9999 -9999 -9999 -9999 -9999 1876 1878 1877 1874 1872 1869 1867 1865 1862 1858 1851 1840 1818 1796 1769 1736 1703 1679 1661 1657 1661 1674 1678 1677 1666 1657 1654 1657 1661 1681 1705 1725 1730 1724 1708 1702 1700 1714 1727 1744 1752 1759 1764 1756 1744 1738 1741 1730 1722 1717
-9999 -9999 -9999 -9999 -9999 -9999 -9999 -9999 -9999 -9999 -9999 -9999 -9999 -9999 -9999 -9999 -9999 -9999 -9999 -9999 -9999 -9999 -9999 -9999 -9999 -9999 -9999 -9999 -9999 -9999 -9999 1874 1876 1873 1872 1869 1867 1866 1865 1863 1859 1854 1846 1833 1812 1787 1764 1742 1718 1692 1672 1659 1663 1674 1679 1678 1666 1656 1654 1651 1651 1664 1680 1698 1708 1705 1704 1709 1724 1740 1752 1763 1778 1786 1786 1778 1760 1756 1755 1750 1736 1728
-9999 -9999 -9999 -9999 -9999 -9999 -9999 -9999 -9999 -9999 -9999 -9999 -9999 -9999 -9999 -9999 -9999 -9999 -9999 -9999 -9999 -9999 -9999 -9999 -9999 -9999 -9999 -9999 -9999 -9999 -9999 1873 1871 1869 1866 1865 1863 1862 1861 1858 1855 1846 1838 1824 1802 1782 1759 1739 1718 1694 1675 1663 1666 1673 1682 1683 1673 1668 1663 1663 1661 1664 1676 1686 1701 1711 1717 1734 1752 1763 1774 1787 1799 1807 1809 1796 1780 1773 1773 1765 1754 1739
-9999 -9999 -9999 -9999 -9999 -9999 -9999 -9999 -9999 -9999 -9999 -9999 -9999 -9999 -9999 -9999 -9999 -9999 -9999 -9999 -9999 -9999 -9999 -9999 -9999 -9999 -9999 -9999 -9999 -9999 1872 1869 1865 1861 1862 1861 1859 1857 1853 1850 1842 1834 1825 1810 1794 1775 1756 1737 1716 1699 1686 1684 1685 1682 1684 1684 1680 1669 1667 1658 1661 1675 1684 1702 1713 1734 1747 1762 1777 1784 1788 1796 1800 1809 1823 1817 1799 1794 1786 1777 1759 1744
-9999 -9999 -9999 -9999 -9999 -9999 -9999 -9999 -9999 -9999 -9999 -9999 -9999 -9999 -9999 -9999 -9999 -9999 -9999 -9999 -9999 -9999 -9999 -9999 -9999 -9999 -9999 -9999 -9999 1871 1869 1865 1857 1851 1852 1855 1852 1849 1846 1838 1830 1821 1807 1794 1775 1760 1742 1723 1707 1691 1690 1692 1690 1689 1685 1689 1684 1681 1669 1660 1660 1677 1697 1710 1725 1737 1756 1775 1786 1795 1802 1803 1794 1792 1799 1800 1783 1785 1783 1780 1756 1738
-9999 -9999 -9999 -9999 -9999 -9999 -9999 -9999 -9999 -9999 -9999 -9999 -9999 -9999 -9999 -9999 -9999 -9999 -9999 -9999 -9999 -9999 -9999 -9999 -9999 -9999 -9999 -9999 -9999 -9999 1868 1864 1855 1847 1845 1844 1843 1841 1836 1830 1821 1808 1794 1775 1757 1736 1716 1697 1680 1671 1667 1676 1684 1681 1686 1689 1687 1682 1674 1659 1659 1668 1690 1712 1725 1742 1759 1773 1792 1799 1819 1816 1800 1774 1770 1757 1755 1756 1770 1774 1755 1731
-9999 -9999 -9999 -9999 -9999 -9999 -9999 -9999 -9999 -9999 -9999 -9999 -9999 -9999 -9999 -9999 -9999 -9999 -9999 -9999 -9999 -9999 -9999 -9999 -9999 -9999 -9999 -9999 -9999 -9999 1865 1861 1857 1849 1841 1837 1836 1832 1828 1821 1810 1798 1781 1762 1739 1717 1696 1681 1666 1659 1657 1667 1671 1674 1674 1681 1675 1666 1658 1651 1646 1660 1677 1702 1718 1735 1753 1771 1783 1802 1814 1825 1805 1781 1755 1746 1737 1725 1729 1752 1739 1733
-9999 -9999 -9999 -9999 -9999 -9999 -9999 -9999 -9999 -9999 -9999 -9999 -9999 -9999 -9999 -9999 -9999 -9999 -9999 -9999 -9999 -9999 -9999 -9999 -9999 -9999 -9999 -9999 -9999 -9999 -9999 1857 1855 1848 1835 1827 1823 1820 1814 1807 1797 1784 1769 1750 1727 1703 1690 1674 1667 1660 1664 1664 1671 1671 1671 1672 1662 1646 1636 1636 1643 1652 1669 1680 1698 1716 1735 1754 1772 1789 1808 1808 1808 1788 1775 1772 1762 1719 1695 1711 1710 1728
-9999 -9999 -9999 -9999 -9999 -9999 -9999 -9999 -9999 -9999 -9999 -9999 -9999 -9999 -9999 -9999 -9999 -9999 -9999 -9999 -9999 -9999 -9999 -9999 -9999 -9999 -9999 -9999 -9999 -9999 -9999 1853 1850 1842 1827 1813 1805 1800 1796 1792 1783 1770 1756 1736 1713 1697 1683 1679 1669 1670 1662 1661 1663 1669 1678 1673 1658 1639 1636 1641 1649 1656 1655 1663 1672 1695 1719 1736 1758 1775 1790 1796 1797 1797 1794 1799 1779 1737 1694 1698 1695 1697
-9999 -9999 -9999 -9999 -9999 -9999 -9999 -9999 -9999 -9999 -9999 -9999 -9999 -9999 -9999 -9999 -9999 -9999 -9999 -9999 -9999 -9999 -9999 -9999 -9999 -9999 -9999 -9999 -9999 -9999 1852 1851 1845 1835 1817 1802 1789 1779 1776 1774 1767 1758 1742 1724 1706 1693 1689 1683 1682 1677 1672 1655 1652 1662 1670 1665 1649 1640 1643 1657 1656 1657 1651 1645 1652 1673 1696 1717 1736 1754 1771 1780 1792 1804 1806 1804 1800 1756 1756 1733 1696 1684
-9999 -9999 -9999 -9999 -9999 -9999 -9999 -9999 -9999 -9999 -9999 -9999 -9999 -9999 -9999 -9999 -9999 -9999 -9999 -9999 -9999 -9999 -9999 -9999 -9999 -9999 -9999 -9999 -9999 -9999 1851 1848 1841 1827 1813 1793 1775 1760 1753 1753 1751 1743 1733 1717 1704 1699 1692 1691 1687 1685 1677 1665 1657 1661 1664 1650 1636 1629 1643 1657 1658 1653 1644 1633 1631 1647 1671 1692 1709 1733 1749 1763 1781 1795 1803 1812 1801 1807 1800 1780 1729 1703
-9999 -9999 -9999 -9999 -9999 -9999 -9999 -9999 -9999 -9999 -9999 -9999 -9999 -9999 -9999 -9999 -9999 -9999 -9999 -9999 -9999 -9999 -9999 -9999 -9999 -9999 -9999 -9999 -9999 -9999 -9999 1844 1837 1826 1811 1795 1770 1748 1739 1736 1735 1730 1720 1711 1706 1701 1699 1693 1690 1686 1682 1676 1673 1672 1671 1654 1635 1628 1643 1658 1653 1647 1635 1621 1616 1630 1650 1663 1687 1707 1731 1750 1766 1788 1798 1808 1822 1823 1839 1815 1775 1762
-9999 -9999 -9999 -9999 -9999 -9999 -9999 -9999 -9999 -9999 -9999 -9999 -9999 -9999 -9999 -9999 -9999 -9999 -9999 -9999 -9999 -9999 -9999 -9999 -9999 -9999 -9999 -9999 -9999 -9999 1838 1840 1833 1821 1811 1792 1771 1748 1733 1725 1722 1715 1709 1705 1703 1702 1698 1694 1689 1687 1685 1682 1681 1681 1679 1668 1652 1642 1653 1659 1648 1640 1635 1625 1626 1634 1644 1662 1675 1703 1723 1737 1759 1773 1790 1808 1815 1832 1846 1829 1812 1808
-9999 -9999 -9999 -9999 -9999 -9999 -9999 -9999 -9999 -9999 -9999 -9999 -9999 -9999 -9999 -9999 -9999 -9999 -9999 -9999 -9999 -9999 -9999 -9999 -9999 -9999 -9999 -9999 -9999 1833 1835 1835 1829 1816 1805 1792 1770 1749 1728 1712 1702 1697 1695 1700 1700 1698 1694 1690 1687 1685 1685 1684 1682 1682 1682 1676 1665 1660 1662 1659 1641 1641 1636 1643 1644 1649 1653 1664 1688 1701 1723 1740 1741 1760 1776 1794 1814 1824 1836 1827 1818 1806
-9999 -9999 -9999 -9999 -9999 -9999 -9999 -9999 -9999 -9999 -9999 -9999 -9999 -9999 -9999 -9999 -9999 -9999 -9999 -9999 -9999 -9999 -9999 -9999 -9999 -9999 -9999 -9999 -9999 1833 1831 1830 1822 1810 1803 1787 1768 1744 1720 1700 1685 1677 1683 1694 1698 1695 1691 1687 1685 1684 1684 1684 1683 1682 1681 1679 1673 1668 1669 1660 1650 1646 1653 1649 1657 1651 1651 1662 1677 1702 1717 1731 1736 1745 1763 1786 1803 1816 1822 1813 1803 1795
-9999 -9999 -9999 -9999 -9999 -9999 -9999 -9999 -9999 -9999 -9999 -9999 -9999 -9999 -9999 -9999 -9999 -9999 -9999 -9999 -9999 -9999 -9999 -9999 -9999 -9999 -9999 -9999 -9999 1832 1830 1824 1815 1805 1797 1782 1764 1741 1721 1699 1685 1673 1679 1692 1696 1692 1688 1684 1683 1682 1683 1683 1683 1683 1682 1680 1677 1673 1668 1665 1658 1660 1653 1651 1649 1649 1639 1646 1664 1678 1702 1721 1732 1745 1762 1778 1791 1798 1799 1789 1786 1777
-9999 -9999 -9999 -9999 -9999 -9999 -9999 -9999 -9999 -9999 -9999 -9999 -9999 -9999 -9999 -9999 -9999 -9999 -9999 -9999 -9999 -9999 -9999 -9999 -9999 -9999 -9999 -9999 -9999 -9999 1827 1821 1810 1801 1792 1777 1759 1743 1719 1701 1683 1674 1676 1689 1693 1689 1685 1683 1681 1681 1683 1682 1683 1683 1682 1681 1678 1673 1669 1665 1661 1660 1653 1648 1649 1644 1637 1634 1647 1662 1681 1707 1728 1744 1749 1763 1771 1776 1776 1766 1763 1756
-9999 -9999 -9999 -9999 -9999 -9999 -9999 -9999 -9999 -9999 -9999 -9999 -9999 -9999 -9999 -9999 -9999 -9999 -9999 -9999 -9999 -9999 -9999 -9999 -9999 -9999 -9999 -9999 -9999 -9999 1826 1818 1806 1798 1786 1766 1749 1733 1716 1700 1687 1677 1676 1686 1688 1687 1684 1682 1681 1683 1683 1684 1683 1683 1682 1681 1677 1673 1669 1665 1663 1657 1655 1649 1652 1650 1642 1641 1647 1655 1666 1687 1709 1723 1731 1741 1748 1747 1751 1741 1741 1735
-9999 -9999 -9999 -9999 -9999 -9999 -9999 -9999 -9999 -9999 -9999 -9999 -9999 -9999 -9999 -9999 -9999 -9999 -9999 -9999 -9999 -9999 -9999 -9999 -9999 -9999 -9999 -9999 -9999 1828 1825 1817 1804 1794 1781 1756 1735 1719 1710 1702 1694 1684 1684 1686 1689 1686 1684 1682 1682 1683 1687 1684 1684 1682 1680 1677 1674 1669 1668 1666 1664 1661 1658 1655 1654 1653 1650 1653 1656 1654 1652 1662 1676 1695 1706 1716 1717 1715 1719 1716 1717 1710
-9999 -9999 -9999 -9999 -9999 -9999 -9999 -9999 -9999 -9999 -9999 -9999 -9999 -9999 -9999 -9999 -9999 -9999 -9999 -9999 -9999 -9999 -9999 -9999 -9999 -9999 -9999 -9999 1830 1829 1824 1814 1801 1791 1773 1750 1728 1712 1705 1702 1694 1689 1685 1688 1686 1688 1686 1683 1682 1683 1684 1684 1682 1678 1674 1670 1666 1665 1664 1663 1663 1662 1661 1660 1660 1656 1656 1655 1657 1648 1639 1638 1651 1666 1684 1695 1692 1687 1692 1693 1696 1688
