Data/tmin/PRISM_tmin_pr_1963-1995_normal_450mM1_10_asc.asc
ncols 557
nrows 164
xllcorner -67.31875000000
yllcorner 17.86875000000
cellsize 0.00416666667
NODATA_value -9999
[rows 36 to 71 of 164, columns 82 to 163 of 557]
2052 2057 2050 2044 2033 2035 2051 2049 2038 2032 2029 2026 2015 2004 1985 1977 1975 1971 1964 1960 1953 1941 1941 1940 1946 1942 1939 1934 1930 1933 1943 1953 1964 1964 1955 1953 1963 1985 1996 1980 1967 1968 1961 1952 1944 1937 1933 1932 1937 1940 1945 1947 1952 1946 1945 1939 1939 1950 1962 1975 1960 1960 1963 1968 1973 1978 1991 2019 2051 2067 2046 2005 1980 1980 1984 1982 1981 1983 1989 1994 1999 2001
2047 2047 2045 2035 2026 2021 2024 2016 2007 2000 2001 2004 2010 1992 1973 1964 1957 1956 1953 1945 1936 1930 1924 1925 1923 1920 1923 1930 1923 1927 1934 1939 1941 1942 1933 1934 1943 1966 1983 1973 1955 1948 1941 1932 1931 1927 1925 1926 1929 1933 1935 1942 1941 1941 1938 1934 1933 1941 1962 1970 1961 1953 1957 1960 1962 1966 1973 1996 2030 2058 2057 2023 1984 1974 1971 1969 1969 1974 1981 1986 1987 1990
2034 2036 2027 2019 2012 2005 2000 1993 1980 1973 1973 1983 1993 1984 1955 1942 1940 1938 1933 1929 1920 1914 1912 1908 1904 1906 1913 1924 1927 1922 1921 1923 1921 1918 1919 1917 1927 1946 1973 1972 1955 1933 1921 1915 1916 1917 1918 1916 1917 1917 1922 1925 1929 1930 1932 1926 1929 1937 1954 1972 1957 1946 1948 1949 1950 1952 1958 1973 2002 2034 2061 2038 1996 1965 1963 1961 1962 1970 1975 1975 1978 1980
2021 2022 2015 2009 1999 1990 1984 1976 1968 1957 1955 1969 1984 1976 1949 1930 1921 1921 1918 1910 1904 1900 1901 1897 1904 1903 1908 1918 1920 1914 1912 1905 1898 1893 1895 1897 1901 1918 1952 1967 1943 1914 1898 1894 1894 1898 1900 1899 1898 1899 1907 1913 1914 1919 1918 1921 1925 1933 1959 1966 1951 1943 1945 1947 1943 1943 1946 1952 1967 2001 2043 2049 2003 1965 1952 1951 1953 1958 1963 1964 1966 1972
2018 2015 2014 2003 1995 1980 1967 1961 1949 1939 1943 1958 1977 1975 1955 1935 1921 1911 1906 1901 1897 1893 1891 1894 1896 1904 1902 1902 1905 1903 1901 1897 1884 1880 1880 1883 1883 1899 1933 1950 1929 1900 1887 1882 1881 1883 1886 1889 1890 1898 1903 1908 1911 1913 1918 1922 1927 1943 1963 1968 1943 1935 1942 1936 1933 1931 1932 1938 1945 1977 2032 2049 2014 1965 1951 1948 1949 1951 1953 1951 1953 1957
2007 2015 2007 2002 1994 1981 1969 1956 1942 1936 1940 1959 1969 1973 1966 1955 1940 1926 1913 1901 1898 1892 1887 1881 1892 1897 1895 1889 1892 1892 1892 1891 1885 1874 1880 1878 1885 1896 1923 1931 1910 1888 1880 1879 1878 1880 1884 1888 1896 1897 1900 1902 1909 1909 1916 1918 1924 1939 1960 1958 1934 1922 1923 1921 1915 1916 1921 1928 1938 1990 2033 2049 2003 1960 1944 1945 1944 1947 1944 1943 1942 1951
1999 2001 2002 1994 1993 1985 1972 1962 1949 1939 1946 1956 1961 1962 1961 1959 1955 1946 1933 1925 1919 1915 1904 1895 1888 1892 1889 1882 1878 1882 1881 1882 1876 1873 1870 1882 1892 1904 1921 1916 1893 1877 1872 1875 1880 1882 1887 1893 1898 1901 1895 1903 1907 1910 1908 1914 1919 1930 1949 1951 1933 1916 1916 1915 1910 1911 1915 1919 1952 2006 2051 2022 1979 1941 1938 1938 1940 1942 1940 1933 1934 1938
1985 1992 1992 1993 1992 1982 1971 1960 1943 1933 1931 1940 1945 1948 1950 1950 1951 1950 1947 1941 1940 1936 1928 1907 1894 1887 1884 1875 1874 1872 1873 1869 1870 1865 1868 1880 1897 1909 1918 1905 1879 1861 1864 1870 1876 1881 1880 1884 1891 1893 1898 1898 1910 1901 1899 1903 1912 1921 1929 1937 1925 1911 1909 1908 1912 1907 1910 1917 1952 2024 2037 2012 1951 1933 1935 1939 1940 1941 1935 1929 1924 1929
1982 1981 1979 1979 1978 1969 1958 1946 1931 1916 1914 1921 1929 1934 1939 1942 1944 1944 1943 1941 1938 1936 1931 1919 1899 1886 1884 1872 1867 1869 1866 1865 1866 1866 1869 1879 1893 1907 1906 1892 1865 1852 1856 1866 1873 1871 1870 1873 1876 1889 1888 1895 1891 1883 1879 1887 1897 1904 1910 1926 1912 1905 1906 1912 1906 1906 1904 1911 1945 2008 2041 2011 1975 1953 1939 1936 1936 1931 1923 1919 1918 1923
1969 1964 1961 1960 1956 1947 1937 1924 1911 1901 1900 1910 1920 1927 1934 1937 1935 1932 1929 1925 1920 1919 1923 1918 1903 1888 1875 1869 1864 1862 1863 1861 1863 1864 1866 1874 1889 1898 1894 1873 1857 1841 1847 1855 1859 1859 1861 1863 1873 1876 1882 1876 1872 1870 1869 1874 1883 1891 1909 1920 1912 1901 1898 1899 1900 1893 1897 1902 1926 1974 2023 2035 2013 1991 1951 1933 1930 1921 1916 1917 1919 1926
1952 1949 1947 1942 1935 1926 1915 1906 1896 1890 1892 1899 1906 1912 1921 1928 1924 1917 1912 1907 1901 1897 1904 1907 1901 1884 1872 1865 1863 1862 1858 1856 1857 1860 1862 1869 1881 1887 1878 1864 1847 1839 1836 1839 1842 1846 1853 1863 1861 1867 1867 1862 1865 1865 1875 1877 1881 1890 1905 1929 1913 1898 1890 1887 1886 1886 1890 1896 1901 1942 1982 2022 2027 2012 1959 1929 1926 1921 1912 1916 1922 1929
1930 1930 1929 1923 1915 1905 1899 1892 1887 1886 1890 1894 1898 1901 1909 1914 1910 1902 1896 1890 1885 1883 1886 1895 1892 1882 1867 1861 1865 1861 1855 1850 1851 1855 1859 1865 1876 1883 1873 1862 1853 1836 1829 1827 1828 1839 1854 1854 1855 1859 1860 1864 1862 1866 1876 1884 1885 1899 1915 1920 1914 1897 1882 1881 1883 1883 1885 1886 1891 1898 1942 1977 2010 2009 1976 1938 1921 1910 1908 1908 1911 1919
1919 1913 1906 1902 1897 1891 1886 1882 1879 1880 1884 1890 1895 1898 1901 1903 1902 1891 1883 1879 1875 1875 1883 1885 1886 1877 1863 1854 1853 1856 1850 1844 1846 1849 1854 1863 1873 1875 1869 1862 1853 1842 1828 1822 1826 1838 1849 1852 1845 1855 1866 1862 1860 1865 1871 1882 1897 1900 1908 1907 1894 1880 1870 1867 1871 1872 1872 1876 1882 1892 1910 1945 1987 2023 2002 1967 1922 1907 1898 1896 1894 1901
1926 1919 1905 1894 1889 1884 1879 1877 1875 1874 1874 1877 1883 1887 1887 1892 1895 1884 1874 1868 1864 1868 1873 1878 1880 1874 1858 1845 1844 1844 1848 1843 1845 1851 1855 1863 1870 1867 1858 1856 1857 1845 1828 1820 1823 1834 1847 1843 1841 1851 1851 1858 1863 1867 1882 1885 1884 1885 1881 1871 1866 1863 1857 1860 1859 1860 1862 1865 1877 1887 1893 1919 1956 2011 2021 1971 1924 1897 1892 1886 1882 1883
1934 1934 1925 1909 1898 1887 1877 1877 1876 1874 1872 1871 1875 1878 1879 1884 1893 1882 1874 1867 1863 1861 1865 1867 1870 1868 1857 1841 1833 1837 1842 1844 1847 1852 1854 1858 1860 1857 1850 1851 1855 1849 1834 1825 1822 1834 1842 1845 1841 1842 1847 1855 1873 1879 1880 1880 1871 1864 1855 1849 1850 1848 1851 1854 1853 1849 1853 1858 1870 1878 1884 1891 1932 1992 2010 1969 1910 1895 1889 1879 1874 1869
1929 1935 1932 1926 1913 1899 1887 1875 1876 1876 1873 1873 1872 1873 1874 1875 1881 1877 1871 1869 1863 1858 1858 1861 1866 1867 1860 1851 1839 1837 1841 1843 1847 1852 1852 1850 1851 1850 1849 1848 1854 1853 1846 1836 1834 1835 1840 1843 1840 1840 1844 1862 1869 1869 1866 1861 1864 1860 1857 1846 1845 1841 1842 1847 1840 1841 1850 1855 1864 1873 1876 1885 1918 1985 1999 1967 1927 1890 1882 1874 1863 1858
1923 1926 1929 1925 1922 1913 1894 1879 1873 1874 1874 1874 1877 1881 1880 1873 1871 1865 1864 1861 1858 1857 1858 1861 1863 1864 1861 1856 1849 1841 1842 1840 1842 1846 1845 1845 1847 1851 1852 1848 1846 1850 1843 1836 1832 1835 1838 1839 1842 1849 1855 1854 1857 1844 1840 1840 1845 1854 1851 1849 1848 1840 1842 1840 1837 1838 1850 1856 1864 1868 1871 1884 1923 1982 1998 1979 1952 1912 1886 1873 1864 1860
1920 1921 1923 1924 1921 1916 1899 1879 1871 1871 1870 1872 1877 1883 1886 1878 1873 1863 1861 1861 1860 1857 1858 1857 1857 1856 1860 1856 1850 1844 1840 1841 1842 1843 1841 1840 1846 1852 1848 1841 1841 1840 1835 1827 1827 1830 1836 1841 1853 1863 1856 1850 1840 1837 1831 1829 1833 1840 1841 1841 1841 1844 1842 1848 1840 1849 1858 1865 1863 1871 1868 1880 1930 1975 1966 1965 1963 1935 1906 1891 1882 1876
1915 1917 1919 1921 1917 1910 1897 1884 1875 1868 1869 1872 1873 1875 1880 1880 1874 1868 1858 1857 1858 1857 1856 1852 1849 1855 1857 1857 1852 1846 1844 1842 1844 1844 1841 1842 1851 1846 1839 1830 1831 1834 1830 1825 1827 1827 1835 1845 1853 1866 1853 1835 1835 1836 1832 1831 1832 1833 1834 1834 1841 1839 1852 1848 1848 1854 1863 1861 1868 1869 1867 1883 1931 1968 1949 1933 1972 1966 1950 1939 1931 1931
1912 1913 1917 1917 1914 1905 1901 1892 1883 1873 1872 1873 1869 1869 1869 1873 1879 1871 1866 1863 1854 1855 1855 1850 1850 1854 1854 1853 1850 1847 1844 1842 1842 1844 1841 1846 1848 1843 1830 1824 1823 1824 1825 1828 1828 1831 1836 1842 1854 1852 1846 1833 1836 1841 1833 1833 1832 1828 1832 1839 1843 1851 1854 1856 1851 1853 1854 1859 1862 1872 1871 1881 1929 1971 1943 1930 1958 1978 1965 1945 1945 1944
1911 1910 1912 1914 1913 1907 1900 1899 1889 1878 1874 1874 1870 1863 1864 1866 1868 1876 1874 1869 1868 1858 1854 1850 1852 1856 1855 1851 1849 1847 1845 1842 1842 1842 1843 1842 1850 1835 1827 1821 1820 1817 1822 1826 1832 1830 1843 1842 1845 1848 1836 1838 1830 1834 1830 1828 1829 1832 1837 1848 1853 1849 1853 1856 1852 1853 1846 1848 1867 1881 1890 1897 1930 1965 1954 1923 1959 1972 1958 1928 1901 1888
1913 1909 1905 1907 1909 1908 1899 1895 1889 1883 1883 1882 1879 1876 1868 1863 1866 1867 1870 1877 1877 1878 1869 1859 1854 1858 1852 1853 1851 1849 1849 1844 1842 1843 1843 1850 1852 1839 1828 1821 1816 1815 1820 1823 1822 1825 1834 1838 1834 1828 1831 1829 1823 1825 1821 1821 1823 1827 1840 1850 1849 1845 1845 1850 1856 1854 1857 1872 1890 1916 1930 1933 1943 1960 1934 1921 1937 1968 1971 1933 1891 1868
1910 1903 1899 1900 1908 1907 1906 1898 1892 1889 1890 1898 1898 1894 1885 1875 1864 1867 1863 1868 1880 1889 1883 1874 1868 1851 1849 1846 1846 1846 1846 1844 1839 1840 1845 1854 1859 1846 1826 1820 1813 1811 1812 1817 1814 1823 1841 1832 1825 1822 1821 1821 1815 1815 1820 1821 1823 1829 1841 1848 1848 1842 1843 1854 1860 1870 1883 1906 1923 1926 1933 1922 1929 1936 1918 1900 1922 1941 1957 1950 1911 1872
1909 1903 1900 1899 1903 1909 1908 1906 1900 1896 1900 1902 1905 1904 1897 1884 1876 1868 1864 1861 1871 1881 1883 1886 1877 1866 1845 1842 1840 1838 1840 1838 1836 1837 1847 1859 1866 1848 1832 1817 1810 1809 1809 1813 1813 1822 1843 1831 1817 1815 1817 1817 1808 1813 1821 1824 1828 1838 1845 1852 1846 1845 1848 1859 1873 1881 1891 1900 1898 1893 1880 1872 1886 1903 1901 1895 1902 1909 1945 1952 1936 1901
1909 1905 1902 1903 1903 1903 1906 1909 1904 1908 1903 1905 1903 1901 1900 1895 1884 1878 1868 1860 1864 1872 1876 1885 1890 1874 1858 1845 1836 1829 1833 1832 1827 1833 1846 1861 1866 1854 1835 1823 1818 1811 1813 1816 1816 1827 1840 1829 1813 1808 1808 1807 1810 1816 1826 1834 1837 1845 1855 1857 1858 1851 1851 1855 1869 1875 1867 1861 1859 1857 1859 1846 1859 1882 1877 1879 1880 1888 1909 1936 1942 1920
1907 1905 1904 1902 1900 1896 1896 1897 1902 1899 1902 1900 1905 1907 1900 1894 1887 1872 1863 1858 1857 1866 1869 1881 1886 1883 1872 1857 1841 1828 1826 1827 1830 1836 1849 1860 1859 1853 1845 1838 1828 1823 1818 1826 1827 1832 1842 1831 1816 1804 1804 1799 1804 1816 1831 1837 1849 1855 1861 1865 1863 1857 1845 1848 1853 1856 1845 1837 1842 1854 1861 1854 1857 1862 1858 1851 1859 1867 1884 1896 1910 1913
1898 1901 1902 1899 1895 1891 1892 1895 1894 1895 1892 1895 1899 1900 1896 1886 1870 1857 1850 1851 1853 1856 1865 1871 1876 1880 1873 1861 1848 1831 1830 1832 1837 1847 1854 1855 1849 1844 1842 1838 1832 1825 1822 1825 1829 1830 1832 1829 1820 1813 1804 1797 1798 1808 1821 1833 1842 1855 1861 1862 1858 1847 1844 1840 1850 1855 1839 1833 1831 1842 1854 1846 1845 1846 1831 1823 1841 1858 1876 1881 1896 1891
1893 1887 1896 1893 1886 1887 1892 1901 1898 1896 1894 1893 1895 1898 1891 1885 1867 1845 1835 1843 1844 1842 1852 1857 1862 1869 1866 1854 1840 1831 1829 1831 1839 1847 1850 1850 1840 1833 1827 1825 1822 1816 1812 1811 1809 1814 1814 1817 1816 1806 1799 1788 1788 1798 1807 1816 1832 1844 1851 1851 1849 1841 1836 1842 1853 1858 1842 1832 1832 1835 1843 1829 1821 1824 1811 1808 1836 1864 1883 1886 1889 1891
1890 1896 1895 1892 1886 1883 1895 1906 1905 1898 1895 1890 1890 1890 1890 1884 1870 1843 1829 1830 1832 1833 1839 1846 1847 1859 1858 1844 1834 1823 1826 1830 1837 1841 1845 1842 1833 1818 1813 1811 1809 1806 1802 1795 1797 1798 1805 1807 1800 1796 1787 1782 1784 1785 1797 1806 1816 1833 1843 1845 1842 1837 1840 1847 1857 1854 1836 1835 1837 1849 1848 1827 1807 1799 1797 1811 1833 1859 1874 1879 1886 1867
1911 1902 1905 1900 1888 1893 1899 1914 1915 1905 1896 1889 1887 1882 1881 1880 1874 1851 1828 1823 1821 1819 1834 1837 1840 1847 1851 1841 1830 1821 1826 1828 1835 1840 1844 1839 1825 1816 1802 1799 1799 1798 1798 1799 1797 1807 1807 1803 1793 1790 1792 1792 1784 1789 1790 1799 1807 1818 1837 1834 1833 1833 1839 1852 1860 1850 1832 1833 1840 1850 1857 1830 1804 1793 1796 1813 1834 1844 1863 1872 1868 1858
1911 1913 1908 1908 1908 1907 1914 1926 1921 1908 1898 1894 1884 1878 1868 1877 1874 1863 1843 1824 1816 1808 1820 1833 1832 1837 1840 1836 1827 1819 1820 1816 1821 1830 1828 1830 1819 1809 1801 1795 1792 1795 1801 1803 1803 1801 1799 1790 1780 1786 1796 1796 1799 1796 1801 1806 1799 1819 1826 1824 1826 1832 1847 1855 1857 1853 1844 1842 1836 1838 1844 1829 1793 1784 1796 1819 1833 1841 1866 1879 1890 1866
1906 1907 1908 1909 1911 1911 1916 1921 1921 1909 1900 1895 1889 1871 1872 1874 1874 1873 1863 1848 1826 1817 1814 1821 1821 1828 1833 1824 1814 1809 1812 1809 1814 1814 1818 1814 1806 1803 1795 1790 1785 1780 1785 1785 1786 1780 1782 1774 1775 1783 1792 1801 1806 1819 1818 1820 1822 1825 1832 1825 1831 1847 1853 1858 1856 1853 1854 1846 1832 1831 1840 1831 1804 1791 1805 1835 1838 1846 1866 1887 1897 1884
1902 1904 1905 1911 1908 1904 1901 1919 1924 1916 1910 1907 1898 1889 1888 1886 1883 1882 1889 1876 1866 1837 1832 1822 1818 1835 1838 1826 1806 1792 1802 1809 1815 1811 1812 1809 1801 1791 1789 1781 1777 1768 1770 1771 1765 1767 1764 1767 1762 1775 1782 1794 1808 1819 1827 1832 1829 1832 1829 1821 1841 1851 1853 1850 1848 1848 1840 1841 1837 1834 1847 1846 1835 1827 1839 1856 1849 1841 1860 1881 1896 1885
1900 1904 1904 1910 1901 1890 1890 1909 1923 1923 1921 1918 1911 1907 1909 1906 1898 1905 1909 1905 1889 1882 1850 1835 1836 1852 1863 1841 1806 1792 1796 1808 1818 1817 1810 1814 1801 1790 1778 1776 1768 1766 1765 1758 1752 1747 1748 1742 1749 1758 1772 1783 1793 1807 1816 1830 1829 1819 1807 1820 1839 1847 1843 1834 1829 1817 1812 1815 1831 1834 1841 1853 1853 1858 1864 1861 1844 1833 1850 1874 1891 1885
1900 1896 1897 1897 1899 1881 1893 1899 1909 1914 1920 1921 1911 1909 1915 1913 1911 1916 1911 1906 1907 1893 1872 1853 1849 1873 1869 1844 1817 1786 1793 1809 1820 1816 1816 1810 1802 1783 1772 1762 1758 1754 1754 1744 1734 1730 1729 1731 1739 1752 1769 1783 1784 1798 1821 1836 1834 1819 1811 1820 1840 1844 1834 1824 1809 1800 1783 1799 1815 1823 1825 1836 1844 1853 1853 1847 1821 1815 1832 1857 1871 1872
1895 1888 1878 1885 1885 1888 1889 1894 1894 1899 1908 1912 1906 1901 1905 1909 1914 1915 1908 1906 1909 1904 1894 1878 1883 1884 1873 1848 1816 1804 1797 1807 1816 1818 1811 1809 1801 1784 1769 1757 1750 1739 1738 1725 1714 1717 1722 1728 1744 1758 1775 1783 1787 1793 1820 1838 1835 1818 1809 1818 1831 1833 1828 1821 1810 1793 1788 1790 1801 1803 1809 1814 1823 1829 1835 1821 1802 1796 1809 1828 1845 1852
