Data/tmin/PRISM_tmin_pr_1963-1995_normal_450mM1_11_asc.asc
ncols 557
nrows 164
xllcorner -67.31875000000
yllcorner 17.86875000000
cellsize 0.00416666667
NODATA_value -9999
[rows 0 to 35 of 164, columns 82 to 163 of 557]
-9999 -9999 -9999 -9999 -9999 -9999 -9999 -9999 -9999 -9999 -9999 -9999 -9999 -9999 -9999 -9999 -9999 -9999 -9999 -9999 -9999 -9999 -9999 -9999 -9999 -9999 -9999 -9999 -9999 -9999 -9999 -9999 -9999 -9999 -9999 -9999 -9999 -9999 -9999 -9999 -9999 -9999 -9999 -9999 -9999 -9999 -9999 -9999 -9999 -9999 -9999 -9999 -9999 -9999 -9999 -9999 -9999 -9999 -9999 -9999 -9999 -9999 -9999 -9999 -9999 -9999 -9999 -9999 -9999 -9999 -9999 -9999 -9999 -9999 -9999 -9999 -9999 -9999 -9999 -9999 -9999 -9999
-9999 -9999 -9999 -9999 -9999 -9999 -9999 -9999 -9999 -9999 -9999 -9999 -9999 -9999 -9999 -9999 -9999 -9999 -9999 -9999 -9999 -9999 -9999 -9999 -9999 -9999 -9999 -9999 -9999 -9999 -9999 -9999 -9999 -9999 -9999 -9999 -9999 -9999 -9999 -9999 -9999 -9999 -9999 -9999 -9999 -9999 -9999 -9999 -9999 -9999 -9999 -9999 -9999 -9999 -9999 -9999 -9999 -9999 -9999 -9999 -9999 -9999 -9999 -9999 -9999 -9999 -9999 -9999 -9999 -9999 -9999 -9999 -9999 -9999 -9999 -9999 -9999 -9999 -9999 -9999 -9999 -9999
-9999 -9999 -9999 -9999 -9999 -9999 -9999 -9999 -9999 -9999 -9999 -9999 -9999 -9999 -9999 -9999 -9999 -9999 -9999 -9999 -9999 -9999 -9999 -9999 -9999 -9999 -9999 -9999 -9999 -9999 -9999 -9999 -9999 -9999 -9999 -9999 -9999 -9999 -9999 -9999 -9999 -9999 -9999 -9999 -9999 -9999 -9999 -9999 -9999 -9999 -9999 -9999 -9999 -9999 -9999 -9999 -9999 -9999 -9999 -9999 -9999 -9999 -9999 -9999 -9999 -9999 -9999 -9999 -9999 -9999 -9999 -9999 -9999 -9999 -9999 -9999 -9999 -9999 -9999 -9999 -9999 -9999
-9999 -9999 -9999 -9999 -9999 -9999 -9999 -9999 -9999 -9999 -9999 -9999 -9999 -9999 -9999 -9999 -9999 -9999 -9999 -9999 -9999 -9999 -9999 -9999 -9999 -9999 -9999 -9999 -9999 -9999 -9999 -9999 -9999 -9999 -9999 -9999 -9999 -9999 -9999 -9999 -9999 -9999 -9999 -9999 -9999 -9999 -9999 -9999 -9999 -9999 -9999 -9999 -9999 -9999 -9999 -9999 -9999 -9999 -9999 -9999 -9999 -9999 -9999 -9999 -9999 -9999 -9999 -9999 -9999 -9999 -9999 -9999 -9999 -9999 -9999 -9999 -9999 -9999 -9999 -9999 -9999 -9999
-9999 -9999 -9999 -9999 -9999 -9999 -9999 -9999 -9999 -9999 -9999 -9999 -9999 -9999 -9999 -9999 -9999 -9999 -9999 -9999 -9999 -9999 -9999 -9999 -9999 -9999 -9999 -9999 -9999 -9999 -9999 -9999 -9999 -9999 -9999 -9999 -9999 -9999 -9999 -9999 -9999 -9999 -9999 -9999 -9999 -9999 -9999 -9999 -9999 -9999 -9999 -9999 -9999 -9999 -9999 -9999 -9999 -9999 -9999 -9999 -9999 -9999 -9999 -9999 -9999 -9999 -9999 -9999 -9999 -9999 -9999 -9999 -9999 -9999 -9999 -9999 -9999 -9999 -9999 -9999 -9999 -9999
-9999 -9999 -9999 -9999 -9999 -9999 -9999 -9999 -9999 -9999 -9999 -9999 -9999 -9999 -9999 -9999 -9999 -9999 -9999 -9999 -9999 -9999 -9999 -9999 -9999 -9999 -9999 -9999 -9999 -9999 -9999 -9999 -9999 -9999 -9999 -9999 -9999 -9999 -9999 -9999 -9999 -9999 -9999 -9999 -9999 -9999 -9999 -9999 -9999 -9999 -9999 -9999 -9999 -9999 -9999 -9999 -9999 -9999 -9999 -9999 -9999 -9999 -9999 -9999 -9999 -9999 -9999 -9999 -9999 -9999 -9999 -9999 -9999 -9999 -9999 -9999 -9999 -9999 -9999 -9999 -9999 -9999
-9999 -9999 -9999 -9999 -9999 -9999 -9999 -9999 -9999 -9999 -9999 -9999 -9999 -9999 -9999 -9999 -9999 -9999 -9999 -9999 -9999 -9999 -9999 -9999 -9999 -9999 -9999 -9999 -9999 -9999 -9999 -9999 -9999 -9999 -9999 -9999 -9999 -9999 -9999 -9999 -9999 -9999 -9999 -9999 -9999 -9999 -9999 -9999 -9999 -9999 -9999 -9999 -9999 -9999 -9999 -9999 -9999 -9999 -9999 -9999 -9999 -9999 -9999 -9999 -9999 -9999 -9999 -9999 -9999 -9999 -9999 -9999 -9999 -9999 -9999 -9999 -9999 -9999 -9999 -9999 -9999 -9999
-9999 -9999 -9999 -9999 -9999 -9999 -9999 -9999 -9999 -9999 -9999 -9999 -9999 -9999 -9999 -9999 -9999 -9999 -9999 -9999 -9999 -9999 -9999 -9999 -9999 -9999 -9999 -9999 -9999 -9999 -9999 -9999 -9999 -9999 -9999 -9999 -9999 -9999 -9999 -9999 -9999 -9999 -9999 -9999 -9999 -9999 -9999 -9999 -9999 -9999 -9999 -9999 -9999 -9999 -9999 -9999 -9999 -9999 -9999 -9999 -9999 -9999 -9999 -9999 -9999 -9999 -9999 -9999 -9999 -9999 -9999 -9999 -9999 -9999 -9999 -9999 -9999 -9999 -9999 -9999 -9999 -9999
-9999 -9999 -9999 -9999 -9999 -9999 -9999 -9999 -9999 -9999 -9999 -9999 -9999 -9999 -9999 -9999 -9999 -9999 -9999 -9999 -9999 -9999 -9999 -9999 -9999 -9999 -9999 -9999 -9999 -9999 -9999 -9999 -9999 -9999 -9999 -9999 -9999 -9999 -9999 -9999 -9999 -9999 -9999 -9999 -9999 -9999 -9999 -9999 -9999 -9999 -9999 -9999 -9999 -9999 -9999 -9999 -9999 -9999 -9999 -9999 -9999 -9999 -9999 -9999 -9999 -9999 -9999 -9999 -9999 -9999 -9999 -9999 -9999 -9999 -9999 -9999 -9999 -9999 -9999 -9999 -9999 -9999
-9999 -9999 -9999 -9999 -9999 -9999 -9999 -9999 -9999 -9999 -9999 -9999 -9999 -9999 -9999 -9999 -9999 -9999 -9999 -9999 -9999 -9999 -9999 -9999 -9999 -9999 -9999 -9999 -9999 -9999 -9999 -9999 -9999 -9999 -9999 -9999 -9999 -9999 -9999 -9999 -9999 -9999 -9999 -9999 -9999 -9999 -9999 -9999 -9999 -9999 -9999 -9999 -9999 -9999 -9999 -9999 -9999 -9999 -9999 -9999 -9999 -9999 -9999 -9999 -9999 -9999 -9999 -9999 -9999 -9999 -9999 -9999 -9999 -9999 -9999 -9999 -9999 -9999 -9999 -9999 -9999 -9999
-9999 -9999 -9999 -9999 -9999 -9999 -9999 -9999 -9999 -9999 -9999 -9999 -9999 -9999 -9999 -9999 -9999 -9999 -9999 -9999 -9999 -9999 -9999 -9999 -9999 -9999 -9999 -9999 -9999 -9999 -9999 -9999 -9999 -9999 -9999 -9999 -9999 -9999 -9999 -9999 -9999 -9999 -9999 -9999 -9999 -9999 -9999 -9999 -9999 -9999 -9999 -9999 -9999 -9999 -9999 -9999 -9999 -9999 -9999 -9999 -9999 -9999 -9999 -9999 -9999 -9999 -9999 -9999 -9999 -9999 -9999 -9999 -9999 -9999 -9999 -9999 -9999 -9999 -9999 -9999 -9999 -9999
2144 2137 2130 2127 -9999 -9999 2103 2097 2093 2084 -9999 -9999 -9999 -9999 -9999 -9999 -9999 -9999 -9999 -9999 -9999 -9999 -9999 -9999 -9999 2030 2028 2025 2021 2017 2014 2015 -9999 -9999 -9999 -9999 -9999 2054 2065 2067 2070 2065 2067 2062 2051 2042 2023 2017 -9999 -9999 -9999 -9999 -9999 -9999 -9999 -9999 -9999 -9999 -9999 -9999 -9999 -9999 -9999 -9999 -9999 -9999 -9999 -9999 -9999 -9999 -9999 -9999 -9999 -9999 -9999 -9999 -9999 -9999 -9999 -9999 2010 2004
2151 2145 2140 2134 2132 2126 2116 2111 2103 2093 2087 2087 2086 2089 2090 -9999 -9999 -9999 -9999 2068 2062 2057 2052 2046 2041 2035 2032 2029 2024 2021 2019 2018 2019 2016 2014 2020 2030 2045 2049 2063 2052 2058 2055 2050 2045 2030 2019 2006 2000 1997 -9999 -9999 -9999 -9999 -9999 -9999 -9999 -9999 -9999 -9999 -9999 -9999 -9999 -9999 -9999 -9999 -9999 -9999 -9999 -9999 -9999 -9999 2019 2019 2020 2021 2023 2024 2025 2026 2018 2011
2154 2148 2143 2139 2130 2124 2123 2119 2114 2107 2100 2096 2095 2092 2095 2099 2099 2094 2088 2077 2072 2066 2060 2054 2048 2044 2040 2036 2033 2028 2024 2022 2016 2014 2012 2014 2025 2032 2043 2044 2044 2044 2046 2042 2034 2022 2009 2005 2001 2001 2003 2003 -9999 -9999 -9999 -9999 -9999 -9999 -9999 -9999 -9999 -9999 -9999 -9999 -9999 -9999 2015 -9999 -9999 -9999 2016 2016 2017 2018 2018 2019 2021 2022 2023 2025 2022 2012
2151 2147 2144 2140 2132 2127 2131 2131 2128 2120 2113 2109 2106 2103 2100 2101 2097 2093 2086 2084 2075 2074 2067 2060 2055 2052 2048 2045 2042 2037 2029 2021 2016 2012 2011 2009 2016 2023 2028 2033 2027 2030 2030 2029 2024 2016 2009 2008 2007 2004 2002 2001 2000 1999 -9999 -9999 -9999 -9999 -9999 -9999 -9999 -9999 -9999 -9999 -9999 2013 2014 2014 -9999 2013 2014 2014 2015 2015 2016 2017 2018 2017 2018 2019 2018 2012
2144 2144 2143 2143 2135 2133 2137 2142 2140 2138 2132 2130 2125 2119 2111 2106 2100 2095 2093 2088 2088 2084 2082 2075 2070 2068 2066 2061 2060 2049 2038 2028 2019 2012 2011 2012 2012 2020 2026 2029 2027 2029 2028 2027 2025 2020 2019 2018 2015 2011 2004 2002 1998 1997 2006 2010 2016 2016 2016 2016 2015 2014 2014 2013 2012 2012 2012 2012 2011 2012 2011 2011 2011 2012 2013 2014 2013 2011 2011 2012 2014 2013
2137 2139 2141 2143 2140 2132 2141 2143 2146 2146 2144 2143 2140 2133 2128 2123 2116 2109 2104 2102 2094 2094 2090 2085 2080 2081 2079 2078 2074 2068 2057 2047 2034 2022 2018 2016 2019 2021 2028 2035 2038 2041 2040 2037 2034 2032 2028 2027 2026 2020 2013 2008 2004 2003 2006 2013 2012 2012 2012 2012 2013 2013 2012 2012 2011 2011 2010 2009 2009 2008 2008 2008 2009 2010 2011 2012 2012 2012 2013 2015 2016 2016
2136 2138 2141 2138 2132 2134 2135 2144 2145 2147 2147 2146 2144 2142 2139 2137 2128 2123 2119 2113 2110 2107 2106 2102 2097 2096 2097 2091 2089 2087 2081 2071 2054 2039 2029 2028 2025 2027 2033 2039 2045 2049 2048 2045 2043 2041 2040 2037 2035 2030 2026 2026 2020 2016 2017 2015 2012 2009 2007 2008 2009 2010 2009 2009 2009 2009 2008 2008 2008 2008 2008 2008 2008 2009 2011 2011 2012 2012 2014 2016 2019 2013
2137 2139 2137 2135 2133 2131 2140 2144 2146 2146 2146 2146 2143 2141 2140 2138 2134 2127 2127 2127 2123 2122 2120 2114 2109 2107 2107 2099 2098 2097 2096 2087 2071 2049 2039 2027 2029 2031 2040 2049 2053 2058 2056 2052 2050 2049 2046 2044 2038 2033 2033 2034 2033 2030 2030 2028 2022 2012 2008 2004 2004 2005 2005 2007 2007 2006 2006 2006 2007 2007 2008 2008 2008 2009 2010 2011 2010 2010 2012 2016 2015 2010
2134 2137 2138 2135 2136 2140 2143 2149 2152 2152 2151 2148 2146 2142 2142 2143 2139 2134 2129 2131 2130 2127 2125 2123 2119 2120 2119 2114 2108 2109 2108 2101 2084 2068 2045 2037 2034 2043 2054 2063 2066 2067 2065 2060 2055 2048 2043 2040 2035 2031 2033 2035 2032 2032 2036 2040 2034 2026 2015 2007 2004 2003 2003 2004 2004 2003 2003 2004 2005 2007 2007 2007 2008 2008 2010 2011 2012 2012 2014 2016 2011 2006
2127 2129 2131 2135 2138 2141 2146 2154 2160 2159 2157 2156 2151 2149 2148 2150 2150 2143 2137 2134 2133 2133 2133 2134 2135 2135 2135 2130 2127 2123 2121 2115 2102 2082 2064 2054 2053 2061 2071 2075 2076 2077 2074 2069 2062 2052 2045 2043 2040 2040 2039 2037 2032 2030 2032 2036 2035 2024 2014 2007 2002 2002 2002 2002 2002 2001 2001 2001 2004 2005 2007 2007 2008 2009 2010 2011 2012 2013 2015 2013 2008 2005
2118 2123 2127 2132 2139 2143 2147 2155 2158 2159 2158 2157 2156 2153 2152 2150 2151 2147 2141 2138 2134 2132 2133 2135 2135 2136 2137 2134 2131 2127 2124 2116 2105 2092 2078 2066 2064 2073 2082 2083 2081 2081 2079 2075 2067 2061 2055 2053 2055 2055 2053 2049 2043 2037 2032 2030 2026 2018 2012 2006 2002 2002 2001 2001 2001 2001 2001 2001 2001 2003 2006 2007 2007 2007 2009 2010 2011 2012 2013 2011 2010 2013
2115 2120 2126 2132 2138 2142 2146 2149 2153 2154 2155 2155 2154 2154 2153 2151 2147 2147 2147 2142 2140 2135 2134 2133 2132 2133 2134 2133 2129 2126 2120 2111 2102 2094 2079 2066 2056 2066 2075 2077 2077 2077 2077 2074 2071 2067 2061 2059 2059 2062 2061 2057 2053 2045 2037 2030 2026 2025 2022 2018 2008 2001 2001 2001 2001 2001 2000 2000 2000 2002 2004 2005 2003 2005 2005 2009 2010 2009 2009 2013 2018 2026
2108 2115 2124 2127 2133 2141 2141 2145 2148 2150 2151 2152 2151 2151 2151 2149 2147 2146 2146 2146 2142 2140 2137 2137 2131 2132 2133 2130 2128 2124 2121 2114 2106 2098 2087 2070 2054 2063 2068 2067 2068 2069 2068 2067 2065 2062 2057 2052 2053 2056 2056 2056 2056 2053 2047 2041 2040 2039 2036 2027 2010 2001 2000 2000 2000 2000 2000 2000 2000 2001 2002 2001 2000 2000 2003 2005 2007 2008 2009 2015 2029 2037
2103 2112 2121 2126 2132 2138 2142 2143 2145 2147 2148 2149 2149 2147 2146 2146 2144 2144 2145 2141 2140 2138 2139 2136 2134 2130 2129 2127 2123 2121 2120 2117 2110 2102 2091 2077 2068 2072 2074 2069 2067 2067 2066 2063 2062 2059 2053 2049 2047 2049 2049 2051 2053 2057 2057 2056 2055 2052 2043 2031 2013 2002 2000 2000 2000 2000 1999 1999 1999 2000 2000 1999 1999 2000 2001 2004 2008 2009 2011 2016 2026 2032
2103 2111 2121 2124 2130 2136 2135 2138 2144 2146 2147 2147 2146 2145 2143 2142 2144 2144 2143 2141 2139 2138 2137 2136 2130 2126 2124 2121 2118 2115 2113 2112 2108 2105 2101 2088 2081 2087 2086 2080 2074 2072 2074 2070 2065 2060 2055 2052 2050 2050 2052 2049 2051 2054 2057 2057 2057 2056 2048 2037 2016 2003 1999 1999 1999 1999 1999 1998 1998 1998 1999 2000 2003 2003 2006 2011 2012 2015 2015 2017 2023 2024
2104 2111 2121 2122 2125 2125 2124 2124 2129 2137 2139 2139 2139 2137 2137 2137 2141 2140 2138 2137 2138 2133 2131 2125 2123 2119 2116 2113 2110 2107 2104 2102 2102 2102 2097 2081 2081 2088 2089 2083 2078 2077 2077 2075 2071 2066 2056 2056 2056 2056 2056 2053 2049 2050 2050 2047 2046 2047 2047 2038 2015 2000 1998 1998 1999 1998 1998 1997 1997 1998 2000 2004 2008 2012 2014 2018 2021 2023 2023 2025 2026 2026
2098 2106 2115 2117 2119 2120 2115 2119 2122 2122 2124 2124 2122 2121 2120 2122 2125 2125 2122 2125 2124 2122 2115 2111 2111 2109 2105 2103 2098 2094 2092 2091 2090 2093 2082 2077 2075 2086 2084 2081 2075 2069 2069 2064 2061 2054 2049 2046 2050 2048 2046 2043 2039 2039 2034 2032 2030 2036 2039 2035 2018 1998 1997 1997 1997 1998 1997 1998 1998 2000 2002 2005 2010 2012 2013 2017 2023 2027 2030 2032 2034 2032
2084 2094 2104 2106 2107 2110 2112 2115 2118 2112 2107 2105 2103 2101 2100 2100 2103 2103 2102 2104 2109 2106 2100 2096 2094 2091 2086 2082 2077 2074 2070 2073 2075 2077 2077 2069 2081 2077 2075 2071 2069 2068 2061 2057 2052 2045 2035 2036 2036 2034 2029 2026 2024 2020 2018 2014 2014 2019 2025 2030 2016 2009 1998 1996 1997 1996 1999 1999 2000 2002 2006 2008 2011 2013 2016 2018 2024 2029 2030 2031 2030 2028
2075 2083 2090 2091 2094 2095 2093 2100 2100 2094 2091 2090 2088 2085 2083 2081 2084 2083 2084 2085 2086 2085 2081 2073 2074 2071 2062 2060 2055 2051 2050 2049 2054 2053 2059 2060 2069 2066 2061 2058 2054 2056 2055 2051 2045 2037 2029 2025 2023 2015 2009 2005 2004 1999 1997 1996 1996 2001 2005 2011 2015 2007 2006 1997 1996 1997 1999 2001 2000 2001 2004 2009 2010 2015 2015 2017 2021 2023 2025 2024 2022 2022
2074 2076 2081 2080 2082 2085 2082 2083 2085 2090 2084 2080 2080 2076 2073 2071 2070 2072 2069 2066 2063 2061 2056 2051 2053 2051 2041 2036 2030 2027 2023 2024 2025 2032 2033 2044 2052 2052 2047 2041 2038 2039 2039 2036 2029 2020 2017 2013 2008 2002 1994 1990 1987 1986 1981 1980 1979 1984 1987 1991 1993 2003 1999 1999 1996 1996 1998 1998 1997 1997 2001 2007 2009 2010 2012 2008 2007 2012 2015 2017 2011 2012
2074 2076 2077 2078 2078 2079 2077 2076 2086 2090 2083 2074 2069 2066 2061 2060 2056 2055 2049 2043 2037 2037 2031 2028 2030 2028 2020 2015 2008 2000 1997 1997 2002 2007 2018 2021 2034 2037 2030 2026 2021 2023 2021 2017 2008 2001 1996 1993 1989 1985 1983 1981 1978 1975 1974 1968 1968 1970 1971 1972 1980 1984 1995 1995 1996 1995 1995 1996 1996 1996 1999 1999 2002 2001 1996 1991 1989 1993 2003 2001 1998 1995
2078 2077 2077 2074 2074 2074 2072 2074 2079 2086 2073 2061 2055 2048 2045 2040 2039 2032 2023 2018 2014 2014 2007 2003 2005 2005 1998 1996 1985 1977 1972 1972 1979 1988 1995 2002 2014 2017 2014 2006 2001 1999 1998 1993 1985 1979 1974 1970 1967 1967 1968 1968 1966 1964 1960 1963 1958 1960 1963 1965 1966 1978 1989 1989 1989 1995 1996 1996 1996 1996 1992 1989 1981 1982 1978 1973 1973 1980 1985 1990 1984 1984
2078 2071 2066 2067 2060 2064 2066 2063 2065 2067 2055 2046 2039 2031 2022 2021 2013 2007 2001 1993 1991 1989 1982 1978 1978 1980 1975 1970 1961 1954 1952 1952 1957 1965 1972 1977 1986 2001 1993 1985 1982 1975 1974 1971 1966 1957 1955 1953 1949 1949 1950 1952 1953 1947 1948 1944 1946 1950 1959 1961 1962 1971 1972 1971 1971 1979 1994 1995 1996 1995 1990 1973 1970 1964 1963 1963 1965 1968 1974 1975 1976 1976
2060 2054 2053 2048 2048 2050 2058 2057 2046 2041 2034 2026 2017 2008 1999 1993 1989 1983 1977 1974 1964 1962 1958 1954 1957 1955 1953 1944 1937 1934 1935 1934 1941 1947 1948 1952 1964 1976 1979 1969 1958 1952 1951 1951 1946 1940 1937 1935 1933 1930 1930 1933 1933 1930 1925 1926 1925 1934 1947 1955 1953 1952 1958 1944 1945 1963 1975 1990 1993 1992 1982 1965 1955 1956 1955 1955 1958 1960 1963 1966 1967 1971
2045 2042 2038 2037 2030 2038 2049 2049 2036 2026 2018 2011 2004 1990 1978 1971 1964 1960 1958 1955 1946 1939 1936 1936 1933 1935 1931 1923 1913 1914 1920 1924 1932 1938 1934 1934 1940 1957 1963 1948 1939 1933 1931 1928 1926 1915 1914 1913 1909 1911 1911 1914 1912 1906 1905 1903 1905 1910 1930 1929 1929 1927 1926 1925 1929 1940 1959 1973 1989 1988 1975 1949 1942 1945 1948 1952 1951 1954 1955 1959 1963 1964
