Data/tmax/PRISM_tmax_pr_1963-1995_normal_450mM1_08_asc.asc
ncols 557
nrows 164
xllcorner -67.31875000000
yllcorner 17.86875000000
cellsize 0.00416666667
NODATA_value -9999
[rows 72 to 107 of 164, columns 82 to 163 of 557]
3203 3177 3174 3152 3124 3112 3158 3189 3176 3182 3211 3247 3239 3224 3211 3220 3240 3245 3233 3231 3231 3234 3209 3194 3186 3189 3158 3130 3096 3043 3015 2987 2994 2985 2977 2966 2957 2928 2904 2900 2909 2906 2920 2947 2950 2929 2898 2875 2860 2860 2869 2883 2899 2940 3002 3061 3108 3140 3154 3162 3190 3203 3202 3202 3195 3179 3163 3158 3159 3164 3160 3172 3165 3139 3109 3116 3132 3132 3133 3105 3065 3005
3169 3146 3159 3154 3123 3106 3132 3145 3142 3150 3188 3224 3249 3214 3191 3179 3204 3215 3226 3228 3217 3201 3177 3159 3156 3165 3166 3148 3128 3101 3040 3000 2970 2965 2952 2943 2939 2918 2895 2891 2911 2920 2938 2939 2915 2902 2894 2869 2839 2814 2815 2829 2858 2908 2974 3045 3089 3107 3117 3128 3169 3196 3192 3191 3189 3183 3166 3149 3139 3142 3147 3143 3147 3132 3119 3116 3119 3125 3114 3087 3068 3029
3148 3132 3140 3139 3117 3101 3114 3143 3152 3181 3200 3234 3242 3219 3176 3157 3158 3177 3197 3204 3197 3168 3141 3113 3116 3138 3148 3146 3148 3120 3088 3033 3001 2970 2950 2928 2920 2909 2898 2905 2911 2923 2930 2907 2873 2865 2890 2867 2818 2788 2770 2776 2803 2847 2927 2998 3051 3065 3078 3115 3160 3180 3172 3165 3164 3161 3150 3125 3110 3124 3130 3119 3115 3113 3112 3098 3101 3106 3085 3057 3059 3058
3110 3101 3106 3112 3110 3113 3136 3159 3199 3212 3228 3241 3244 3216 3172 3126 3111 3123 3153 3178 3183 3178 3148 3115 3098 3106 3110 3116 3119 3131 3111 3086 3043 3017 2976 2934 2908 2889 2887 2887 2890 2892 2902 2878 2836 2844 2866 2847 2801 2759 2734 2727 2752 2806 2875 2956 3003 3021 3063 3109 3157 3165 3147 3119 3108 3110 3096 3072 3072 3096 3104 3090 3073 3078 3087 3073 3073 3079 3056 3022 3038 3061
3081 3061 3071 3087 3108 3129 3148 3180 3204 3210 3207 3223 3226 3193 3158 3103 3068 3070 3097 3119 3153 3173 3166 3141 3122 3096 3075 3070 3092 3106 3122 3104 3088 3054 3025 2964 2917 2882 2868 2865 2854 2871 2894 2869 2844 2850 2868 2851 2800 2758 2716 2702 2741 2798 2858 2905 2941 2971 3019 3083 3125 3138 3125 3093 3061 3048 3034 3018 3031 3067 3076 3060 3039 3046 3063 3049 3053 3062 3036 3017 3043 3054
3072 3050 3050 3083 3119 3151 3168 3196 3209 3194 3195 3202 3196 3174 3143 3098 3046 3022 3029 3052 3088 3132 3145 3144 3144 3110 3067 3042 3039 3064 3084 3090 3081 3073 3047 3010 2954 2915 2894 2871 2855 2862 2885 2873 2861 2868 2882 2870 2830 2795 2746 2729 2759 2799 2818 2833 2849 2893 2969 3040 3087 3118 3133 3106 3075 3046 3014 2985 2995 3025 3034 3033 3024 3025 3034 3018 3026 3034 3032 3038 3053 3050
3058 3037 3063 3110 3153 3179 3192 3200 3204 3181 3167 3177 3166 3143 3127 3093 3043 2993 2977 2990 3034 3076 3092 3116 3135 3125 3080 3032 3007 3006 3032 3038 3039 3039 3047 3027 2990 2961 2939 2903 2861 2851 2864 2860 2865 2878 2879 2868 2851 2816 2793 2768 2776 2781 2774 2766 2785 2843 2941 3026 3084 3115 3124 3108 3081 3054 3001 2954 2948 2971 2982 3005 3015 3007 3000 2976 2985 3005 3025 3046 3064 3044
3040 3052 3091 3129 3156 3167 3166 3186 3180 3161 3142 3134 3131 3103 3085 3063 3026 2970 2938 2956 2998 3042 3068 3096 3127 3120 3093 3039 2991 2971 2973 2980 2985 2999 3022 3013 2986 2963 2956 2934 2878 2851 2854 2854 2853 2864 2860 2855 2832 2822 2807 2807 2809 2794 2775 2772 2791 2857 2946 3034 3094 3109 3093 3062 3067 3029 2971 2914 2895 2910 2924 2965 2992 2988 2959 2936 2940 2962 2994 3029 3049 3033
3057 3079 3119 3123 3105 3104 3123 3150 3174 3143 3111 3092 3083 3057 3029 3002 2977 2936 2921 2941 2990 3035 3081 3104 3115 3120 3095 3062 3018 2968 2947 2930 2950 2979 2988 2972 2932 2925 2945 2944 2927 2895 2885 2858 2842 2825 2827 2815 2796 2769 2778 2793 2803 2794 2773 2779 2816 2885 2977 3044 3093 3102 3068 3042 3042 3021 2952 2896 2867 2872 2889 2931 2970 2958 2930 2891 2888 2913 2954 2997 3014 2997
3071 3104 3127 3096 3059 3053 3076 3128 3132 3132 3089 3058 3039 3009 2974 2936 2914 2901 2895 2927 2969 3026 3068 3095 3083 3085 3078 3059 3031 3001 2951 2936 2945 2971 2974 2930 2891 2874 2903 2947 2953 2938 2921 2882 2830 2810 2797 2776 2743 2716 2725 2748 2770 2762 2746 2758 2817 2908 2991 3048 3081 3089 3064 3039 3050 3038 2989 2942 2906 2893 2889 2932 2956 2938 2900 2855 2827 2857 2915 2970 2979 2954
3082 3112 3127 3092 3046 3046 3076 3090 3114 3109 3093 3063 3036 2995 2950 2904 2880 2879 2889 2921 2967 3019 3070 3055 3030 3026 3038 3014 3013 3002 2968 2934 2940 2972 2973 2939 2887 2857 2861 2910 2941 2943 2932 2894 2848 2813 2794 2767 2719 2696 2695 2711 2728 2731 2741 2779 2843 2925 3007 3025 3028 3048 3040 3031 3051 3053 3029 2996 2949 2912 2891 2903 2916 2883 2854 2801 2782 2812 2880 2934 2935 2927
3071 3101 3117 3091 3053 3059 3077 3081 3063 3077 3073 3060 3054 3026 2983 2935 2906 2897 2901 2929 2980 3031 3060 3038 2985 2985 2985 2976 2966 2971 2947 2908 2918 2953 2985 2968 2925 2871 2862 2870 2908 2927 2938 2921 2887 2859 2845 2796 2748 2714 2702 2694 2702 2718 2751 2804 2869 2940 2992 2990 2976 2985 2991 2996 3029 3051 3040 3007 2962 2905 2865 2876 2858 2826 2790 2760 2767 2825 2882 2925 2919 2922
3033 3066 3106 3084 3050 3046 3067 3050 3033 3027 3022 3035 3048 3051 3027 2983 2940 2916 2899 2924 2968 3018 3055 3038 2994 2970 2957 2938 2932 2943 2922 2899 2909 2960 2988 2980 2957 2918 2870 2860 2868 2908 2940 2935 2920 2913 2889 2846 2796 2762 2743 2727 2731 2746 2784 2843 2899 2953 2992 2968 2931 2929 2935 2956 2992 3024 3017 2986 2928 2875 2845 2849 2830 2777 2740 2723 2772 2840 2887 2905 2899 2922
3000 3051 3087 3090 3048 3035 3042 3042 3017 3005 2994 3001 3021 3031 3026 2998 2941 2898 2860 2878 2917 2975 3020 3037 3004 2966 2944 2920 2909 2916 2911 2913 2941 2975 2984 2969 2955 2931 2892 2848 2858 2893 2923 2919 2907 2915 2907 2884 2845 2823 2794 2782 2779 2785 2813 2857 2913 2966 2971 2941 2895 2889 2894 2919 2958 2979 2989 2978 2935 2886 2860 2861 2827 2773 2739 2731 2792 2850 2866 2881 2881 2918
3012 3042 3078 3087 3072 3043 3033 3025 3007 2982 2975 2974 2985 3004 3008 2995 2949 2884 2840 2830 2880 2924 2986 3009 2991 2964 2949 2928 2896 2879 2899 2922 2951 2978 2964 2934 2915 2903 2873 2841 2842 2880 2904 2870 2856 2871 2883 2889 2882 2870 2851 2835 2830 2832 2849 2883 2926 2955 2945 2894 2852 2833 2845 2879 2905 2930 2957 2971 2958 2915 2885 2868 2845 2819 2782 2771 2791 2811 2831 2851 2883 2915
3031 3037 3059 3079 3080 3059 3033 3006 2979 2958 2933 2944 2968 2979 3000 2999 2962 2904 2845 2841 2851 2890 2933 2962 2952 2943 2953 2938 2883 2855 2870 2904 2933 2953 2954 2909 2882 2870 2847 2822 2837 2877 2881 2846 2809 2810 2828 2858 2879 2890 2879 2872 2858 2863 2888 2916 2945 2954 2916 2863 2815 2787 2791 2823 2854 2877 2906 2941 2952 2935 2887 2863 2841 2835 2830 2792 2769 2749 2760 2813 2857 2892
3038 3048 3061 3084 3081 3065 3038 3011 2973 2937 2921 2921 2946 2969 2974 2982 2966 2914 2873 2846 2852 2852 2876 2903 2894 2899 2930 2934 2886 2843 2846 2874 2899 2940 2948 2932 2898 2880 2855 2836 2859 2888 2891 2848 2804 2786 2783 2825 2859 2880 2884 2861 2850 2852 2890 2931 2958 2965 2919 2863 2809 2771 2753 2765 2798 2821 2849 2891 2930 2933 2914 2864 2842 2838 2838 2823 2772 2732 2725 2772 2827 2836
3031 3036 3073 3078 3052 3029 3034 3030 2995 2966 2933 2928 2939 2944 2942 2957 2952 2925 2891 2870 2862 2860 2869 2863 2860 2860 2898 2923 2890 2840 2821 2834 2863 2905 2936 2936 2926 2899 2868 2845 2859 2881 2884 2857 2829 2792 2782 2794 2836 2870 2867 2855 2830 2833 2864 2916 2959 2972 2949 2895 2846 2793 2749 2736 2737 2755 2790 2834 2878 2910 2904 2882 2849 2837 2841 2830 2794 2747 2737 2772 2805 2798
3010 3034 3067 3068 3009 2985 3005 3014 3011 2990 2974 2957 2959 2943 2938 2922 2916 2898 2885 2861 2867 2876 2866 2863 2849 2846 2887 2919 2890 2845 2813 2792 2811 2851 2879 2909 2911 2890 2853 2828 2829 2855 2868 2865 2849 2825 2786 2785 2805 2843 2841 2820 2794 2795 2822 2877 2936 2974 2961 2940 2891 2842 2788 2737 2713 2703 2730 2781 2827 2858 2864 2849 2829 2818 2816 2817 2784 2748 2739 2765 2781 2760
2993 3028 3073 3058 3017 2987 2980 3005 2996 2998 2978 2963 2949 2950 2931 2917 2888 2861 2854 2852 2864 2867 2871 2858 2851 2846 2871 2903 2876 2832 2793 2770 2768 2791 2818 2847 2870 2842 2807 2778 2772 2802 2833 2830 2842 2830 2801 2782 2804 2822 2813 2776 2764 2761 2793 2850 2915 2943 2962 2955 2931 2885 2835 2783 2726 2687 2689 2731 2778 2808 2813 2801 2785 2775 2790 2788 2770 2742 2731 2746 2748 2716
2973 3022 3047 3049 3033 3018 2996 2981 2984 2960 2937 2911 2905 2900 2927 2923 2884 2851 2843 2845 2852 2855 2852 2858 2860 2851 2875 2893 2858 2801 2769 2741 2734 2741 2745 2790 2808 2783 2743 2713 2709 2743 2771 2782 2800 2793 2766 2763 2784 2806 2795 2768 2762 2778 2806 2863 2912 2935 2937 2954 2949 2919 2872 2820 2757 2698 2674 2684 2723 2754 2756 2751 2741 2742 2749 2763 2750 2727 2721 2720 2717 2695
2980 3008 3016 2994 3017 3014 2982 2978 2965 2943 2904 2885 2866 2870 2890 2908 2890 2853 2835 2829 2821 2811 2818 2841 2856 2871 2877 2905 2874 2818 2776 2747 2726 2696 2700 2742 2769 2731 2679 2641 2633 2676 2717 2742 2772 2745 2703 2710 2741 2776 2780 2776 2782 2809 2843 2884 2924 2922 2917 2935 2946 2931 2905 2855 2805 2756 2710 2693 2691 2698 2697 2700 2694 2704 2720 2719 2717 2718 2712 2714 2710 2697
2976 2984 2948 2942 2967 2964 2948 2950 2959 2940 2918 2890 2869 2857 2869 2883 2883 2867 2843 2817 2787 2770 2779 2799 2836 2847 2865 2889 2886 2861 2832 2798 2750 2690 2670 2707 2732 2708 2651 2599 2579 2617 2672 2712 2738 2717 2663 2655 2683 2718 2748 2746 2770 2803 2833 2868 2896 2889 2869 2889 2917 2921 2910 2881 2834 2792 2763 2719 2685 2661 2657 2665 2662 2672 2686 2696 2717 2735 2754 2743 2732 2718
2959 2949 2899 2884 2907 2913 2901 2913 2930 2930 2911 2894 2875 2868 2866 2862 2853 2843 2827 2806 2781 2760 2751 2766 2789 2817 2831 2862 2867 2853 2845 2823 2790 2734 2691 2697 2702 2689 2656 2598 2568 2585 2630 2671 2707 2697 2659 2644 2638 2661 2691 2697 2718 2742 2764 2792 2830 2831 2810 2836 2868 2880 2886 2860 2810 2769 2757 2740 2705 2674 2677 2682 2665 2665 2683 2701 2743 2788 2810 2805 2782 2761
2925 2911 2883 2862 2863 2870 2886 2886 2913 2929 2930 2922 2909 2918 2918 2885 2846 2818 2811 2812 2809 2783 2762 2750 2764 2786 2816 2839 2822 2810 2791 2776 2770 2755 2732 2710 2693 2682 2659 2622 2576 2572 2589 2614 2637 2655 2640 2631 2611 2608 2635 2657 2684 2708 2719 2743 2785 2795 2767 2784 2819 2827 2842 2819 2757 2712 2710 2720 2713 2713 2725 2733 2707 2699 2702 2727 2771 2822 2860 2869 2861 2830
2856 2883 2902 2887 2877 2905 2922 2917 2937 2973 2975 2958 2951 2948 2958 2941 2892 2849 2829 2843 2850 2838 2805 2784 2778 2779 2801 2810 2796 2782 2768 2751 2749 2747 2746 2730 2706 2695 2682 2645 2614 2585 2580 2580 2585 2588 2595 2603 2580 2559 2587 2634 2679 2712 2722 2736 2765 2768 2733 2734 2761 2766 2789 2767 2705 2645 2647 2669 2700 2733 2770 2784 2761 2737 2730 2738 2763 2817 2865 2896 2904 2891
2875 2902 2942 2944 2926 2944 2988 2968 2982 3008 3010 3001 2966 2950 2971 2983 2969 2922 2889 2867 2889 2885 2862 2852 2810 2784 2783 2780 2758 2765 2768 2772 2757 2746 2726 2713 2694 2685 2678 2660 2636 2614 2592 2586 2575 2576 2574 2587 2567 2546 2571 2624 2677 2712 2730 2737 2748 2739 2694 2684 2691 2701 2725 2716 2660 2609 2596 2630 2679 2735 2790 2820 2816 2790 2770 2760 2766 2783 2824 2860 2902 2918
2947 2951 2998 2996 2953 2974 3009 3026 3038 3045 3050 3025 2982 2948 2955 3000 3020 3003 2940 2905 2899 2916 2931 2921 2891 2831 2814 2803 2781 2776 2806 2821 2802 2761 2741 2715 2687 2680 2668 2655 2637 2612 2593 2600 2611 2621 2613 2615 2592 2573 2588 2630 2673 2710 2734 2742 2741 2720 2682 2662 2660 2651 2672 2674 2639 2592 2579 2608 2660 2714 2768 2818 2836 2839 2823 2808 2784 2780 2777 2806 2840 2886
3012 3000 3038 3030 2983 2958 2998 3054 3082 3092 3072 3044 2990 2945 2943 2984 3022 3035 3000 2931 2915 2934 2957 2991 2977 2922 2882 2871 2843 2835 2857 2879 2831 2786 2771 2755 2725 2684 2672 2659 2650 2633 2629 2646 2690 2713 2706 2676 2654 2620 2616 2643 2675 2710 2724 2731 2726 2722 2704 2689 2666 2647 2649 2640 2619 2582 2558 2588 2624 2672 2723 2771 2821 2852 2864 2851 2829 2804 2783 2780 2786 2811
3041 3035 3061 3055 3008 2974 2997 3044 3103 3115 3102 3055 3008 2969 2950 2961 3006 3039 3038 2992 2943 2947 2964 3007 3023 2992 2933 2925 2901 2880 2907 2919 2864 2815 2814 2820 2774 2742 2717 2716 2706 2703 2693 2723 2772 2814 2794 2758 2716 2669 2641 2646 2683 2711 2711 2709 2706 2715 2722 2711 2689 2672 2665 2645 2628 2600 2576 2607 2638 2664 2710 2754 2801 2856 2879 2884 2869 2858 2827 2802 2789 2777
3075 3078 3097 3072 3025 3017 3000 3033 3091 3125 3109 3061 3008 2966 2949 2958 2990 3031 3064 3050 3023 3010 3027 3045 3069 3018 2965 2961 2936 2914 2945 2971 2923 2881 2889 2882 2857 2823 2816 2804 2785 2761 2763 2779 2836 2878 2861 2812 2772 2714 2656 2645 2677 2705 2705 2693 2690 2701 2714 2710 2703 2714 2706 2676 2665 2639 2622 2649 2677 2684 2711 2750 2797 2852 2890 2896 2909 2905 2874 2851 2813 2790
3127 3135 3124 3082 3053 3050 3033 3035 3092 3139 3123 3052 2984 2954 2947 2974 2994 3037 3068 3089 3080 3093 3097 3113 3099 3058 3008 3006 2983 2961 2993 3006 2991 2955 2954 2958 2926 2897 2881 2852 2807 2803 2806 2843 2884 2929 2909 2863 2825 2766 2699 2656 2676 2698 2695 2689 2684 2683 2688 2690 2708 2746 2751 2724 2710 2693 2670 2703 2728 2717 2711 2730 2777 2839 2879 2893 2899 2935 2931 2894 2880 2839
3166 3162 3132 3097 3092 3077 3064 3055 3110 3159 3122 3047 2976 2938 2964 2981 3008 3033 3062 3080 3097 3104 3123 3137 3133 3104 3074 3074 3057 3036 3043 3049 3020 2993 3000 2998 2946 2907 2863 2822 2804 2819 2867 2910 2950 2979 2960 2917 2870 2815 2737 2680 2667 2672 2671 2685 2683 2679 2666 2674 2706 2768 2801 2782 2778 2755 2736 2754 2784 2756 2719 2719 2760 2828 2873 2873 2875 2920 2949 2943 2921 2903
3197 3170 3142 3136 3116 3118 3073 3075 3114 3161 3143 3081 3027 2996 3011 3024 3036 3042 3040 3058 3064 3087 3118 3158 3167 3160 3129 3131 3117 3115 3101 3076 3041 3008 3016 2995 2939 2862 2833 2810 2815 2868 2923 2976 3012 3028 3007 2953 2902 2834 2763 2701 2672 2650 2661 2686 2705 2695 2684 2681 2710 2776 2824 2852 2849 2833 2809 2812 2840 2809 2770 2757 2793 2853 2893 2891 2869 2917 2967 2956 2959 2938
3209 3194 3177 3166 3169 3143 3125 3090 3123 3169 3161 3122 3067 3039 3059 3089 3090 3069 3060 3050 3047 3056 3089 3131 3171 3173 3157 3147 3153 3148 3143 3105 3069 3041 3039 3006 2922 2861 2830 2830 2839 2885 2944 3001 3039 3060 3027 2989 2932 2873 2804 2755 2710 2672 2679 2706 2725 2736 2724 2721 2725 2759 2821 2877 2922 2915 2886 2881 2900 2876 2827 2811 2835 2890 2920 2929 2910 2922 2974 2992 2980 2943
3228 3217 3206 3195 3186 3186 3155 3137 3141 3185 3172 3121 3073 3045 3073 3117 3128 3100 3073 3096 3077 3072 3092 3122 3160 3189 3175 3167 3161 3159 3135 3119 3090 3069 3064 3014 2952 2903 2883 2882 2875 2905 2953 3012 3053 3050 3018 2974 2934 2885 2840 2812 2770 2730 2723 2738 2753 2791 2792 2770 2754 2756 2783 2867 2945 2979 2967 2948 2971 2947 2892 2851 2876 2921 2959 2976 2945 2932 2970 3006 3000 2953
