Data/tmax/PRISM_tmax_pr_1963-1995_normal_450mM1_annual_asc.asc
ncols 557
nrows 164
xllcorner -67.31875000000
yllcorner 17.86875000000
cellsize 0.00416666667
NODATA_value -9999
[rows 72 to 107 of 164, columns 328 to 409 of 557]
3041 3037 3035 3031 3040 3042 3037 3029 3024 3017 3005 2990 2968 2942 2904 2863 2837 2841 2829 2830 2832 2831 2820 2816 2814 2792 2754 2717 2683 2661 2636 2613 2616 2659 2714 2770 2814 2856 2885 2890 2849 2786 2733 2692 2678 2691 2722 2755 2805 2849 2881 2901 2902 2907 2931 2948 2959 2962 2972 2974 2955 2925 2918 2928 2924 2899 2871 2872 2880 2905 2945 2970 2978 2979 2981 2983 2986 2988 2991 2991 2989 2986
3017 3033 3018 3021 3026 3035 3038 3040 3037 3032 3030 3021 3009 2991 2960 2923 2900 2899 2888 2891 2889 2881 2883 2882 2871 2845 2808 2774 2742 2712 2684 2657 2661 2701 2748 2799 2851 2896 2934 2947 2912 2862 2813 2774 2756 2770 2793 2816 2856 2898 2929 2943 2923 2923 2936 2964 2973 2975 2985 2989 2975 2954 2949 2933 2905 2857 2869 2889 2918 2940 2965 2978 2980 2981 2981 2983 2987 2988 2989 2992 2989 2990
2990 3004 3013 3003 3009 3022 3034 3040 3042 3039 3036 3036 3029 3016 3001 2977 2953 2949 2940 2942 2940 2932 2932 2935 2923 2901 2868 2832 2796 2765 2734 2702 2703 2722 2756 2795 2831 2882 2937 2972 2964 2923 2882 2848 2831 2839 2858 2872 2905 2941 2965 2974 2959 2936 2942 2961 2987 2988 2995 2998 2990 2971 2954 2933 2878 2845 2864 2920 2948 2966 2977 2983 2981 2978 2974 2979 2983 2987 2988 2986 2989 2988
2963 2985 2991 2993 2995 3007 3023 3037 3041 3039 3037 3030 3016 3008 3006 2998 2997 2988 2985 2986 2982 2976 2974 2973 2966 2949 2919 2882 2848 2817 2785 2755 2740 2751 2770 2797 2821 2858 2918 2974 2991 2964 2934 2906 2897 2896 2910 2919 2934 2961 2983 2988 2979 2954 2935 2963 2985 2997 2993 2993 2996 2978 2958 2943 2905 2871 2895 2935 2967 2979 2987 2985 2978 2968 2970 2975 2984 2988 2987 2985 2981 2983
2961 2975 2987 2988 2995 3009 3023 3035 3039 3039 3036 3025 3007 2988 2985 3004 3010 3014 3010 3011 3007 3001 2997 2996 2990 2979 2958 2929 2899 2869 2838 2807 2796 2793 2813 2840 2858 2891 2939 2996 3007 2997 2971 2951 2945 2946 2952 2947 2943 2944 2972 2993 2992 2965 2943 2966 2989 2983 2967 2963 2982 2981 2967 2960 2950 2927 2943 2963 2983 2990 2991 2982 2966 2970 2974 2984 2989 2992 2992 2987 2982 2983
2954 2962 2971 2983 2996 3012 3026 3031 3034 3036 3036 3032 3021 3003 2997 3004 3019 3018 3010 3010 3008 3010 3005 2998 2993 2992 2977 2966 2945 2917 2889 2865 2849 2848 2865 2890 2911 2946 2990 3018 3031 3016 3001 2988 2988 2990 2993 2983 2953 2936 2953 2987 2999 2978 2959 2976 2986 2970 2938 2933 2968 2985 2975 2977 2974 2970 2976 2990 2995 2996 2992 2977 2967 2972 2987 2991 2991 2992 2992 2991 2989 2986
2941 2953 2965 2977 2989 3009 3023 3025 3023 3026 3030 3031 3028 3021 3007 3014 3022 3012 3004 2988 2990 3001 2996 2983 2976 2975 2974 2979 2973 2957 2940 2921 2905 2901 2917 2937 2959 2991 3023 3043 3039 3033 3017 3015 3022 3025 3023 3009 2982 2955 2963 2985 3005 2997 2984 2989 2998 2984 2961 2947 2985 3006 2995 2988 2981 2982 2990 2994 2999 2999 2992 2976 2972 2982 2990 2991 2991 2992 2992 2993 2991 2991
2921 2937 2954 2961 2977 2998 3012 3005 3005 3012 3020 3024 3024 3017 3005 3010 3016 3018 3000 2983 2980 2989 2988 2968 2951 2945 2950 2970 2970 2976 2972 2962 2953 2953 2966 2981 2998 3020 3035 3043 3046 3036 3026 3026 3038 3037 3026 3014 3000 2986 2984 2998 3008 3009 2998 3003 3002 3001 2981 2975 2997 3012 3007 2992 2989 2985 2991 2998 3000 2998 2986 2980 2979 2989 2990 2990 2991 2991 2992 2992 2993 2992
2914 2915 2937 2957 2972 2994 3002 2987 2980 2997 3010 3018 3016 3008 2998 3000 3007 3017 3013 2998 2995 3004 2997 2977 2956 2940 2942 2952 2955 2958 2977 2980 2978 2989 3002 3014 3023 3024 3033 3041 3045 3046 3036 3042 3043 3040 3035 3025 3020 3018 3017 3016 3020 3017 3014 3007 3010 3008 2998 2994 3007 3013 3010 3006 2994 2994 2989 2993 2998 2994 2985 2981 2985 2990 2990 2990 2990 2991 2992 2992 2993 2994
2926 2914 2926 2949 2975 2991 3000 2984 2974 2984 3004 3009 3006 2997 2989 2982 2999 3007 3013 3008 3006 3007 3003 2993 2974 2962 2956 2946 2918 2939 2957 2973 2979 2987 2996 3005 3007 3003 3013 3032 3045 3048 3046 3047 3045 3044 3041 3039 3036 3034 3031 3029 3027 3024 3021 3020 3015 3014 3013 3010 3016 3014 3011 3009 3003 2992 2983 2989 2996 2996 2989 2984 2984 2986 2990 2991 2991 2990 2993 2993 2994 2993
2954 2925 2919 2939 2956 2974 2997 2994 2980 2980 2994 3001 2993 2985 2975 2976 2986 3005 3008 3006 3006 3003 2995 2981 2968 2965 2961 2940 2906 2905 2934 2955 2971 2969 2971 2981 2978 2984 2993 3020 3032 3040 3039 3043 3039 3040 3044 3043 3042 3039 3036 3033 3029 3028 3027 3024 3019 3018 3014 3014 3014 3016 3014 3012 3006 2994 2985 2985 2997 2995 2990 2987 2979 2982 2989 2992 2990 2992 2993 2995 2994 2995
2977 2942 2931 2927 2936 2948 2982 3001 2993 2987 2987 2990 2984 2974 2967 2965 2984 2992 2994 3000 3001 2997 2983 2957 2935 2936 2955 2939 2915 2906 2913 2937 2961 2973 2967 2966 2985 2986 3001 3008 3019 3018 3015 3015 3014 3020 3035 3043 3042 3041 3038 3035 3034 3032 3029 3018 3014 3009 2995 2995 2998 3012 3015 3011 3006 2999 2986 2992 2992 2995 2994 2989 2983 2985 2989 2991 2993 2993 2996 2996 -9999 -9999
2987 2966 2945 2941 2930 2933 2964 2995 3004 2996 2989 2986 2978 2969 2962 2963 2974 2976 2978 2992 2996 2993 2980 2949 2916 2906 2914 2925 2918 2915 2907 2927 2962 2975 2971 2980 2978 3009 3017 3028 3026 3018 3002 2997 2990 2998 3016 3032 3039 3041 3039 3037 3036 3034 3026 3013 2999 2993 2977 2965 2976 2995 3007 3006 3002 2999 2999 2995 2998 2996 2995 2994 2991 2991 2994 2994 2995 2996 2998 -9999 -9999 -9999
2999 2978 2968 2958 2947 2943 2961 2984 3002 3003 2998 2988 2985 2972 2968 2965 2970 2963 2968 2982 2989 2987 2981 2963 2927 2895 2882 2872 2897 2912 2913 2940 2978 2995 2993 2980 2986 3002 3022 3033 3042 3036 3026 3021 3014 3010 3019 3027 3035 3039 3039 3038 3036 3035 3029 3012 3007 3001 2981 2976 2974 2988 3001 3003 3001 3005 3005 3005 3001 -9999 2996 2995 2996 2996 2996 2996 2998 2997 -9999 -9999 -9999 -9999
3004 2990 2979 2973 2964 2958 2964 2975 2987 2997 2998 2995 2988 2982 2975 2975 2972 2966 2965 2975 2979 2976 2975 2967 2943 2904 2866 2853 2881 2914 2926 2957 3002 3015 3015 3013 3006 3019 3032 3039 3036 3036 3044 3048 3044 3042 3040 3041 3042 3043 3040 3038 3036 3034 3032 3027 3016 3010 2998 2988 2987 2993 3005 3005 3007 3007 3010 3007 -9999 -9999 -9999 -9999 2997 2998 2998 -9999 3000 -9999 -9999 -9999 -9999 -9999
3007 2998 2989 2983 2976 2971 2969 2974 2980 2989 2996 2991 2990 2985 2982 2978 2974 2969 2963 2967 2966 2963 2958 2952 2939 2915 2879 2870 2907 2942 2950 2985 3016 3031 3035 3036 3034 3042 3047 3039 3025 3025 3041 3052 3054 3053 3051 3048 3046 3044 3041 3038 3036 3036 3031 3025 3019 3012 2999 2998 2998 3002 3011 3014 3011 -9999 -9999 -9999 -9999 -9999 -9999 -9999 -9999 -9999 -9999 -9999 -9999 -9999 -9999 -9999 -9999 -9999
3009 2999 2989 2989 2980 2973 2973 2973 2979 2984 2989 2988 2986 2985 2983 2979 2975 2969 2964 2961 2960 2953 2944 2940 2932 2914 2897 2884 2923 2962 2967 2996 3027 3028 3041 3046 3048 3052 3054 3048 3036 3031 3049 3056 3055 3053 3051 3049 3047 3045 3042 3039 3038 3032 3027 3020 3013 3008 3005 3003 3002 3009 3015 3016 3013 -9999 -9999 -9999 -9999 -9999 -9999 -9999 -9999 -9999 -9999 -9999 -9999 -9999 -9999 -9999 -9999 -9999
2997 2983 2976 2967 2964 2965 2968 2975 2977 2983 2986 2982 2981 2981 2979 2977 2974 2970 2966 2966 2962 2957 2953 2949 2944 2936 2907 2895 2911 2936 2949 2975 3005 3013 3033 3048 3053 3054 3054 3057 3051 3052 3057 3056 3054 3053 3051 3049 3048 3045 3042 3043 3041 3037 3027 3021 3015 3010 3007 3006 3013 3015 3021 3017 -9999 -9999 -9999 -9999 -9999 -9999 -9999 -9999 -9999 -9999 -9999 -9999 -9999 -9999 -9999 -9999 -9999 -9999
2975 2954 2936 2933 2928 2941 2959 2969 2978 2979 2981 2978 2975 2972 2970 2970 2968 2964 2969 2972 2972 2969 2962 2963 2961 2953 2938 2910 2918 2939 2938 2956 2986 3002 3022 3044 3052 3051 3045 3049 3050 3058 3057 3056 3054 3053 3052 3050 3047 3047 3047 3050 3048 3044 -9999 -9999 -9999 -9999 3010 3014 3018 3027 3024 -9999 -9999 -9999 -9999 -9999 -9999 -9999 -9999 -9999 -9999 -9999 -9999 -9999 -9999 -9999 -9999 -9999 -9999 -9999
2946 2920 2902 2881 2887 2908 2936 2954 2967 2967 2968 2972 2963 2960 2950 2955 2955 2956 2965 2977 2978 2978 2981 2979 2977 2975 2967 2950 2952 2972 2967 2959 2978 2994 3012 3025 3044 3036 3020 3017 3033 3049 3057 3056 3054 3053 3052 3050 3051 3052 3056 3055 3052 3045 -9999 -9999 -9999 -9999 -9999 -9999 -9999 3029 -9999 -9999 -9999 -9999 -9999 -9999 -9999 -9999 -9999 -9999 -9999 -9999 -9999 -9999 -9999 -9999 -9999 -9999 -9999 -9999
2941 2918 2888 2869 2852 2875 2901 2931 2945 2950 2955 2957 2954 2934 2927 2932 2940 2942 2957 2963 2966 2975 2984 2998 3003 2999 3000 2987 2989 3007 3000 2977 2984 2996 2997 3004 3017 3010 2987 2992 3015 3047 3057 3056 3055 3053 3051 3052 3055 3060 3058 3057 3052 -9999 -9999 -9999 -9999 -9999 -9999 -9999 -9999 -9999 -9999 -9999 -9999 -9999 -9999 -9999 -9999 -9999 -9999 -9999 -9999 -9999 -9999 -9999 -9999 -9999 -9999 -9999 -9999 -9999
2950 2933 2913 2873 2848 2842 2871 2898 2923 2934 2944 2946 2931 2917 2900 2906 2921 2932 2945 2954 2952 2952 2971 2992 3010 3020 3025 3022 3019 3029 3024 2999 2993 2994 2997 2992 2999 2998 2981 2993 3018 3048 3056 3056 3054 3053 3053 3058 3062 3061 3060 3057 -9999 -9999 -9999 -9999 -9999 -9999 -9999 -9999 -9999 -9999 -9999 -9999 -9999 -9999 -9999 -9999 -9999 -9999 -9999 -9999 -9999 -9999 -9999 -9999 -9999 -9999 -9999 -9999 -9999 -9999
2953 2944 2924 2884 2835 2815 2832 2861 2894 2916 2928 2924 2902 2882 2873 2883 2901 2919 2940 2950 2951 2946 2956 2980 3006 3018 3035 3038 3040 3045 3043 3028 3013 3010 3011 3014 3022 3018 3016 3017 3032 3045 3051 3053 3052 3054 3058 3062 3065 3062 3059 -9999 -9999 -9999 -9999 -9999 -9999 -9999 -9999 -9999 -9999 -9999 -9999 -9999 -9999 -9999 -9999 -9999 -9999 -9999 -9999 -9999 -9999 -9999 -9999 -9999 -9999 -9999 -9999 -9999 -9999 -9999
2945 2943 2927 2887 2833 2797 2808 2839 2868 2893 2914 2897 2867 2850 2844 2858 2882 2905 2927 2941 2949 2949 2961 2984 3007 3022 3037 3046 3049 3052 3053 3050 3040 3025 3032 3045 3050 3053 3047 3046 3043 3048 3052 3052 3055 3058 3061 3064 3063 3061 -9999 -9999 -9999 -9999 -9999 -9999 -9999 -9999 -9999 -9999 -9999 -9999 -9999 -9999 -9999 -9999 -9999 -9999 -9999 -9999 -9999 -9999 -9999 -9999 -9999 -9999 -9999 -9999 -9999 -9999 -9999 -9999
2930 2912 2904 2880 2827 2789 2793 2817 2837 2871 2890 2887 2853 2827 2829 2835 2860 2884 2910 2928 2936 2942 2962 2988 3009 3022 3036 3047 3052 3054 3056 3057 3051 3039 3042 3052 3061 3062 3061 3059 3056 3056 3057 3059 3059 3062 3063 3063 -9999 -9999 -9999 -9999 -9999 -9999 -9999 -9999 -9999 -9999 -9999 -9999 -9999 -9999 -9999 -9999 -9999 -9999 -9999 -9999 -9999 -9999 -9999 -9999 -9999 -9999 -9999 -9999 -9999 -9999 -9999 -9999 -9999 -9999
2908 2885 2874 2861 2833 2791 2786 2792 2817 2843 2882 2883 2862 2839 2830 2843 2855 2877 2897 2906 2922 2937 2963 2991 3011 3024 3037 3046 3052 3055 3056 3058 3059 3054 3052 3059 3061 3061 3062 3062 3060 3060 3060 3061 3063 3064 3065 -9999 -9999 -9999 -9999 -9999 -9999 -9999 -9999 -9999 -9999 -9999 -9999 -9999 -9999 -9999 -9999 -9999 -9999 -9999 -9999 -9999 -9999 -9999 -9999 -9999 -9999 -9999 -9999 -9999 -9999 -9999 -9999 -9999 -9999 -9999
2907 2873 2851 2844 2813 2784 2772 2777 2794 2823 2855 2870 2858 2842 2841 2848 2862 2871 2884 2894 2911 2937 2967 2990 3003 3020 3037 3046 3051 3044 3054 3054 3059 3061 3060 3061 3061 3061 3061 3063 3063 3061 3062 3063 3064 3066 3065 -9999 -9999 -9999 -9999 -9999 -9999 -9999 -9999 -9999 -9999 -9999 -9999 -9999 -9999 -9999 -9999 -9999 -9999 -9999 -9999 -9999 -9999 -9999 -9999 -9999 -9999 -9999 -9999 -9999 -9999 -9999 -9999 -9999 -9999 -9999
2901 2881 2866 2839 2818 2795 2780 2789 2793 2809 2823 2839 2844 2835 2838 2850 2862 2874 2886 2896 2913 2941 2965 2974 2986 3011 3033 3041 3036 3031 3037 3052 3056 3058 3056 3061 3061 3061 3062 3062 3063 3063 3063 3064 3065 3064 -9999 -9999 -9999 -9999 -9999 -9999 -9999 -9999 -9999 -9999 -9999 -9999 -9999 -9999 -9999 -9999 -9999 -9999 -9999 -9999 -9999 -9999 -9999 -9999 -9999 -9999 -9999 -9999 -9999 -9999 -9999 -9999 -9999 -9999 -9999 -9999
2882 2871 2855 2839 2819 2809 2808 2807 2819 2816 2822 2832 2838 2839 2844 2855 2865 2875 2884 2893 2910 2937 2955 2958 2970 2999 3018 3020 3012 3001 3025 3045 3053 3050 3052 3056 3061 3061 3061 3062 3062 3062 3064 3065 3065 -9999 -9999 -9999 -9999 -9999 -9999 -9999 -9999 -9999 -9999 -9999 -9999 -9999 -9999 -9999 -9999 -9999 -9999 -9999 -9999 -9999 -9999 -9999 -9999 -9999 -9999 -9999 -9999 -9999 -9999 -9999 -9999 -9999 -9999 -9999 -9999 -9999
2869 2849 2834 2806 2801 2805 2806 2818 2824 2829 2831 2835 2844 2846 2849 2857 2863 2872 2877 2886 2910 2935 2938 2939 2947 2973 2979 2973 2964 2975 3007 3038 3047 3046 3049 3059 3061 3061 3062 3062 3062 3063 3063 3064 3064 -9999 -9999 -9999 -9999 -9999 -9999 -9999 -9999 -9999 -9999 -9999 -9999 -9999 -9999 -9999 -9999 -9999 -9999 -9999 -9999 -9999 -9999 -9999 -9999 -9999 -9999 -9999 -9999 -9999 -9999 -9999 -9999 -9999 -9999 -9999 -9999 -9999
2869 2847 2815 2789 2781 2790 2795 2808 2822 2829 2833 2838 2842 2844 2845 2849 2861 2865 2874 2889 2913 2923 2910 2906 2917 2931 2935 2937 2946 2971 3009 3030 3031 3030 3036 3054 3059 3061 3059 3056 3061 3062 3063 3063 -9999 -9999 -9999 -9999 -9999 -9999 -9999 -9999 -9999 -9999 -9999 -9999 -9999 -9999 -9999 -9999 -9999 -9999 -9999 -9999 -9999 -9999 -9999 -9999 -9999 -9999 -9999 -9999 -9999 -9999 -9999 -9999 -9999 -9999 -9999 -9999 -9999 -9999
2875 2852 2827 2801 2786 2784 2788 2805 2815 2833 2839 2846 2848 2844 2841 2851 2854 2861 2863 2879 2902 2895 2870 2873 2895 2901 2921 2943 2968 2993 3017 3025 3010 3009 3025 3043 3057 3057 3050 3048 3053 3060 3063 3064 -9999 -9999 -9999 -9999 -9999 -9999 -9999 -9999 -9999 -9999 -9999 -9999 -9999 -9999 -9999 -9999 -9999 -9999 -9999 -9999 -9999 -9999 -9999 -9999 -9999 -9999 -9999 -9999 -9999 -9999 -9999 -9999 -9999 -9999 -9999 -9999 -9999 -9999
2868 2863 2845 2824 2809 2796 2797 2803 2821 2831 2843 2851 2854 2847 2843 2849 2859 2853 2854 2871 2885 2877 2855 2870 2891 2904 2917 2948 2973 2994 3016 3020 3018 3013 3026 3046 3054 3052 3048 3042 3051 3060 3063 3065 3066 -9999 -9999 -9999 -9999 -9999 -9999 -9999 -9999 -9999 -9999 -9999 -9999 -9999 -9999 -9999 -9999 -9999 -9999 -9999 -9999 -9999 -9999 -9999 -9999 -9999 -9999 -9999 -9999 -9999 -9999 -9999 -9999 -9999 -9999 -9999 -9999 -9999
2865 2861 2851 2838 2821 2809 2799 2809 2814 2834 2844 2854 2857 2852 2850 2859 2863 2858 2861 2865 2878 2875 2870 2891 2917 2913 2921 2938 2962 2986 3014 3035 3028 3033 3038 3049 3053 3052 3050 3051 3057 3061 3065 3066 -9999 -9999 -9999 -9999 -9999 -9999 -9999 -9999 -9999 -9999 -9999 -9999 -9999 -9999 -9999 -9999 -9999 -9999 -9999 -9999 -9999 -9999 -9999 -9999 -9999 -9999 -9999 -9999 -9999 -9999 -9999 -9999 -9999 -9999 -9999 -9999 -9999 -9999
2859 2861 2854 2844 2828 2815 2807 2796 2813 2831 2845 2856 2858 2857 2863 2869 2874 2871 2873 2874 2873 2885 2910 2934 2943 2942 2939 2949 2974 2998 3024 3040 3044 3042 3049 3052 3054 3052 3052 3055 3059 3062 3065 -9999 -9999 -9999 -9999 -9999 -9999 -9999 -9999 -9999 -9999 -9999 -9999 -9999 -9999 -9999 -9999 -9999 -9999 -9999 -9999 -9999 -9999 -9999 -9999 -9999 -9999 -9999 -9999 -9999 -9999 -9999 -9999 -9999 -9999 -9999 -9999 -9999 -9999 -9999
2850 2853 2854 2846 2837 2831 2817 2812 2819 2835 2850 2863 2866 2861 2867 2882 2886 2891 2899 2899 2896 2916 2947 2966 2966 2956 2966 2980 3000 3018 3031 3042 3042 3047 3051 3054 3055 3052 3053 3055 3058 3061 -9999 -9999 -9999 -9999 -9999 -9999 -9999 -9999 -9999 -9999 -9999 -9999 -9999 -9999 -9999 -9999 -9999 -9999 -9999 -9999 -9999 -9999 -9999 -9999 -9999 -9999 -9999 -9999 -9999 -9999 -9999 -9999 -9999 -9999 -9999 -9999 -9999 -9999 -9999 -9999
