Data/tmax/PRISM_tmax_pr_1963-1995_normal_450mM1_07_asc.asc
ncols 557
nrows 164
xllcorner -67.31875000000
yllcorner 17.86875000000
cellsize 0.00416666667
NODATA_value -9999
[rows 72 to 107 of 164, columns 164 to 245 of 557]
2902 2785 2715 2675 2677 2674 2694 2698 2703 2701 2688 2667 2667 2696 2722 2741 2769 2789 2788 2789 2775 2773 2763 2752 2768 2810 2855 2858 2892 2964 2978 2961 2938 2957 2976 2974 2923 2864 2855 2886 2937 2969 3012 3053 3052 2999 2939 2932 2937 2891 2838 2810 2794 2801 2799 2790 2777 2778 2794 2829 2850 2871 2862 2799 2753 2734 2741 2745 2749 2764 2751 2738 2728 2741 2760 2780 2809 2832 2818 2804 2808 2819
2954 2873 2795 2749 2699 2674 2653 2653 2656 2654 2645 2641 2655 2675 2692 2707 2733 2755 2743 2729 2730 2741 2745 2734 2748 2798 2843 2855 2901 2957 2969 2908 2852 2856 2916 2944 2920 2874 2845 2876 2913 2940 2958 3011 3043 3006 2947 2920 2901 2864 2824 2789 2776 2781 2789 2785 2780 2779 2808 2830 2852 2877 2870 2832 2784 2772 2762 2754 2743 2747 2738 2720 2710 2719 2734 2764 2800 2803 2784 2775 2789 2807
3021 2961 2887 2818 2757 2688 2648 2641 2647 2640 2626 2626 2652 2661 2664 2674 2705 2721 2704 2698 2697 2725 2741 2747 2767 2809 2836 2848 2875 2941 2963 2918 2854 2811 2831 2892 2890 2847 2855 2898 2943 2959 2976 3013 3035 3005 2948 2898 2862 2809 2783 2768 2739 2749 2766 2774 2785 2800 2828 2856 2862 2876 2871 2833 2808 2806 2817 2798 2775 2762 2737 2720 2699 2702 2726 2758 2786 2790 2751 2742 2767 2786
3039 3002 2936 2871 2805 2725 2686 2689 2711 2699 2681 2677 2704 2701 2683 2682 2688 2691 2688 2702 2719 2742 2761 2771 2787 2804 2822 2832 2871 2925 2971 2963 2894 2817 2802 2814 2810 2790 2810 2885 2954 2990 2993 3017 3002 2954 2889 2819 2768 2731 2721 2717 2713 2717 2737 2756 2781 2818 2852 2865 2862 2871 2862 2840 2830 2839 2849 2844 2832 2807 2786 2754 2726 2712 2719 2749 2784 2778 2751 2747 2754 2782
3035 2997 2947 2900 2841 2792 2763 2785 2797 2782 2756 2756 2782 2784 2766 2741 2717 2688 2675 2687 2716 2729 2736 2752 2752 2760 2788 2847 2896 2931 2972 2966 2923 2846 2789 2778 2750 2721 2762 2843 2926 2965 2963 2943 2930 2883 2826 2765 2710 2679 2665 2680 2681 2697 2720 2747 2786 2829 2859 2855 2841 2840 2851 2850 2853 2858 2862 2866 2850 2846 2827 2809 2776 2758 2753 2765 2787 2791 2779 2764 2775 2786
3016 2979 2945 2917 2882 2854 2852 2858 2867 2847 2837 2830 2862 2856 2834 2806 2749 2687 2648 2650 2654 2674 2672 2693 2688 2705 2754 2844 2902 2903 2906 2923 2918 2866 2790 2753 2710 2674 2703 2794 2881 2926 2901 2867 2818 2787 2745 2702 2681 2651 2642 2651 2661 2685 2723 2762 2807 2839 2863 2841 2818 2819 2819 2817 2830 2838 2853 2854 2851 2834 2836 2827 2798 2776 2770 2782 2801 2798 2782 2784 2787 2804
3007 2980 2962 2948 2933 2920 2912 2911 2917 2902 2888 2895 2904 2894 2868 2814 2749 2674 2615 2573 2580 2573 2595 2616 2627 2650 2722 2822 2872 2837 2816 2834 2874 2840 2773 2712 2681 2643 2658 2727 2819 2881 2887 2849 2783 2721 2681 2654 2639 2630 2623 2626 2638 2659 2708 2762 2794 2835 2839 2828 2810 2806 2789 2775 2784 2810 2835 2851 2828 2815 2822 2814 2792 2764 2753 2777 2798 2798 2790 2782 2797 2809
3009 3001 2982 2981 2976 2968 2959 2956 2957 2941 2922 2919 2931 2913 2880 2850 2786 2722 2658 2607 2555 2530 2509 2549 2570 2612 2687 2789 2850 2808 2744 2758 2814 2812 2725 2689 2671 2636 2621 2657 2729 2801 2861 2863 2816 2749 2702 2680 2656 2637 2623 2623 2617 2644 2695 2744 2773 2804 2822 2797 2784 2777 2754 2732 2753 2791 2823 2834 2814 2788 2797 2801 2785 2762 2746 2761 2783 2797 2792 2791 2800 2818
2986 2992 2990 2985 2997 2992 2980 2977 2978 2953 2919 2912 2918 2910 2891 2857 2835 2793 2749 2690 2628 2548 2499 2491 2533 2587 2666 2757 2821 2797 2715 2689 2749 2757 2689 2636 2651 2641 2610 2616 2658 2734 2816 2863 2857 2814 2747 2707 2678 2650 2636 2633 2629 2646 2692 2728 2746 2781 2789 2760 2736 2730 2707 2690 2720 2764 2793 2812 2795 2770 2772 2765 2762 2748 2741 2740 2763 2786 2794 2781 2801 2813
2955 2990 2988 2996 2995 2989 2967 2956 2948 2916 2878 2863 2882 2886 2855 2843 2840 2833 2800 2754 2689 2604 2522 2488 2516 2580 2647 2731 2801 2800 2708 2648 2677 2705 2650 2608 2632 2645 2616 2600 2630 2679 2749 2801 2846 2814 2741 2678 2651 2633 2625 2620 2613 2632 2670 2709 2722 2762 2765 2731 2704 2685 2670 2665 2688 2722 2757 2780 2782 2749 2739 2723 2712 2719 2720 2731 2734 2772 2781 2770 2784 2795
2944 2988 3005 2991 2998 2980 2969 2941 2915 2873 2830 2815 2841 2849 2817 2791 2812 2822 2802 2748 2676 2594 2516 2464 2486 2539 2620 2694 2772 2799 2718 2629 2620 2642 2620 2597 2625 2642 2612 2580 2591 2629 2670 2725 2787 2808 2727 2664 2644 2616 2595 2584 2577 2592 2638 2674 2706 2737 2734 2709 2679 2671 2655 2649 2663 2683 2717 2760 2756 2724 2706 2681 2665 2686 2717 2731 2743 2765 2768 2762 2763 2779
2956 2991 3001 2994 2971 2968 2952 2923 2877 2829 2785 2783 2800 2811 2777 2741 2758 2782 2775 2726 2653 2576 2506 2456 2455 2510 2582 2670 2753 2789 2730 2634 2587 2579 2583 2589 2621 2638 2598 2557 2547 2575 2615 2671 2754 2784 2741 2684 2657 2624 2588 2572 2555 2574 2607 2660 2690 2720 2702 2678 2672 2663 2659 2646 2639 2660 2704 2744 2738 2699 2693 2664 2647 2660 2706 2741 2761 2766 2773 2755 2759 2759
2951 2978 2990 2970 2954 2937 2919 2881 2831 2782 2757 2753 2762 2766 2736 2708 2703 2745 2755 2722 2664 2611 2558 2500 2482 2510 2587 2667 2745 2787 2735 2658 2589 2566 2565 2592 2627 2642 2612 2558 2535 2536 2574 2636 2713 2769 2759 2717 2689 2643 2603 2589 2575 2587 2607 2643 2685 2701 2677 2666 2653 2656 2654 2633 2630 2663 2714 2745 2734 2710 2710 2698 2671 2671 2693 2735 2760 2774 2775 2779 2763 2748
2943 2963 2958 2944 2915 2896 2872 2832 2781 2735 2711 2716 2707 2703 2700 2671 2684 2709 2734 2705 2654 2613 2576 2547 2524 2560 2623 2681 2744 2773 2720 2650 2590 2549 2550 2576 2612 2639 2623 2590 2556 2539 2545 2598 2667 2735 2765 2762 2730 2677 2638 2613 2609 2618 2629 2640 2667 2677 2658 2646 2639 2629 2625 2622 2629 2676 2727 2754 2754 2743 2743 2739 2728 2720 2730 2752 2778 2783 2790 2796 2769 2747
2930 2934 2930 2893 2867 2845 2819 2779 2728 2680 2661 2664 2651 2646 2649 2653 2654 2687 2703 2668 2611 2564 2532 2520 2515 2559 2611 2667 2729 2744 2700 2625 2571 2528 2521 2552 2596 2632 2634 2608 2583 2555 2554 2591 2648 2692 2746 2766 2758 2729 2675 2651 2640 2651 2637 2637 2645 2648 2633 2627 2622 2614 2614 2613 2636 2683 2724 2749 2766 2759 2760 2756 2766 2772 2772 2792 2805 2798 2807 2807 2793 2765
2879 2887 2876 2846 2812 2789 2755 2713 2675 2620 2596 2608 2593 2576 2580 2593 2615 2624 2636 2636 2578 2519 2479 2461 2454 2481 2546 2620 2689 2725 2671 2608 2555 2526 2514 2540 2583 2620 2620 2604 2574 2549 2542 2584 2616 2633 2668 2716 2749 2743 2730 2692 2682 2671 2655 2638 2653 2654 2628 2616 2601 2598 2604 2621 2646 2689 2713 2738 2754 2758 2740 2752 2771 2773 2786 2800 2811 2805 2815 2829 2822 2806
2815 2813 2816 2791 2756 2722 2677 2631 2590 2552 2523 2536 2527 2499 2492 2502 2526 2539 2557 2584 2557 2484 2432 2409 2393 2434 2501 2580 2663 2693 2662 2603 2571 2550 2539 2542 2564 2594 2605 2602 2583 2547 2537 2554 2572 2574 2609 2668 2708 2737 2724 2714 2703 2696 2663 2655 2669 2666 2642 2618 2602 2596 2608 2636 2670 2700 2715 2727 2749 2736 2726 2729 2751 2764 2778 2800 2803 2797 2817 2835 2836 2833
2755 2745 2745 2727 2686 2648 2590 2547 2516 2469 2442 2472 2467 2427 2407 2421 2452 2471 2507 2552 2531 2465 2401 2370 2380 2426 2494 2565 2630 2678 2665 2623 2599 2582 2563 2540 2536 2552 2581 2615 2629 2590 2565 2555 2550 2545 2584 2638 2680 2684 2676 2668 2689 2694 2685 2673 2676 2664 2643 2629 2619 2618 2623 2647 2674 2691 2703 2720 2728 2726 2722 2723 2746 2754 2777 2800 2803 2800 2820 2839 2846 2851
2710 2697 2676 2651 2610 2568 2532 2491 2455 2415 2399 2406 2407 2372 2358 2376 2430 2472 2498 2535 2525 2457 2395 2378 2387 2440 2502 2563 2624 2669 2658 2620 2585 2562 2553 2529 2517 2524 2561 2638 2687 2671 2645 2617 2587 2576 2600 2644 2673 2671 2641 2627 2651 2683 2692 2682 2688 2661 2631 2630 2620 2627 2642 2660 2671 2684 2686 2697 2705 2719 2732 2749 2757 2761 2777 2796 2809 2814 2835 2849 2861 2878
2685 2664 2637 2601 2569 2545 2517 2488 2457 2439 2409 2406 2375 2329 2321 2347 2393 2441 2471 2489 2478 2433 2387 2383 2413 2451 2508 2578 2625 2659 2640 2595 2550 2526 2537 2536 2534 2541 2568 2664 2749 2769 2748 2712 2664 2636 2653 2671 2700 2703 2665 2640 2648 2673 2676 2674 2664 2653 2641 2629 2631 2652 2669 2693 2701 2690 2691 2691 2695 2718 2754 2758 2779 2778 2788 2805 2817 2829 2836 2848 2864 2894
2664 2656 2627 2595 2571 2559 2542 2515 2495 2495 2484 2441 2390 2346 2328 2339 2365 2400 2426 2444 2450 2417 2401 2422 2442 2471 2523 2566 2608 2628 2623 2608 2566 2549 2566 2584 2598 2604 2625 2702 2806 2846 2839 2784 2724 2697 2708 2738 2766 2766 2725 2686 2679 2683 2678 2667 2663 2660 2655 2655 2653 2669 2713 2743 2754 2751 2732 2713 2706 2718 2734 2751 2764 2778 2794 2804 2820 2830 2836 2854 2874 2877
2671 2667 2643 2622 2608 2603 2586 2561 2548 2555 2540 2489 2431 2385 2380 2370 2367 2374 2396 2414 2418 2413 2416 2454 2486 2506 2525 2554 2573 2608 2644 2659 2647 2618 2630 2642 2665 2681 2688 2752 2834 2895 2895 2832 2768 2743 2768 2808 2842 2843 2791 2744 2725 2722 2710 2694 2702 2701 2688 2674 2668 2695 2737 2785 2815 2824 2792 2747 2724 2722 2714 2720 2740 2750 2767 2784 2806 2834 2840 2852 2868 2859
2688 2671 2665 2663 2657 2654 2644 2620 2607 2613 2598 2555 2494 2465 2470 2436 2402 2385 2393 2390 2397 2393 2420 2473 2503 2520 2517 2524 2563 2618 2676 2738 2728 2697 2690 2707 2725 2741 2755 2790 2855 2919 2925 2876 2819 2800 2818 2847 2887 2896 2866 2817 2789 2774 2749 2734 2743 2750 2723 2700 2703 2728 2761 2788 2836 2868 2839 2791 2774 2739 2718 2710 2726 2740 2747 2760 2788 2816 2822 2822 2830 2826
2715 2691 2692 2712 2724 2720 2711 2686 2667 2675 2668 2641 2594 2596 2576 2533 2475 2442 2423 2412 2416 2422 2449 2490 2523 2522 2507 2525 2587 2650 2723 2783 2806 2766 2753 2775 2798 2817 2824 2850 2895 2944 2963 2917 2876 2864 2839 2836 2861 2899 2905 2887 2851 2827 2775 2751 2777 2789 2770 2748 2771 2805 2814 2817 2854 2898 2884 2840 2817 2774 2720 2708 2724 2742 2756 2758 2778 2799 2799 2789 2799 2805
2761 2721 2736 2760 2792 2802 2797 2761 2737 2739 2742 2728 2700 2702 2690 2628 2578 2534 2503 2488 2478 2482 2491 2529 2555 2553 2537 2563 2624 2696 2767 2830 2860 2832 2807 2841 2872 2889 2901 2926 2952 2995 2996 2967 2939 2909 2863 2807 2809 2849 2907 2926 2906 2854 2802 2774 2786 2822 2815 2804 2837 2882 2902 2891 2915 2946 2925 2894 2863 2809 2760 2720 2721 2739 2755 2766 2779 2800 2796 2795 2789 2797
2817 2774 2765 2815 2839 2869 2858 2815 2781 2796 2803 2796 2782 2781 2765 2708 2655 2620 2597 2572 2565 2544 2541 2574 2598 2585 2576 2602 2653 2733 2811 2880 2918 2892 2869 2900 2936 2957 2968 2987 3018 3021 3017 3000 2981 2955 2885 2819 2794 2824 2888 2946 2941 2899 2850 2817 2815 2829 2845 2856 2889 2942 2962 2959 2958 2972 2962 2928 2894 2849 2802 2752 2725 2732 2739 2756 2771 2785 2797 2794 2793 2779
2877 2845 2840 2844 2901 2916 2896 2846 2812 2823 2843 2857 2852 2859 2823 2772 2720 2682 2677 2645 2609 2605 2600 2620 2632 2610 2620 2665 2699 2761 2858 2922 2968 2952 2933 2962 2997 3011 3022 3039 3035 3027 3022 3020 3007 2980 2927 2872 2842 2849 2905 2964 2962 2929 2897 2878 2849 2850 2864 2894 2947 2990 2996 2967 2952 2953 2946 2921 2875 2848 2828 2780 2745 2730 2741 2746 2756 2771 2785 2796 2791 2782
2895 2899 2900 2915 2923 2953 2940 2881 2834 2824 2831 2866 2894 2910 2878 2829 2775 2757 2732 2666 2639 2649 2665 2678 2671 2640 2668 2723 2745 2797 2881 2958 3002 3010 3001 3028 3051 3063 3058 3046 3025 3006 3028 3050 3039 3018 2998 2965 2934 2928 2954 2974 2949 2905 2886 2884 2879 2872 2878 2904 2972 3012 3003 2961 2926 2913 2903 2874 2865 2868 2872 2832 2788 2754 2748 2758 2759 2768 2782 2799 2795 2790
2834 2892 2921 2935 2947 2949 2960 2931 2863 2820 2808 2839 2908 2937 2916 2876 2831 2807 2771 2701 2675 2715 2744 2755 2740 2700 2721 2787 2810 2845 2915 2981 3034 3055 3063 3077 3089 3077 3057 3020 2974 2987 3034 3069 3059 3052 3036 3009 2974 2960 2970 2962 2906 2856 2838 2858 2861 2858 2855 2886 2951 3010 3021 2985 2938 2894 2860 2862 2866 2913 2938 2902 2839 2786 2767 2769 2768 2778 2788 2794 2795 2790
2790 2846 2912 2956 2960 2970 2979 2968 2910 2851 2832 2846 2909 2958 2950 2916 2883 2854 2830 2771 2760 2796 2817 2832 2813 2769 2779 2847 2883 2914 2970 3023 3075 3102 3102 3099 3088 3064 3020 2979 2968 2991 3058 3086 3074 3059 3030 2984 2939 2923 2932 2927 2880 2837 2830 2848 2841 2823 2828 2862 2935 3003 3033 3024 2971 2914 2873 2870 2905 2945 2976 2950 2891 2827 2787 2776 2785 2782 2786 2789 2784 2781
2772 2809 2872 2952 2989 3000 3024 3000 2952 2922 2887 2884 2920 2972 2978 2966 2928 2898 2884 2863 2862 2876 2895 2893 2878 2830 2840 2895 2944 2983 3029 3080 3109 3122 3107 3093 3079 3042 3009 2978 2981 3034 3078 3089 3075 3047 3008 2952 2900 2874 2894 2919 2916 2893 2889 2895 2856 2815 2816 2856 2929 2993 3043 3053 3028 2974 2934 2939 2955 2988 3010 2984 2935 2877 2838 2814 2818 2808 2789 2783 2782 2780
2794 2795 2838 2903 2968 3012 3034 3036 3002 2972 2946 2902 2924 2973 2998 2979 2937 2903 2896 2893 2921 2947 2957 2955 2936 2902 2903 2959 3001 3041 3088 3120 3127 3120 3100 3083 3073 3057 3020 2992 3004 3053 3096 3098 3066 3033 2983 2925 2866 2837 2870 2925 2959 2963 2960 2952 2905 2853 2845 2872 2930 2988 3040 3072 3070 3028 2989 2991 3017 3035 3044 3016 2968 2942 2905 2884 2879 2858 2823 2803 2799 2792
2836 2803 2814 2862 2911 2982 3036 3045 3044 3030 2972 2928 2931 2981 2990 2962 2919 2880 2876 2897 2937 2990 3016 3014 2988 2959 2975 3016 3058 3096 3129 3142 3140 3130 3116 3100 3094 3073 3043 3005 3013 3063 3106 3105 3070 3023 2980 2930 2870 2843 2871 2935 2985 3005 3006 2993 2954 2916 2898 2908 2945 2999 3045 3085 3086 3062 3026 3031 3051 3070 3064 3033 3004 2982 2977 2949 2941 2925 2887 2864 2846 2843
2876 2832 2840 2871 2903 2959 3002 3031 3052 3053 3023 2976 2974 3001 3008 2976 2948 2925 2911 2915 2964 3017 3053 3053 3024 3001 3025 3065 3100 3128 3152 3161 3145 3139 3132 3117 3112 3098 3063 3034 3042 3084 3114 3109 3067 3022 2996 2962 2906 2867 2885 2936 2990 3027 3034 3016 2991 2952 2938 2941 2978 3022 3070 3097 3110 3088 3065 3064 3077 3087 3083 3061 3037 3029 3020 2995 2994 2982 2971 2946 2925 2897
2887 2861 2877 2893 2893 2922 2949 2973 3017 3053 3055 3039 3036 3050 3044 3034 3017 2995 2967 2951 2972 3030 3070 3069 3037 3013 3048 3090 3113 3140 3160 3167 3155 3143 3133 3140 3138 3132 3112 3089 3098 3118 3130 3111 3076 3041 3024 3002 2962 2918 2923 2961 3017 3049 3055 3031 3001 2967 2945 2963 3002 3042 3081 3111 3121 3112 3100 3098 3100 3106 3098 3086 3064 3054 3036 3021 3020 3025 3023 3012 2973 2943
2892 2887 2915 2905 2881 2892 2909 2921 2969 3017 3048 3060 3077 3090 3086 3063 3069 3050 3011 2967 2973 3037 3078 3070 3026 3011 3034 3080 3117 3139 3169 3180 3172 3158 3155 3146 3154 3152 3138 3131 3132 3135 3125 3113 3088 3064 3040 3019 2987 2960 2960 2986 3017 3056 3067 3045 3030 2997 2974 2980 3012 3047 3069 3097 3121 3126 3114 3121 3120 3116 3104 3087 3074 3052 3033 3028 3042 3050 3052 3034 2994 2959
