Data/tmax/PRISM_tmax_pr_1963-1995_normal_450mM1_01_asc.asc
ncols 557
nrows 164
xllcorner -67.31875000000
yllcorner 17.86875000000
cellsize 0.00416666667
NODATA_value -9999
[rows 72 to 107 of 164, columns 164 to 245 of 557]
2592 2476 2405 2364 2365 2362 2369 2367 2368 2362 2352 2333 2334 2363 2391 2411 2439 2461 2459 2459 2443 2440 2429 2417 2436 2478 2523 2527 2562 2633 2649 2633 2609 2625 2649 2645 2589 2532 2521 2555 2607 2645 2690 2732 2728 2675 2615 2606 2608 2562 2509 2481 2466 2470 2469 2459 2445 2446 2462 2499 2520 2542 2530 2469 2422 2402 2408 2412 2417 2431 2419 2405 2394 2405 2422 2441 2471 2495 2488 2478 2487 2499
2632 2556 2479 2434 2390 2363 2338 2325 2325 2316 2308 2308 2322 2340 2358 2374 2401 2423 2410 2397 2396 2406 2410 2399 2413 2463 2507 2521 2566 2622 2635 2577 2521 2526 2584 2608 2582 2533 2510 2541 2579 2611 2636 2688 2717 2679 2618 2594 2575 2538 2493 2459 2443 2449 2459 2454 2448 2447 2477 2499 2522 2545 2538 2500 2454 2440 2430 2421 2410 2413 2404 2385 2374 2385 2399 2431 2465 2472 2453 2450 2462 2484
2699 2643 2574 2506 2451 2385 2335 2320 2318 2309 2294 2297 2324 2330 2330 2340 2368 2385 2369 2361 2361 2388 2403 2409 2428 2468 2497 2510 2539 2600 2622 2578 2516 2474 2498 2554 2548 2509 2517 2560 2606 2626 2650 2686 2706 2673 2617 2568 2537 2484 2452 2432 2405 2415 2433 2442 2452 2467 2497 2526 2532 2546 2538 2500 2477 2473 2484 2465 2442 2428 2403 2384 2363 2367 2393 2425 2454 2457 2422 2414 2439 2459
2725 2686 2622 2560 2496 2419 2372 2364 2383 2367 2349 2349 2378 2370 2350 2345 2351 2351 2349 2363 2379 2401 2419 2429 2441 2458 2476 2491 2529 2579 2622 2617 2549 2476 2462 2478 2472 2451 2476 2548 2617 2658 2664 2688 2672 2622 2556 2494 2440 2402 2388 2382 2376 2381 2402 2422 2447 2486 2522 2534 2532 2540 2529 2508 2496 2507 2515 2510 2499 2472 2451 2419 2390 2375 2384 2415 2450 2446 2421 2416 2424 2454
2723 2688 2634 2587 2532 2478 2446 2457 2467 2450 2424 2428 2455 2453 2433 2404 2377 2351 2334 2343 2371 2382 2389 2405 2403 2409 2438 2497 2547 2577 2617 2612 2572 2496 2445 2436 2413 2382 2425 2507 2590 2632 2634 2616 2599 2549 2494 2435 2379 2344 2327 2343 2343 2360 2383 2411 2452 2497 2527 2523 2507 2506 2517 2513 2516 2519 2526 2530 2514 2510 2492 2473 2440 2419 2415 2429 2453 2458 2445 2431 2443 2457
2711 2672 2636 2603 2569 2536 2530 2531 2535 2515 2504 2501 2530 2528 2501 2465 2409 2348 2309 2306 2307 2325 2323 2344 2337 2352 2400 2489 2546 2547 2550 2570 2565 2516 2439 2409 2365 2333 2365 2456 2542 2589 2569 2536 2488 2452 2410 2371 2346 2311 2300 2310 2320 2346 2386 2426 2473 2506 2531 2507 2482 2481 2481 2478 2488 2498 2512 2515 2512 2495 2499 2491 2460 2439 2432 2446 2467 2465 2448 2450 2456 2475
2699 2673 2647 2632 2611 2597 2587 2586 2584 2568 2556 2562 2576 2561 2534 2478 2408 2335 2276 2230 2234 2224 2246 2267 2276 2297 2367 2466 2515 2481 2463 2480 2522 2489 2424 2363 2336 2298 2316 2387 2476 2539 2547 2512 2446 2384 2344 2319 2302 2288 2279 2282 2296 2319 2369 2424 2457 2501 2504 2490 2469 2464 2445 2430 2440 2466 2495 2511 2486 2474 2483 2477 2456 2425 2414 2439 2462 2463 2455 2447 2464 2478
2697 2691 2670 2661 2656 2640 2634 2632 2628 2608 2591 2592 2595 2580 2544 2501 2444 2378 2315 2263 2210 2183 2161 2199 2219 2260 2334 2435 2494 2456 2393 2407 2462 2462 2374 2340 2322 2288 2276 2314 2386 2459 2518 2521 2475 2410 2364 2340 2315 2291 2277 2278 2272 2302 2352 2402 2434 2466 2482 2455 2440 2431 2406 2383 2406 2445 2479 2493 2472 2446 2457 2462 2445 2422 2404 2421 2444 2459 2455 2455 2466 2486
2675 2681 2677 2671 2680 2671 2660 2659 2650 2620 2588 2580 2591 2583 2558 2520 2487 2448 2404 2345 2283 2202 2152 2142 2184 2238 2317 2406 2471 2446 2367 2340 2399 2408 2341 2288 2303 2293 2262 2271 2317 2391 2473 2521 2515 2473 2407 2365 2332 2303 2288 2286 2280 2300 2347 2385 2404 2438 2444 2415 2388 2383 2358 2341 2370 2413 2445 2467 2450 2428 2429 2422 2418 2404 2397 2397 2421 2446 2455 2443 2465 2479
2646 2677 2674 2682 2681 2676 2655 2643 2620 2582 2542 2530 2552 2562 2532 2505 2496 2483 2453 2408 2343 2260 2177 2143 2170 2234 2300 2382 2451 2448 2358 2297 2328 2357 2301 2259 2282 2295 2267 2253 2287 2340 2407 2460 2504 2472 2399 2335 2304 2282 2276 2268 2262 2279 2323 2361 2377 2415 2418 2382 2355 2334 2319 2316 2340 2372 2409 2434 2436 2404 2394 2375 2364 2371 2372 2384 2388 2427 2438 2430 2444 2457
2631 2675 2692 2676 2684 2667 2654 2624 2585 2537 2495 2483 2511 2520 2489 2457 2464 2472 2453 2400 2329 2248 2171 2119 2138 2193 2273 2346 2422 2446 2364 2278 2269 2292 2268 2245 2272 2290 2258 2226 2249 2286 2330 2384 2445 2465 2385 2320 2296 2266 2242 2233 2222 2244 2285 2325 2356 2388 2385 2360 2326 2319 2304 2299 2314 2337 2368 2414 2408 2377 2357 2330 2312 2335 2366 2379 2393 2416 2421 2417 2420 2437
2643 2680 2688 2679 2652 2645 2628 2598 2550 2501 2457 2454 2469 2476 2446 2407 2412 2430 2424 2375 2303 2226 2158 2105 2103 2156 2231 2317 2399 2433 2374 2279 2235 2227 2229 2234 2266 2283 2244 2206 2200 2232 2272 2328 2409 2438 2398 2342 2311 2274 2236 2217 2203 2221 2257 2307 2339 2371 2352 2327 2319 2311 2308 2296 2293 2313 2354 2392 2387 2348 2340 2308 2291 2305 2353 2389 2409 2415 2423 2408 2411 2412
2637 2664 2676 2651 2627 2603 2583 2551 2503 2456 2428 2427 2429 2429 2404 2371 2358 2393 2401 2368 2311 2259 2205 2147 2123 2153 2229 2308 2385 2426 2375 2299 2232 2211 2210 2237 2271 2286 2257 2204 2186 2187 2227 2290 2365 2423 2415 2376 2344 2295 2251 2235 2221 2234 2254 2291 2334 2350 2326 2313 2298 2304 2303 2283 2282 2316 2361 2392 2381 2357 2355 2341 2311 2314 2337 2379 2406 2421 2423 2428 2412 2396
2624 2643 2643 2622 2589 2566 2541 2506 2457 2408 2386 2388 2376 2370 2365 2334 2336 2355 2378 2346 2298 2255 2222 2191 2168 2198 2260 2317 2379 2407 2355 2288 2230 2192 2196 2223 2257 2283 2269 2238 2204 2189 2200 2253 2319 2387 2418 2417 2386 2330 2288 2262 2255 2265 2272 2288 2315 2325 2304 2292 2285 2275 2273 2271 2279 2327 2376 2403 2402 2390 2389 2382 2369 2360 2372 2395 2421 2426 2433 2441 2413 2392
2608 2612 2605 2573 2544 2520 2496 2459 2407 2360 2337 2339 2322 2314 2319 2313 2310 2336 2348 2311 2252 2204 2174 2168 2158 2195 2243 2297 2357 2373 2333 2261 2206 2170 2168 2200 2242 2277 2280 2257 2233 2207 2209 2246 2302 2345 2398 2418 2413 2385 2329 2301 2290 2297 2285 2284 2293 2294 2277 2272 2268 2260 2262 2261 2287 2331 2374 2398 2414 2405 2405 2399 2407 2414 2412 2434 2447 2437 2448 2450 2437 2408
2559 2561 2556 2521 2493 2470 2434 2391 2355 2299 2273 2283 2266 2250 2249 2256 2272 2275 2282 2279 2219 2158 2124 2109 2101 2117 2176 2248 2316 2351 2299 2238 2190 2163 2160 2187 2229 2264 2266 2252 2225 2201 2196 2236 2269 2290 2323 2371 2404 2401 2384 2344 2332 2321 2302 2287 2300 2301 2272 2260 2246 2243 2250 2270 2294 2338 2360 2386 2400 2403 2382 2394 2412 2412 2426 2439 2450 2443 2454 2472 2465 2452
2493 2490 2493 2469 2438 2401 2357 2311 2269 2231 2201 2212 2203 2174 2162 2166 2186 2190 2205 2230 2202 2129 2080 2061 2039 2071 2131 2208 2286 2314 2279 2227 2198 2188 2181 2189 2211 2241 2251 2250 2233 2198 2190 2206 2224 2231 2268 2325 2365 2394 2380 2367 2355 2348 2313 2306 2317 2313 2287 2263 2246 2241 2254 2284 2321 2347 2363 2375 2394 2380 2368 2368 2389 2402 2415 2437 2440 2433 2454 2476 2480 2479
2434 2428 2423 2404 2366 2329 2271 2227 2197 2149 2121 2149 2144 2103 2080 2091 2117 2126 2159 2204 2185 2119 2054 2023 2029 2059 2121 2191 2255 2296 2281 2242 2230 2218 2204 2185 2181 2199 2229 2262 2276 2239 2217 2208 2204 2199 2241 2295 2334 2343 2331 2323 2344 2349 2340 2326 2327 2311 2289 2274 2266 2264 2271 2296 2324 2339 2351 2366 2372 2367 2362 2361 2383 2389 2412 2436 2437 2434 2457 2479 2490 2498
2394 2379 2358 2332 2292 2245 2211 2171 2135 2095 2076 2084 2087 2055 2039 2061 2113 2142 2160 2193 2182 2113 2052 2037 2034 2074 2125 2184 2241 2284 2270 2241 2217 2201 2192 2171 2159 2169 2210 2286 2334 2318 2295 2270 2241 2231 2256 2298 2330 2330 2300 2286 2307 2339 2348 2339 2340 2311 2278 2277 2266 2274 2291 2309 2320 2332 2333 2342 2348 2360 2371 2387 2392 2396 2411 2429 2443 2448 2471 2489 2504 2527
2363 2344 2317 2282 2249 2221 2191 2162 2133 2112 2079 2078 2059 2011 2009 2040 2090 2124 2143 2154 2139 2094 2047 2036 2057 2079 2130 2196 2237 2268 2253 2218 2180 2160 2172 2172 2171 2184 2215 2310 2394 2414 2397 2364 2317 2291 2309 2328 2358 2367 2330 2303 2309 2330 2333 2331 2318 2304 2290 2276 2278 2300 2318 2344 2350 2339 2338 2336 2337 2359 2395 2396 2416 2411 2421 2438 2451 2463 2472 2486 2506 2541
2342 2332 2302 2273 2246 2225 2210 2180 2162 2163 2148 2112 2066 2026 2007 2029 2059 2094 2111 2121 2122 2085 2058 2064 2069 2093 2145 2185 2221 2239 2235 2227 2186 2171 2188 2216 2232 2246 2271 2347 2449 2490 2489 2435 2378 2352 2365 2395 2426 2428 2386 2350 2338 2342 2338 2323 2318 2313 2307 2305 2301 2317 2362 2393 2403 2399 2379 2358 2349 2359 2373 2389 2398 2412 2426 2436 2454 2464 2472 2492 2515 2523
2351 2344 2320 2297 2277 2269 2248 2221 2211 2218 2200 2147 2096 2051 2053 2051 2060 2071 2097 2108 2104 2088 2072 2081 2102 2122 2143 2171 2186 2218 2257 2271 2259 2233 2250 2269 2298 2322 2333 2397 2478 2539 2545 2487 2424 2401 2426 2466 2501 2503 2452 2405 2387 2384 2369 2353 2358 2358 2344 2329 2320 2347 2389 2435 2465 2471 2440 2395 2370 2364 2354 2356 2376 2382 2400 2415 2441 2468 2476 2492 2510 2505
2372 2353 2344 2339 2326 2315 2302 2277 2264 2271 2252 2208 2149 2127 2143 2114 2088 2088 2096 2094 2095 2073 2074 2098 2113 2132 2133 2139 2173 2225 2280 2346 2336 2312 2309 2335 2357 2381 2399 2436 2500 2566 2577 2532 2478 2459 2477 2507 2547 2558 2526 2478 2452 2436 2410 2392 2402 2408 2383 2362 2363 2385 2417 2444 2489 2520 2487 2441 2420 2384 2360 2348 2360 2374 2377 2391 2419 2451 2457 2461 2474 2475
2401 2375 2371 2386 2391 2380 2367 2343 2324 2329 2322 2292 2246 2257 2247 2209 2159 2138 2119 2108 2109 2099 2100 2116 2137 2137 2124 2142 2195 2254 2324 2383 2413 2382 2375 2400 2429 2457 2468 2495 2542 2595 2615 2574 2534 2523 2500 2497 2524 2561 2567 2548 2515 2492 2438 2415 2438 2450 2433 2413 2434 2463 2473 2476 2514 2553 2536 2491 2466 2422 2365 2349 2361 2376 2389 2390 2413 2433 2438 2431 2447 2459
2448 2404 2410 2430 2456 2461 2452 2415 2391 2389 2395 2378 2350 2360 2358 2302 2259 2217 2194 2180 2167 2154 2138 2156 2171 2169 2159 2181 2232 2294 2362 2423 2458 2448 2428 2465 2500 2528 2544 2571 2602 2650 2656 2627 2597 2571 2527 2475 2476 2518 2572 2591 2572 2522 2469 2440 2453 2485 2479 2469 2496 2540 2559 2550 2575 2604 2577 2546 2514 2458 2405 2362 2361 2378 2393 2403 2417 2441 2439 2443 2444 2458
2502 2455 2440 2482 2503 2527 2512 2468 2429 2442 2452 2445 2431 2438 2428 2375 2317 2289 2270 2256 2243 2208 2185 2198 2219 2210 2204 2228 2261 2328 2397 2462 2508 2502 2491 2521 2564 2594 2611 2633 2669 2686 2687 2668 2649 2621 2555 2489 2463 2493 2558 2614 2611 2569 2517 2484 2482 2497 2510 2519 2551 2601 2622 2619 2618 2632 2618 2583 2546 2498 2449 2398 2370 2376 2382 2399 2415 2431 2448 2449 2454 2449
2561 2524 2515 2517 2566 2573 2551 2499 2464 2467 2488 2498 2501 2516 2479 2425 2370 2327 2334 2303 2265 2254 2237 2249 2262 2243 2254 2290 2308 2358 2446 2502 2554 2562 2554 2582 2622 2648 2668 2692 2698 2701 2702 2702 2684 2656 2605 2547 2512 2518 2575 2636 2635 2600 2565 2545 2517 2517 2532 2560 2611 2658 2661 2634 2616 2615 2605 2576 2528 2502 2479 2432 2396 2378 2389 2395 2406 2424 2442 2458 2459 2459
2581 2580 2579 2590 2592 2615 2595 2538 2487 2473 2469 2500 2534 2560 2527 2475 2415 2398 2374 2308 2274 2285 2299 2308 2307 2281 2306 2352 2364 2409 2484 2551 2595 2620 2621 2648 2680 2699 2710 2712 2698 2690 2715 2734 2725 2703 2676 2642 2607 2598 2628 2649 2625 2579 2559 2554 2548 2541 2547 2574 2643 2681 2676 2631 2592 2576 2563 2531 2520 2524 2526 2487 2441 2407 2401 2412 2416 2427 2446 2468 2471 2472
2525 2576 2603 2616 2625 2620 2626 2590 2528 2484 2464 2483 2550 2584 2561 2517 2473 2445 2411 2338 2308 2348 2375 2384 2378 2341 2359 2414 2432 2468 2534 2590 2642 2664 2683 2709 2727 2728 2722 2697 2662 2677 2723 2760 2752 2739 2718 2686 2650 2638 2647 2641 2584 2535 2515 2533 2532 2528 2527 2559 2624 2684 2694 2658 2605 2559 2523 2521 2525 2571 2593 2555 2494 2444 2429 2429 2431 2445 2460 2471 2478 2480
2479 2531 2595 2637 2643 2652 2655 2634 2578 2529 2506 2510 2566 2610 2598 2562 2524 2495 2468 2409 2393 2429 2451 2461 2448 2409 2417 2471 2503 2538 2592 2641 2681 2712 2723 2746 2753 2735 2707 2672 2662 2689 2755 2784 2773 2755 2714 2667 2624 2606 2613 2608 2563 2521 2513 2525 2515 2496 2502 2538 2611 2678 2709 2698 2643 2585 2542 2536 2569 2609 2636 2607 2549 2490 2453 2444 2453 2455 2464 2474 2475 2478
2465 2495 2558 2636 2673 2688 2705 2674 2625 2602 2564 2559 2589 2637 2638 2615 2575 2544 2527 2500 2497 2512 2530 2520 2510 2469 2477 2522 2565 2605 2650 2695 2728 2745 2751 2759 2761 2736 2706 2679 2685 2736 2783 2799 2782 2750 2705 2648 2596 2567 2581 2603 2600 2579 2572 2572 2532 2495 2494 2537 2608 2669 2719 2728 2699 2646 2603 2607 2622 2655 2676 2648 2597 2541 2505 2483 2490 2485 2471 2472 2478 2483
2491 2493 2529 2596 2658 2701 2723 2715 2682 2655 2631 2589 2615 2659 2673 2648 2606 2573 2558 2543 2563 2586 2592 2580 2563 2540 2543 2587 2625 2661 2710 2739 2772 2779 2770 2771 2774 2758 2728 2700 2718 2768 2808 2815 2782 2742 2686 2630 2572 2539 2566 2615 2645 2649 2642 2630 2583 2533 2525 2553 2611 2668 2722 2752 2747 2700 2659 2659 2685 2703 2713 2684 2636 2605 2570 2554 2552 2536 2506 2494 2498 2496
2541 2504 2514 2559 2609 2677 2728 2736 2737 2722 2671 2639 2644 2688 2686 2657 2618 2585 2571 2570 2597 2641 2652 2630 2616 2595 2615 2647 2681 2718 2753 2789 2810 2820 2805 2798 2801 2789 2752 2722 2738 2785 2829 2830 2795 2745 2695 2641 2580 2552 2575 2635 2679 2698 2697 2678 2633 2595 2578 2586 2627 2681 2731 2772 2769 2742 2703 2706 2725 2743 2737 2705 2673 2651 2644 2620 2616 2602 2571 2555 2543 2547
2581 2537 2540 2571 2603 2661 2708 2743 2761 2762 2730 2695 2703 2726 2720 2687 2659 2638 2616 2606 2643 2689 2703 2684 2660 2649 2665 2702 2735 2766 2800 2831 2850 2846 2835 2825 2829 2814 2785 2758 2774 2814 2845 2841 2801 2755 2719 2678 2621 2581 2600 2648 2699 2735 2743 2717 2680 2640 2623 2626 2663 2710 2759 2786 2797 2773 2745 2743 2755 2763 2759 2737 2713 2703 2694 2672 2670 2662 2654 2636 2621 2598
2596 2565 2582 2596 2597 2630 2659 2694 2741 2767 2773 2763 2766 2782 2771 2748 2728 2707 2680 2653 2674 2726 2752 2727 2706 2682 2713 2749 2775 2804 2839 2869 2875 2865 2850 2854 2859 2857 2836 2817 2826 2852 2863 2847 2814 2779 2756 2725 2678 2641 2645 2680 2733 2769 2776 2747 2707 2672 2649 2657 2695 2735 2774 2804 2812 2800 2785 2781 2782 2787 2777 2764 2742 2734 2715 2701 2702 2707 2709 2701 2666 2641
2605 2599 2623 2616 2596 2606 2627 2644 2697 2743 2777 2798 2815 2828 2819 2792 2782 2764 2729 2689 2691 2757 2788 2772 2735 2723 2738 2779 2808 2836 2875 2904 2909 2891 2880 2871 2879 2882 2870 2863 2865 2865 2866 2852 2829 2804 2781 2750 2721 2693 2694 2713 2743 2783 2796 2768 2747 2710 2685 2686 2714 2748 2769 2796 2817 2818 2803 2809 2807 2802 2789 2770 2757 2734 2717 2711 2725 2734 2739 2725 2687 2655
