Data/tmax/PRISM_tmax_pr_1963-1995_normal_450mM1_07_asc.asc
ncols 557
nrows 164
xllcorner -67.31875000000
yllcorner 17.86875000000
cellsize 0.00416666667
NODATA_value -9999
[rows 108 to 143 of 164, columns 164 to 245 of 557]
2933 2937 2949 2932 2903 2917 2922 2920 2947 2995 3033 3059 3089 3116 3092 3079 3076 3083 3049 2993 2990 3050 3095 3070 3034 3004 3017 3050 3101 3145 3175 3190 3187 3172 3153 3134 3119 3118 3118 3119 3123 3120 3115 3109 3097 3063 3028 2999 2999 2996 3001 3002 3013 3044 3069 3066 3056 3040 3011 3003 3030 3048 3067 3078 3108 3124 3121 3126 3124 3112 3096 3089 3065 3044 3022 3031 3060 3066 3056 3036 2990 2971
2974 2977 2984 2968 2943 2956 2964 2940 2957 3008 3050 3075 3106 3122 3100 3068 3086 3104 3075 3020 3019 3072 3108 3099 3060 3025 2998 3030 3085 3142 3181 3194 3184 3164 3133 3092 3063 3056 3054 3063 3069 3070 3074 3082 3081 3055 3020 3013 3031 3049 3044 3039 3030 3049 3082 3076 3073 3071 3060 3050 3055 3075 3070 3070 3098 3121 3120 3127 3123 3106 3086 3076 3051 3018 3009 3033 3068 3072 3053 3024 2991 2985
2994 2991 3019 3001 2975 2985 2987 2954 2941 2985 3044 3083 3110 3134 3107 3087 3111 3123 3091 3045 3030 3084 3123 3113 3072 3026 3005 3013 3082 3143 3186 3198 3185 3151 3105 3054 3010 2980 2972 2975 2984 2995 3014 3039 3054 3056 3049 3054 3073 3082 3081 3070 3070 3081 3092 3082 3073 3090 3098 3087 3090 3093 3092 3088 3104 3129 3132 3133 3133 3116 3104 3092 3067 3045 3041 3068 3089 3089 3062 3034 3008 3002
3012 3014 3034 3032 3008 3012 3023 2971 2940 2946 2989 3036 3092 3122 3117 3095 3127 3144 3104 3057 3070 3091 3133 3141 3097 3057 3031 3039 3083 3139 3186 3206 3193 3152 3110 3057 3012 2965 2927 2905 2897 2910 2939 2979 3023 3052 3073 3083 3094 3102 3094 3106 3103 3094 3094 3078 3077 3099 3112 3114 3103 3105 3107 3100 3113 3136 3141 3149 3143 3132 3122 3119 3105 3092 3089 3096 3098 3094 3073 3055 3029 3032
3067 3054 3060 3067 3043 3056 3064 3024 2971 2953 2956 2996 3055 3126 3107 3101 3130 3148 3123 3091 3090 3110 3131 3149 3128 3093 3067 3059 3092 3140 3190 3212 3206 3183 3147 3117 3070 3020 2964 2918 2886 2881 2904 2937 2981 3031 3068 3090 3101 3113 3123 3118 3105 3081 3068 3069 3075 3098 3116 3123 3123 3121 3119 3117 3119 3138 3152 3150 3133 3124 3114 3116 3110 3098 3100 3091 3085 3082 3079 3070 3063 3059
3115 3089 3083 3087 3079 3095 3096 3068 3037 3004 2992 3013 3078 3125 3130 3096 3134 3162 3144 3129 3129 3125 3138 3157 3140 3110 3085 3076 3112 3157 3195 3223 3218 3200 3188 3158 3125 3070 3020 2966 2934 2918 2922 2937 2968 3012 3059 3098 3113 3138 3136 3128 3098 3063 3052 3050 3051 3069 3097 3126 3136 3139 3136 3131 3132 3146 3158 3143 3121 3104 3104 3098 3096 3094 3088 3088 3071 3070 3065 3070 3063 3058
3142 3111 3090 3103 3106 3111 3123 3110 3091 3070 3055 3079 3118 3160 3132 3116 3137 3159 3167 3155 3162 3161 3163 3176 3163 3138 3111 3103 3127 3162 3201 3215 3210 3198 3182 3160 3127 3092 3046 3009 2978 2971 2971 2979 2981 3018 3071 3111 3137 3154 3152 3138 3111 3086 3072 3057 3045 3051 3079 3117 3142 3148 3140 3143 3144 3160 3158 3138 3109 3096 3083 3086 3087 3082 3088 3079 3064 3050 3046 3040 3041 3032
3158 3124 3103 3113 3124 3127 3145 3138 3138 3125 3122 3140 3171 3166 3153 3139 3156 3179 3187 3188 3187 3189 3190 3193 3186 3169 3159 3149 3168 3196 3217 3219 3209 3183 3158 3125 3103 3084 3067 3045 3021 3013 3022 3018 3017 3032 3085 3133 3159 3162 3159 3143 3128 3108 3101 3087 3064 3051 3063 3100 3134 3147 3147 3147 3161 3165 3159 3133 3102 3082 3059 3061 3067 3071 3070 3070 3049 3034 3017 3018 3016 3011
3161 3133 3114 3131 3125 3135 3147 3162 3158 3162 3166 3188 3186 3171 3146 3156 3181 3192 3202 3202 3203 3202 3202 3205 3200 3198 3194 3197 3212 3227 3226 3214 3187 3161 3130 3096 3077 3087 3102 3088 3070 3064 3071 3071 3051 3059 3090 3134 3157 3177 3161 3157 3139 3124 3118 3110 3086 3059 3055 3090 3130 3156 3158 3169 3167 3158 3144 3115 3082 3046 3028 3024 3045 3047 3055 3052 3038 3013 2996 2991 3002 2986
3159 3144 3129 3141 3138 3124 3145 3164 3177 3181 3192 3198 3203 3171 3155 3168 3187 3200 3205 3209 3211 3212 3211 3213 3216 3212 3217 3225 3235 3239 3231 3207 3180 3156 3133 3111 3101 3117 3125 3119 3100 3103 3120 3121 3106 3089 3098 3122 3154 3168 3177 3167 3153 3139 3134 3129 3115 3089 3086 3109 3136 3160 3171 3174 3159 3146 3128 3109 3074 3040 3011 3016 3009 3024 3030 3042 3023 2999 2970 2973 2975 2946
3173 3159 3158 3152 3152 3125 3138 3155 3177 3199 3193 3210 3209 3197 3187 3190 3203 3206 3210 3212 3216 3218 3219 3218 3221 3221 3224 3232 3240 3241 3238 3224 3201 3178 3170 3157 3146 3148 3144 3122 3105 3123 3146 3158 3142 3125 3122 3135 3159 3178 3185 3179 3169 3156 3150 3144 3137 3129 3125 3132 3146 3161 3172 3175 3164 3145 3141 3125 3099 3069 3044 3017 3002 2983 2990 3006 3009 2984 2965 2961 2951 2911
3178 3181 3170 3174 3161 3165 3144 3151 3179 3192 3206 3209 3221 3214 3209 3210 3211 3213 3215 3217 3220 3223 3223 3223 3225 3224 3226 3234 3239 3240 3239 3233 3219 3208 3202 3199 3187 3178 3169 3148 3132 3137 3160 3166 3144 3121 3122 3144 3162 3185 3190 3186 3172 3161 3155 3144 3149 3149 3150 3147 3146 3164 3176 3179 3172 3160 3146 3131 3116 3095 3068 3031 2986 2970 2954 2981 3005 3003 2990 2971 2944 2907
3171 3184 3194 3183 3193 3187 3182 3170 3180 3208 3211 3225 3229 3224 3221 3216 3215 3216 3217 3221 3223 3226 3227 3227 3227 3223 3223 3236 3240 3240 3238 3235 3229 3225 3223 3214 3196 3187 3184 3181 3167 3165 3174 3165 3135 3110 3117 3139 3172 3192 3199 3185 3167 3148 3135 3128 3139 3154 3155 3148 3152 3165 3181 3184 3172 3154 3126 3120 3101 3098 3069 3029 3002 2984 2975 2989 3021 3030 3011 2986 2953 2928
3175 3185 3204 3207 3207 3218 3208 3197 3206 3216 3226 3233 3234 3226 3218 3213 3210 3208 3213 3219 3227 3229 3230 3230 3226 3215 3215 3229 3241 3240 3239 3238 3236 3234 3229 3219 3200 3185 3195 3200 3196 3198 3196 3185 3157 3135 3135 3154 3178 3198 3205 3196 3177 3156 3136 3124 3127 3151 3163 3165 3166 3179 3189 3184 3163 3136 3113 3083 3084 3072 3055 3028 3023 3028 3014 3014 3038 3043 3024 2988 2974 2970
3198 3195 3206 3217 3225 3230 3230 3225 3223 3231 3235 3237 3232 3215 3205 3202 3199 3201 3203 3213 3226 3231 3233 3230 3221 3209 3205 3221 3235 3241 3240 3239 3237 3233 3228 3219 3201 3192 3196 3213 3216 3212 3206 3191 3181 3165 3161 3172 3191 3208 3208 3202 3193 3179 3165 3146 3151 3160 3171 3181 3181 3187 3191 3181 3164 3135 3097 3075 3046 3040 3022 3025 3038 3064 3051 3040 3041 3047 3003 2985 2990 3007
3217 3205 3210 3220 3232 3238 3237 3235 3236 3238 3240 3239 3225 3215 3206 3210 3208 3211 3211 3217 3226 3232 3234 3233 3228 3218 3213 3219 3230 3241 3243 3239 3230 3233 3228 3223 3211 3197 3203 3218 3225 3218 3205 3195 3187 3174 3164 3167 3191 3206 3211 3204 3194 3189 3182 3177 3170 3178 3182 3180 3179 3187 3196 3185 3160 3133 3090 3060 3046 3028 3021 3027 3052 3071 3071 3048 3047 3028 3000 2982 3021 3046
3196 3197 3193 3210 3227 3242 3243 3240 3242 3243 3243 3235 3222 3214 3215 3217 3218 3217 3222 3222 3230 3235 3237 3238 3236 3236 3232 3228 3234 3241 3243 3229 3221 3224 3234 3234 3225 3213 3209 3224 3229 3223 3214 3203 3203 3190 3170 3177 3180 3198 3213 3210 3200 3191 3184 3183 3183 3189 3186 3180 3172 3171 3192 3183 3152 3110 3074 3061 3066 3068 3060 3058 3067 3081 3084 3077 3059 3044 3021 3027 3060 3087
3184 3181 3179 3194 3220 3239 3246 3245 3245 3246 3243 3226 3213 3216 3219 3225 3223 3229 3229 3233 3235 3238 3240 3240 3241 3243 3244 3242 3242 3246 3241 3229 3214 3221 3231 3239 3233 3225 3219 3226 3233 3230 3222 3216 3212 3203 3190 3179 3176 3182 3203 3215 3205 3194 3188 3181 3183 3189 3197 3193 3177 3182 3187 3183 3144 3104 3068 3069 3085 3102 3102 3103 3100 3106 3109 3098 3071 3048 3044 3064 3091 3110
3199 3193 3187 3197 3221 3242 3248 3248 3248 3246 3231 3220 3209 3226 3232 3237 3237 3236 3239 3240 3241 3242 3242 3242 3243 3245 3248 3249 3248 3247 3246 3237 3226 3226 3233 3237 3239 3234 3232 3234 3238 3234 3229 3223 3221 3211 3202 3199 3180 3184 3205 3217 3208 3202 3194 3193 3187 3192 3200 3202 3199 3189 3194 3181 3159 3128 3100 3087 3094 3098 3109 3121 3137 3132 3128 3116 3090 3075 3087 3102 3121 3129
3225 3219 3205 3215 3232 3247 3250 3250 3249 3243 3234 3216 3221 3235 3245 3245 3244 3243 3245 3246 3247 3246 3246 3245 3246 3247 3249 3250 3250 3249 3248 3248 3244 3242 3243 3245 3244 3244 3242 3242 3243 3240 3235 3231 3227 3221 3215 3208 3201 3197 3212 3218 3216 3207 3205 3200 3199 3199 3201 3202 3200 3195 3191 3187 3175 3165 3146 3127 3100 3090 3094 3109 3139 3144 3137 3127 3115 3114 3128 3137 3142 3142
3248 3242 3237 3241 3248 3252 3252 3252 3251 3250 3242 3242 3239 3250 3253 3252 3250 3250 3250 3251 3251 3250 3249 3248 3249 3250 3251 3251 3251 3251 3251 3251 3252 3252 3252 3251 3251 3250 3249 3247 3247 3247 3246 3242 3239 3235 3229 3228 3218 3221 3223 3228 3221 3217 3211 3206 3206 3203 3203 3202 3199 3196 3192 3189 3188 3184 3175 3160 3139 3122 3111 3125 3136 3127 3129 3131 3129 3136 3149 3153 3154 3147
3255 3255 3254 3255 3255 3254 3254 3253 3253 3252 3253 3251 3254 3256 3257 3257 3256 3254 3255 3254 3254 3253 3252 3252 3252 3252 3252 3253 3253 3254 3254 3254 3254 3255 3255 3255 3255 3254 3252 3250 3250 3251 3251 3250 3247 3244 3241 3237 3236 3233 3232 3228 3227 3220 3208 3206 3208 3207 3207 3203 3201 3198 3195 3192 3191 3190 3187 3181 3170 3163 3162 3152 3139 3114 3108 3123 3131 3146 3155 3163 3164 3160
3257 3258 3259 3258 3256 3256 3255 3255 3254 3254 3254 3255 3256 3257 3258 3259 3259 3258 3257 3257 3255 3255 3254 3254 3254 3254 3254 3253 3254 3255 3256 3256 3256 3257 3257 3257 3257 3256 3254 3253 3252 3253 3254 3252 3250 3248 3244 3242 3240 3237 3233 3231 3227 3218 3208 3205 3210 3211 3209 3206 3203 3201 3200 3197 3196 3195 3193 3190 3185 3181 3178 3174 3157 3123 3119 3126 3126 3129 3150 3165 3170 3169
3258 3260 3260 3259 3258 3257 3256 3256 3256 3255 3255 3256 3257 3258 3259 3260 3260 3259 3259 3257 3257 3256 3256 3256 3256 3255 3255 3255 3254 3255 3257 3257 3258 3258 3259 3259 3259 3258 3256 3255 3254 3254 3254 3253 3251 3249 3246 3244 3242 3238 3236 3233 3229 3223 3214 3214 3216 3214 3212 3208 3205 3204 3202 3202 3200 3201 3198 3194 3190 3185 3182 3180 3176 3163 3159 3151 3131 3123 3130 3151 3173 3174
3259 3260 3261 3260 3259 3258 3258 3257 3257 3257 3257 3257 3258 3259 3259 3260 3261 3261 3260 3259 3258 3258 3258 3257 3257 3257 3257 3256 3256 3256 3257 3258 3258 3259 3259 3260 3260 3259 3258 3256 3256 3255 3255 3253 3251 3249 3248 3245 3243 3241 3239 3235 3230 3225 3221 3220 3218 3216 3213 3211 3208 3206 3205 3203 3203 3203 3202 3197 3193 3188 3184 3182 3179 3179 3179 3179 3166 3149 3148 3160 3168 3174
3260 3261 3261 3260 3259 3259 3258 3258 3258 3258 3259 3259 3259 3260 3260 3261 3261 3261 3261 3260 3259 3259 3259 3258 3258 3258 3258 3258 3258 3257 3257 3258 3259 3259 3259 3260 3260 3259 3258 3257 3257 3256 3255 3253 3251 3250 3248 3246 3244 3242 3241 3236 3231 3227 3224 3222 3219 3216 3214 3212 3210 3208 3207 3205 3204 3204 3202 3199 3196 3191 3188 3184 3181 3178 3177 3180 3181 3183 3178 3172 3175 3175
3261 3262 3262 3261 3260 3260 3260 3259 3259 3260 3260 3261 3261 3261 3261 3262 3262 3262 3261 3261 3260 3260 3259 3259 3259 3259 3259 3258 3259 3259 3259 3259 3259 3260 3260 3259 3259 3258 3258 3257 3257 3256 3255 3254 3252 3250 3249 3247 3245 3243 3240 3236 3230 3228 3225 3223 3220 3217 3215 3213 3211 3209 3208 3207 3206 3205 3205 3203 3200 3196 3192 3189 3185 3181 3178 3177 3181 3185 3187 3186 3182 3180
3265 3264 3264 3264 3263 3263 3263 3262 3262 3262 3262 3263 3263 3263 3263 3263 3263 3263 3263 3262 3262 3261 3261 3260 3260 3260 3260 3260 3260 3261 3261 3261 3261 3261 3261 3261 3260 3260 3259 3259 3258 3256 3253 3254 3252 3250 3248 3248 3246 3244 3240 3235 3231 3228 3226 3223 3220 3218 3216 3214 3212 3211 3210 3208 3207 3206 3206 3205 3202 3200 3198 3196 3193 3191 3188 3189 3188 3191 3190 3189 3188 3186
3266 3266 3266 3265 3265 3265 3264 3264 3263 3263 3264 3264 3263 3263 3263 3263 3263 3263 3263 3263 3263 3263 3262 3262 3262 3262 3262 3262 3263 3263 3264 3264 3265 3265 3265 3264 3264 3264 3264 3263 3261 3256 3253 3249 3250 3250 3249 3247 3246 3242 3239 3234 3231 3229 3226 3223 3221 3219 3217 3215 3214 3213 3212 3210 3208 3207 3208 3207 3206 3204 3204 3202 3199 3198 3197 3196 3195 3194 3192 3190 3188 3187
3266 3266 3266 3266 3265 3265 3265 3264 3264 3264 3264 3264 3264 3264 3264 3264 3263 3263 3263 3263 3263 3263 3263 3263 3263 3264 3264 3264 3265 3265 3265 3266 3266 -9999 -9999 -9999 -9999 3266 3266 -9999 -9999 -9999 -9999 3244 3243 3245 3243 3246 3242 3240 3236 3234 3232 3229 3226 3223 3221 3220 3218 3217 3215 3214 3213 3212 3210 3209 3210 3211 3208 3207 3206 3204 3202 3200 3199 3198 3197 3195 3193 3191 3189 3187
3266 3265 3265 3265 3265 3265 3265 3264 3264 3264 3264 3264 3264 3264 3264 3264 3264 3263 3263 3263 3264 3264 3264 3264 3265 3265 3265 3266 3266 3266 -9999 -9999 -9999 -9999 -9999 -9999 -9999 -9999 -9999 -9999 -9999 -9999 -9999 -9999 3236 3235 3237 3237 3238 3238 3236 3234 3232 3229 3227 3225 3222 3221 3219 3218 3216 3215 3217 3217 3215 3215 3215 3214 3216 3216 3215 3211 3206 3202 3198 3196 3197 3195 3193 3191 3190 3189
-9999 3265 3265 3265 3265 3264 3264 3264 3265 3265 3265 3264 3265 3264 3264 3264 3264 3264 3264 3264 3264 3264 3265 3265 3266 3266 3266 -9999 -9999 -9999 -9999 -9999 -9999 -9999 -9999 -9999 -9999 -9999 -9999 -9999 -9999 -9999 -9999 -9999 -9999 3231 3234 3236 3237 3234 3237 3234 3234 3233 3231 3229 3227 3225 3224 3223 3221 3223 3227 3231 3234 3234 3234 3236 3236 3238 3235 3226 3214 3203 3196 3193 3193 3194 3192 3191 3191 3190
-9999 -9999 3265 3265 3265 3265 3265 3265 3265 3265 3265 3265 3264 3264 3264 3264 3264 3265 3265 3266 3266 3265 3266 3266 3266 -9999 -9999 -9999 -9999 -9999 -9999 -9999 -9999 -9999 -9999 -9999 -9999 -9999 -9999 -9999 -9999 -9999 -9999 -9999 -9999 -9999 3245 3248 3243 3239 3236 3237 3239 3240 3242 3240 3238 3237 3237 3239 3239 3238 3243 3247 3251 3255 3254 3250 3248 3242 3239 3228 3220 -9999 -9999 3188 3189 3188 3188 3189 3189 3189
-9999 -9999 -9999 3265 3266 3266 3266 3267 3267 3267 3267 3266 3265 3264 3264 3265 3266 3266 3267 3267 -9999 -9999 -9999 -9999 -9999 -9999 -9999 -9999 -9999 -9999 -9999 -9999 -9999 -9999 -9999 -9999 -9999 -9999 -9999 -9999 -9999 -9999 -9999 -9999 -9999 -9999 3248 3250 3247 3239 3237 3233 3237 3240 3246 3249 3247 3247 3249 3252 3256 3257 3258 3259 3261 3260 3257 3251 3245 3241 -9999 -9999 -9999 -9999 -9999 -9999 3186 3187 3186 3186 3186 3186
-9999 -9999 -9999 -9999 3268 3268 3268 3267 -9999 -9999 -9999 3267 -9999 3265 3266 3266 3267 3267 -9999 -9999 -9999 -9999 -9999 -9999 -9999 -9999 -9999 -9999 -9999 -9999 -9999 -9999 -9999 -9999 -9999 -9999 -9999 -9999 -9999 -9999 -9999 -9999 -9999 -9999 -9999 -9999 -9999 3252 3254 3250 3247 3243 3241 3247 3256 3260 3260 3259 3259 3262 3263 3264 3263 3261 3259 3258 3253 3250 -9999 -9999 -9999 -9999 -9999 -9999 -9999 -9999 -9999 3186 3186 3186 3185 3184
-9999 -9999 -9999 -9999 -9999 -9999 -9999 -9999 -9999 -9999 -9999 -9999 -9999 -9999 3266 -9999 -9999 -9999 -9999 -9999 -9999 -9999 -9999 -9999 -9999 -9999 -9999 -9999 -9999 -9999 -9999 -9999 -9999 -9999 -9999 -9999 -9999 -9999 -9999 -9999 -9999 -9999 -9999 -9999 -9999 -9999 -9999 -9999 3260 3264 3266 3262 3264 3265 3270 3270 3269 3267 3266 3265 3265 3264 3263 3259 3257 -9999 -9999 -9999 -9999 -9999 -9999 -9999 -9999 -9999 -9999 -9999 -9999 -9999 -9999 3185 3185 3184
