Data/tmax/PRISM_tmax_pr_1963-1995_normal_450mM1_04_asc.asc
ncols 557
nrows 164
xllcorner -67.31875000000
yllcorner 17.86875000000
cellsize 0.00416666667
NODATA_value -9999
[rows 36 to 71 of 164, columns 164 to 245 of 557]
2974 2971 2969 2967 2967 2968 2966 2965 2961 2963 2963 2961 2961 2960 2957 2958 2957 2955 2955 2956 2955 2955 2957 2957 2959 2959 2957 2958 2955 2956 2958 2982 3007 3008 2982 2943 2936 2935 2936 2941 2941 2941 2941 2941 2941 2940 2948 2954 2956 2956 2959 2962 2963 2963 2962 2961 2967 2980 2974 2965 2966 2965 2966 2966 2965 2964 2963 2965 2974 2987 2981 2971 2966 2967 2963 2962 2961 2966 2967 2964 2962 2959
2972 2970 2966 2965 2963 2966 2965 2961 2959 2958 2959 2957 2959 2955 2957 2954 2953 2951 2953 2953 2953 2953 2954 2953 2954 2956 2955 2953 2951 2948 2951 2965 2996 3013 2993 2962 2937 2935 2934 2935 2937 2934 2935 2936 2937 2936 2941 2951 2953 2953 2955 2957 2959 2959 2957 2958 2966 2977 2969 2961 2959 2961 2958 2958 2957 2958 2961 2968 2979 2983 2975 2966 2966 2965 2966 2961 2960 2960 2958 2957 2954 2957
2973 2968 2965 2962 2963 2962 2961 2958 2956 2957 2955 2958 2958 2959 2957 2955 2954 2952 2953 2955 2955 2953 2949 2947 2949 2954 2956 2954 2948 2945 2942 2952 2985 3012 3011 2978 2955 2939 2929 2930 2930 2930 2931 2932 2932 2935 2938 2947 2949 2949 2950 2952 2955 2955 2953 2954 2963 2977 2965 2956 2955 2956 2953 2949 2949 2953 2964 2977 2983 2978 2965 2960 2960 2962 2961 2957 2956 2954 2956 2957 2961 2964
2971 2966 2962 2961 2961 2962 2958 2957 2956 2957 2959 2959 2960 2960 2955 2955 2953 2950 2951 2954 2956 2954 2951 2946 2949 2953 2952 2949 2945 2942 2941 2953 2985 3013 3020 3001 2978 2954 2931 2926 2925 2926 2929 2930 2932 2932 2937 2944 2945 2946 2949 2951 2953 2952 2952 2953 2963 2977 2967 2955 2954 2954 2950 2944 2943 2951 2966 2981 2986 2970 2958 2956 2955 2955 2953 2954 2956 2958 2961 2967 2969 2973
2973 2965 2959 2958 2959 2959 2957 2952 2955 2958 2960 2961 2961 2957 2958 2960 2960 2955 2955 2956 2956 2954 2951 2950 2951 2950 2948 2944 2939 2937 2941 2953 2981 3006 3019 3015 2998 2972 2941 2927 2926 2925 2926 2925 2928 2933 2936 2938 2939 2941 2948 2949 2949 2948 2951 2954 2962 2977 2968 2960 2956 2955 2948 2944 2941 2949 2963 2974 2979 2963 2954 2953 2952 2950 2950 2952 2957 2960 2964 2967 2967 2969
2980 2975 2965 2960 2955 2954 2952 2952 2955 2961 2962 2960 2954 2955 2954 2960 2963 2960 2959 2959 2955 2951 2951 2949 2949 2950 2949 2946 2941 2940 2939 2947 2964 2988 3012 3018 3011 2985 2949 2929 2922 2919 2919 2918 2923 2933 2936 2935 2932 2936 2943 2945 2938 2941 2947 2953 2960 2976 2970 2963 2958 2954 2949 2942 2942 2948 2952 2962 2971 2959 2952 2951 2949 2950 2946 2950 2952 2953 2956 2958 2959 2960
2990 2983 2979 2970 2961 2956 2951 2951 2957 2961 2962 2962 2960 2961 2964 2964 2965 2965 2959 2961 2957 2954 2946 2949 2948 2948 2951 2950 2942 2938 2938 2939 2949 2970 3002 3018 3012 2992 2957 2931 2916 2916 2917 2918 2925 2934 2939 2937 2938 2942 2948 2944 2940 2940 2948 2952 2966 2972 2968 2957 2953 2949 2945 2943 2944 2945 2948 2954 2967 2957 2953 2952 2948 2943 2944 2942 2942 2942 2944 2950 2950 2953
2987 2985 2981 2979 2974 2967 2962 2958 2959 2962 2967 2967 2971 2972 2974 2973 2970 2968 2966 2964 2966 2958 2954 2950 2948 2950 2954 2952 2946 2940 2937 2943 2946 2963 2989 3006 3008 2996 2970 2949 2936 2931 2937 2942 2944 2951 2949 2948 2948 2951 2952 2952 2948 2954 2959 2968 2969 2975 2966 2957 2946 2941 2940 2941 2943 2945 2943 2954 2965 2963 2958 2962 2956 2954 2955 2953 2948 2945 2945 2954 2950 2950
2985 2985 2981 2979 2982 2986 2981 2980 2979 2981 2981 2984 2981 2986 2986 2983 2982 2981 2974 2976 2973 2968 2962 2960 2956 2953 2960 2956 2951 2946 2945 2947 2952 2960 2983 3000 3006 3000 2985 2969 2957 2951 2952 2954 2956 2957 2958 2955 2956 2956 2956 2955 2957 2963 2972 2974 2975 2971 2969 2961 2947 2936 2933 2937 2938 2939 2954 2961 2974 2960 2960 2958 2959 2963 2968 2969 2962 2959 2964 2963 2967 2954
2989 2987 2984 2983 2989 2992 2993 2993 2991 2990 2991 2988 2989 2988 2991 2990 2987 2985 2982 2978 2970 2968 2968 2969 2961 2964 2965 2965 2961 2959 2956 2955 2952 2960 2980 2998 3009 3003 2990 2972 2963 2956 2955 2956 2956 2956 2956 2957 2958 2957 2957 2958 2958 2966 2969 2974 2969 2961 2965 2962 2945 2933 2929 2931 2932 2944 2958 2976 2970 2965 2951 2947 2943 2950 2954 2951 2955 2960 2965 2975 2973 2965
2991 2991 2987 2987 2993 2994 2993 2992 2993 2988 2990 2985 2985 2988 2990 2989 2985 2986 2984 2978 2972 2968 2970 2971 2967 2968 2973 2965 2966 2964 2959 2948 2947 2956 2976 2998 3005 3008 2996 2984 2967 2959 2959 2958 2956 2954 2953 2954 2956 2956 2956 2958 2961 2961 2966 2965 2962 2956 2956 2958 2944 2930 2927 2927 2931 2937 2957 2964 2975 2976 2971 2960 2942 2931 2932 2932 2936 2948 2963 2971 2984 2976
2989 2990 2987 2987 2988 2986 2982 2984 2982 2988 2982 2983 2983 2988 2989 2983 2983 2982 2983 2976 2970 2966 2967 2961 2960 2963 2961 2960 2956 2952 2946 2938 2934 2946 2972 2987 2998 3000 3006 2997 2983 2967 2960 2957 2955 2952 2950 2952 2953 2952 2953 2956 2957 2958 2956 2959 2959 2950 2953 2956 2940 2926 2922 2926 2931 2933 2930 2936 2950 2969 2983 2978 2959 2939 2930 2926 2925 2936 2959 2972 2985 2984
2982 2985 2985 2985 2982 2977 2974 2976 2979 2976 2981 2976 2978 2981 2982 2980 2971 2975 2970 2970 2960 2958 2955 2954 2956 2958 2955 2951 2950 2943 2931 2922 2922 2931 2954 2975 2978 2984 3000 3006 2992 2971 2956 2951 2949 2950 2949 2949 2949 2948 2948 2951 2951 2951 2952 2954 2953 2948 2947 2953 2942 2925 2924 2918 2920 2912 2902 2904 2920 2944 2972 2990 2976 2964 2953 2942 2932 2935 2958 2971 2978 2977
2971 2976 2977 2979 2975 2972 2971 2967 2967 2972 2971 2970 2973 2973 2977 2969 2968 2961 2966 2960 2960 2953 2954 2952 2950 2946 2939 2938 2941 2933 2915 2911 2907 2914 2939 2956 2958 2970 2992 3006 2998 2975 2954 2943 2945 2946 2946 2946 2944 2942 2942 2944 2948 2951 2951 2950 2946 2937 2943 2952 2946 2940 2933 2922 2910 2901 2893 2891 2916 2943 2970 2985 2987 2978 2984 2976 2963 2954 2959 2963 2969 2970
2960 2962 2966 2968 2970 2967 2966 2962 2959 2961 2966 2967 2966 2970 2964 2965 2961 2957 2955 2961 2956 2951 2958 2945 2940 2926 2914 2920 2929 2918 2904 2892 2889 2899 2913 2933 2943 2965 2995 3004 3000 2982 2957 2940 2938 2938 2939 2940 2938 2937 2938 2946 2947 2947 2946 2937 2928 2928 2929 2936 2935 2940 2939 2924 2911 2897 2890 2903 2925 2959 2981 2981 2971 2976 2984 2993 2982 2970 2957 2947 2950 2954
2954 2959 2962 2969 2969 2964 2961 2957 2956 2961 2962 2962 2962 2959 2958 2955 2956 2952 2947 2944 2938 2938 2932 2934 2923 2917 2915 2912 2909 2902 2885 2880 2878 2881 2898 2917 2947 2980 2996 2999 3001 2987 2960 2940 2932 2929 2931 2933 2933 2935 2943 2947 2946 2938 2933 2925 2917 2914 2915 2916 2923 2934 2941 2931 2911 2899 2890 2900 2935 2964 2973 2970 2959 2966 2982 2983 2987 2976 2959 2942 2929 2926
2957 2962 2973 2985 2984 2975 2961 2959 2961 2964 2965 2954 2950 2951 2949 2949 2948 2943 2933 2930 2927 2915 2916 2910 2908 2905 2902 2900 2891 2884 2877 2881 2874 2878 2893 2930 2970 2991 2993 2991 2997 2993 2969 2938 2923 2923 2923 2930 2932 2938 2945 2950 2943 2933 2925 2918 2910 2909 2909 2908 2917 2934 2939 2935 2928 2908 2906 2911 2934 2947 2952 2945 2955 2969 2975 2975 2973 2982 2969 2941 2924 2909
2971 2981 2996 3010 3012 3000 2987 2979 2982 2988 2981 2972 2959 2953 2952 2945 2944 2933 2927 2918 2905 2895 2885 2882 2882 2879 2883 2885 2886 2875 2879 2880 2871 2879 2907 2961 2981 2984 2968 2975 2991 2993 2977 2937 2913 2911 2923 2933 2938 2939 2940 2943 2940 2931 2924 2913 2907 2901 2900 2905 2916 2926 2929 2932 2929 2922 2915 2924 2924 2923 2920 2930 2946 2973 2979 2962 2965 2976 2960 2935 2917 2909
3004 3009 3011 3013 3020 3021 3016 3010 3006 3000 2995 2990 2983 2964 2950 2941 2935 2929 2917 2906 2893 2879 2867 2870 2861 2858 2859 2869 2869 2865 2865 2871 2868 2880 2929 2969 2977 2952 2941 2948 2960 2982 2969 2929 2913 2917 2935 2952 2952 2943 2933 2927 2925 2924 2919 2913 2905 2896 2893 2897 2911 2918 2918 2919 2923 2917 2916 2919 2918 2907 2908 2924 2944 2969 2968 2955 2957 2961 2942 2914 2910 2911
3008 2997 2986 2985 2995 3016 3021 3013 2994 2972 2962 2971 2980 2965 2940 2925 2916 2904 2893 2890 2881 2871 2865 2857 2852 2848 2848 2855 2858 2858 2862 2876 2882 2905 2940 2959 2950 2930 2920 2922 2941 2964 2967 2931 2931 2948 2964 2976 2969 2943 2927 2920 2911 2911 2909 2906 2898 2888 2882 2887 2898 2903 2907 2908 2913 2909 2902 2910 2908 2900 2908 2918 2932 2944 2948 2934 2945 2947 2918 2903 2912 2920
2967 2959 2948 2952 2977 3006 3006 3001 2987 2954 2933 2945 2968 2963 2947 2913 2893 2870 2861 2859 2867 2859 2850 2847 2843 2843 2841 2849 2853 2855 2879 2907 2919 2937 2950 2939 2910 2905 2900 2905 2942 2979 2969 2950 2967 2983 2992 2987 2961 2934 2912 2905 2898 2895 2889 2885 2880 2872 2870 2871 2879 2884 2890 2893 2896 2895 2894 2898 2906 2902 2901 2908 2906 2911 2913 2904 2907 2913 2897 2882 2908 2911
2935 2929 2926 2934 2962 2990 2989 2978 2970 2956 2943 2941 2954 2958 2952 2932 2893 2862 2841 2847 2854 2860 2850 2847 2841 2839 2844 2859 2868 2883 2909 2924 2925 2931 2933 2906 2884 2875 2880 2903 2960 2999 2991 2976 2993 3009 3007 2994 2971 2939 2916 2896 2881 2871 2867 2862 2860 2855 2848 2860 2862 2865 2873 2871 2867 2866 2866 2888 2895 2892 2892 2897 2882 2890 2883 2871 2871 2880 2877 2866 2879 2885
2911 2910 2902 2914 2954 2981 2968 2941 2938 2938 2942 2948 2948 2946 2949 2943 2914 2876 2848 2839 2852 2855 2858 2853 2854 2858 2872 2899 2907 2915 2921 2921 2902 2893 2898 2883 2861 2859 2871 2903 2961 3013 3012 2996 2996 3008 3017 3007 2994 2978 2946 2907 2871 2868 2868 2875 2872 2842 2828 2830 2837 2838 2849 2844 2831 2825 2833 2849 2862 2859 2870 2868 2867 2855 2854 2837 2831 2854 2857 2846 2857 2853
2937 2913 2898 2913 2951 2962 2944 2915 2900 2905 2917 2937 2934 2928 2935 2938 2928 2889 2861 2848 2847 2855 2848 2853 2859 2877 2906 2921 2917 2911 2903 2890 2877 2870 2869 2872 2864 2866 2887 2915 2958 2999 3008 2981 2956 2964 2993 2990 2985 2992 2963 2922 2895 2896 2909 2917 2898 2842 2798 2803 2818 2822 2818 2811 2799 2793 2798 2811 2811 2822 2830 2842 2833 2831 2825 2820 2819 2834 2843 2828 2834 2831
2978 2935 2901 2922 2945 2934 2906 2884 2879 2878 2892 2894 2894 2883 2889 2916 2923 2914 2888 2877 2878 2866 2853 2852 2863 2888 2918 2924 2911 2893 2871 2857 2852 2852 2862 2895 2907 2906 2940 2951 2973 2996 3000 2959 2909 2907 2943 2938 2943 2968 2946 2910 2911 2931 2943 2941 2921 2851 2802 2822 2834 2842 2815 2784 2760 2764 2764 2765 2775 2778 2794 2792 2799 2805 2806 2806 2805 2813 2819 2808 2817 2816
2978 2907 2874 2903 2938 2916 2887 2874 2859 2866 2868 2868 2835 2826 2831 2866 2911 2923 2915 2910 2902 2887 2867 2867 2875 2895 2908 2909 2901 2880 2858 2854 2856 2860 2892 2935 2948 2966 2970 2987 2995 3007 2993 2942 2878 2868 2887 2875 2892 2934 2923 2901 2911 2925 2928 2936 2918 2871 2857 2847 2859 2865 2834 2787 2765 2744 2738 2740 2744 2750 2748 2747 2758 2777 2779 2781 2782 2789 2794 2797 2800 2803
2948 2858 2830 2877 2919 2912 2891 2870 2862 2846 2852 2840 2812 2784 2782 2811 2863 2900 2896 2885 2889 2881 2870 2878 2890 2895 2885 2882 2884 2875 2870 2892 2906 2916 2932 2948 2945 2954 2966 2967 2983 2994 2951 2900 2850 2836 2854 2825 2836 2904 2921 2915 2905 2891 2886 2898 2896 2893 2867 2844 2836 2853 2838 2821 2789 2761 2734 2724 2727 2726 2726 2721 2723 2740 2744 2748 2752 2762 2768 2779 2786 2791
2907 2809 2804 2848 2882 2888 2864 2862 2857 2849 2837 2823 2798 2766 2745 2762 2810 2850 2855 2845 2838 2845 2846 2863 2877 2876 2868 2866 2879 2879 2906 2944 2952 2941 2933 2925 2893 2906 2913 2924 2968 2965 2918 2854 2810 2804 2814 2782 2784 2843 2889 2900 2857 2821 2819 2845 2850 2853 2845 2811 2813 2832 2835 2836 2835 2796 2760 2733 2724 2732 2744 2740 2724 2728 2730 2732 2736 2736 2741 2744 2760 2776
2845 2785 2785 2823 2854 2841 2826 2832 2842 2837 2816 2793 2778 2755 2728 2723 2751 2799 2823 2806 2791 2790 2800 2821 2845 2854 2855 2871 2872 2887 2918 2963 2940 2892 2876 2875 2848 2853 2858 2889 2940 2957 2910 2846 2792 2773 2773 2744 2749 2793 2848 2846 2797 2756 2771 2779 2768 2773 2762 2758 2797 2789 2773 2808 2839 2833 2806 2776 2761 2766 2785 2775 2761 2755 2754 2750 2742 2732 2728 2732 2733 2746
2795 2746 2764 2804 2816 2812 2796 2804 2818 2800 2773 2745 2747 2746 2714 2694 2701 2749 2786 2784 2748 2732 2741 2770 2792 2810 2847 2859 2857 2874 2923 2954 2926 2853 2826 2832 2814 2820 2838 2880 2939 2960 2914 2853 2790 2750 2737 2732 2744 2789 2833 2806 2743 2725 2727 2731 2699 2695 2698 2737 2781 2754 2713 2742 2794 2824 2828 2809 2789 2784 2779 2779 2764 2769 2747 2730 2706 2703 2717 2729 2724 2729
2783 2734 2741 2762 2784 2765 2760 2773 2773 2754 2718 2687 2700 2710 2688 2659 2675 2713 2765 2754 2726 2700 2689 2713 2742 2782 2816 2847 2859 2893 2942 2961 2922 2852 2810 2798 2789 2812 2856 2899 2937 2953 2918 2856 2788 2738 2712 2704 2724 2775 2801 2776 2714 2692 2688 2668 2645 2653 2677 2732 2778 2757 2704 2698 2744 2784 2807 2807 2788 2761 2744 2732 2735 2728 2711 2681 2671 2670 2692 2712 2710 2708
2775 2722 2697 2718 2733 2718 2723 2728 2730 2702 2658 2626 2653 2679 2671 2655 2664 2705 2734 2728 2697 2667 2649 2668 2709 2749 2804 2826 2859 2924 2950 2943 2894 2834 2791 2777 2772 2820 2867 2899 2929 2948 2932 2874 2804 2745 2708 2692 2708 2738 2783 2744 2696 2671 2639 2620 2617 2646 2687 2727 2775 2739 2690 2666 2695 2733 2766 2778 2762 2745 2723 2711 2699 2688 2668 2664 2660 2678 2689 2694 2709 2715
2780 2706 2663 2661 2680 2689 2688 2694 2682 2655 2606 2583 2614 2659 2658 2638 2640 2674 2695 2681 2658 2627 2603 2621 2662 2720 2757 2798 2841 2903 2934 2917 2864 2816 2781 2756 2761 2789 2839 2863 2890 2929 2947 2905 2836 2786 2749 2723 2707 2716 2726 2702 2659 2636 2609 2592 2593 2630 2670 2722 2737 2732 2668 2637 2655 2688 2717 2731 2733 2726 2722 2713 2697 2691 2676 2664 2665 2671 2680 2694 2715 2738
2774 2689 2628 2608 2639 2650 2654 2644 2641 2610 2572 2541 2572 2612 2619 2600 2614 2643 2674 2647 2613 2581 2553 2572 2613 2666 2720 2743 2783 2837 2888 2893 2872 2815 2774 2747 2732 2752 2782 2811 2847 2903 2937 2934 2885 2849 2821 2791 2746 2708 2697 2660 2639 2633 2616 2595 2587 2598 2628 2670 2715 2720 2678 2635 2626 2639 2672 2693 2692 2689 2688 2691 2688 2690 2688 2673 2662 2674 2689 2708 2731 2738
2756 2661 2584 2567 2592 2605 2602 2596 2589 2570 2529 2502 2512 2552 2570 2580 2600 2644 2650 2630 2586 2548 2527 2544 2590 2644 2690 2702 2713 2767 2820 2870 2864 2839 2793 2756 2728 2719 2739 2776 2826 2880 2942 2955 2921 2887 2853 2832 2783 2717 2675 2650 2634 2646 2639 2619 2601 2594 2596 2628 2669 2698 2676 2619 2594 2608 2639 2669 2662 2658 2641 2647 2645 2657 2661 2659 2663 2690 2715 2721 2723 2722
2742 2626 2544 2524 2543 2562 2554 2550 2544 2527 2498 2470 2469 2503 2539 2559 2596 2624 2632 2615 2586 2565 2544 2553 2587 2638 2673 2677 2694 2746 2808 2830 2843 2838 2832 2794 2741 2707 2710 2745 2802 2859 2915 2942 2928 2869 2829 2812 2788 2725 2675 2639 2635 2646 2638 2627 2615 2603 2618 2640 2671 2700 2671 2620 2578 2583 2611 2630 2638 2626 2619 2605 2599 2609 2620 2632 2654 2689 2698 2693 2696 2691
