Data/tmax/PRISM_tmax_pr_1963-1995_normal_450mM1_07_asc.asc
ncols 557
nrows 164
xllcorner -67.31875000000
yllcorner 17.86875000000
cellsize 0.00416666667
NODATA_value -9999
[rows 36 to 71 of 164, columns 328 to 409 of 557]
3145 3145 3145 3144 3146 3146 3143 3137 3133 3143 3150 3151 3150 3149 3147 3149 3151 3153 3153 3153 3152 3152 3152 3151 3150 3149 3148 3147 3147 3147 3146 3145 3146 3145 3145 3144 3142 3136 3133 3128 3130 3135 3137 3137 3140 3141 3144 3143 -9999 -9999 -9999 -9999 -9999 -9999 3146 -9999 -9999 -9999 -9999 -9999 -9999 -9999 -9999 -9999 -9999 -9999 -9999 -9999 -9999 -9999 -9999 -9999 -9999 -9999 -9999 -9999 -9999 -9999 -9999 3146 3146 -9999
3146 3146 3146 3146 3146 3146 3143 3137 3138 3146 3150 3150 3151 3148 3148 3147 3148 3150 3151 3151 3151 3151 3151 3151 3151 3150 3149 3148 3148 3148 3147 3146 3146 3145 3144 3143 3143 3141 3131 3121 3113 3114 3128 3130 3135 3138 3139 3141 3140 3142 3142 3141 3141 3142 3145 3146 -9999 -9999 -9999 -9999 -9999 -9999 -9999 -9999 -9999 -9999 -9999 -9999 -9999 -9999 -9999 -9999 -9999 -9999 -9999 -9999 -9999 -9999 3143 3145 3147 3148
3147 3147 3147 3148 3149 3149 3146 3144 3142 3149 3150 3150 3150 3150 3148 3146 3144 3145 3147 3149 3149 3150 3150 3151 3151 3151 3150 3150 3149 3148 3147 3147 3146 3145 3142 3141 3142 3143 3135 3118 3100 3096 3096 3108 3119 3132 3137 3137 3139 3140 3141 3142 3141 3143 3146 3147 3147 -9999 -9999 -9999 -9999 -9999 -9999 -9999 -9999 -9999 -9999 -9999 -9999 -9999 -9999 -9999 -9999 3142 -9999 -9999 -9999 3141 3143 3145 3148 3149
3148 3147 3147 3148 3150 3150 3150 3147 3148 3149 3149 3150 3150 3150 3149 3146 3143 3141 3143 3146 3147 3148 3148 3150 3150 3150 3148 3148 3148 3148 3148 3148 3147 3146 3143 3142 3143 3140 3135 3125 3106 3085 3072 3074 3099 3125 3135 3136 3136 3137 3137 3137 3137 3138 3141 3143 3144 3142 -9999 -9999 -9999 -9999 -9999 -9999 -9999 -9999 -9999 -9999 -9999 -9999 -9999 -9999 3140 3141 3141 -9999 3139 3140 3141 3140 3141 3149
3148 3148 3147 3149 3149 3149 3149 3150 3150 3150 3149 3150 3148 3149 3147 3146 3142 3140 3140 3143 3144 3146 3146 3146 3147 3144 3142 3142 3144 3146 3147 3147 3146 3144 3143 3142 3140 3138 3133 3127 3113 3087 3060 3059 3093 3122 3134 3135 3133 3132 3133 3135 3135 3134 3134 3137 3138 3139 3139 3141 3142 -9999 -9999 -9999 3143 -9999 -9999 -9999 -9999 -9999 -9999 3140 3140 3140 3141 3140 3140 3139 3138 3134 3139 3145
3148 3147 3146 3146 3147 3146 3147 3149 3151 3148 3146 3148 3146 3146 3143 3143 3139 3135 3138 3140 3139 3142 3141 3140 3139 3137 3136 3138 3140 3144 3146 3142 3144 3141 3141 3139 3138 3130 3124 3119 3111 3089 3069 3075 3103 3129 3133 3130 3128 3127 3128 3133 3135 3132 3126 3130 3134 3136 3138 3140 3141 3140 3140 3141 3142 3142 -9999 -9999 -9999 -9999 3140 3140 3140 3140 3140 3140 3140 3141 3142 3141 3144 3148
3149 3146 3144 3143 3143 3144 3145 3147 3146 3141 3141 3144 3145 3143 3140 3131 3128 3128 3132 3131 3134 3135 3135 3131 3130 3127 3130 3132 3138 3139 3138 3137 3137 3136 3130 3136 3124 3116 3111 3109 3107 3105 3097 3106 3123 3131 3126 3121 3120 3120 3126 3130 3133 3123 3114 3122 3130 3134 3135 3137 3138 3139 3140 3141 3141 3142 3143 3143 3142 3142 3141 3141 3140 3140 3140 3139 3139 3138 3141 3145 3148 3149
3144 3139 3137 3137 3140 3142 3145 3144 3145 3139 3139 3144 3142 3142 3134 3126 3115 3118 3124 3123 3123 3127 3130 3125 3123 3120 3118 3126 3132 3133 3128 3128 3129 3125 3126 3119 3108 3090 3086 3094 3105 3114 3119 3125 3129 3127 3119 3109 3104 3107 3115 3122 3127 3116 3108 3120 3130 3130 3133 3135 3136 3136 3138 3137 3137 3138 3141 3142 3142 3142 3142 3141 3139 3139 3139 3137 3133 3131 3140 3146 3150 3150
3126 3119 3121 3122 3130 3134 3138 3142 3143 3139 3136 3136 3135 3138 3137 3126 3112 3111 3113 3107 3105 3113 3111 3117 3117 3113 3112 3117 3129 3125 3117 3115 3124 3125 3114 3118 3088 3059 3052 3069 3087 3106 3115 3124 3122 3120 3110 3099 3084 3071 3077 3103 3118 3110 3107 3122 3124 3124 3125 3134 3136 3135 3132 3128 3130 3133 3138 3137 3140 3140 3140 3135 3132 3134 3131 3132 3121 3119 3136 3150 3152 3153
3114 3108 3101 3102 3106 3116 3121 3132 3139 3132 3124 3123 3126 3131 3133 3122 3104 3098 3097 3088 3090 3091 3100 3104 3113 3109 3109 3117 3123 3115 3105 3108 3118 3115 3115 3103 3084 3046 3026 3030 3056 3073 3098 3112 3115 3102 3106 3091 3074 3047 3055 3082 3103 3105 3110 3115 3119 3112 3117 3131 3135 3129 3123 3115 3117 3129 3126 3130 3135 3139 3135 3130 3121 3117 3123 3116 3106 3103 3130 3146 3151 3152
3120 3104 3093 3075 3079 3087 3103 3113 3129 3117 3111 3117 3125 3119 3110 3096 3081 3077 3075 3075 3075 3086 3085 3098 3104 3105 3104 3117 3119 3110 3106 3109 3112 3121 3109 3105 3086 3046 3006 2997 3013 3047 3080 3114 3108 3102 3085 3085 3079 3071 3071 3088 3102 3103 3108 3114 3106 3107 3110 3125 3131 3127 3113 3108 3116 3113 3112 3118 3131 3137 3136 3125 3114 3107 3111 3109 3103 3109 3130 3145 3147 -9999
3116 3101 3076 3059 3061 3072 3091 3112 3113 3101 3093 3102 3112 3106 3085 3073 3060 3056 3055 3057 3074 3076 3080 3087 3095 3088 3098 3110 3110 3098 3110 3108 3104 3099 3097 3078 3056 3022 2981 2956 2975 3013 3063 3099 3112 3091 3082 3057 3060 3072 3083 3091 3100 3109 3115 3107 3108 3110 3115 3127 3129 3119 3113 3110 3111 3106 3101 3113 3131 3136 3133 3125 3105 3092 3103 3112 3116 3125 3142 3143 -9999 -9999
3101 3089 3061 3053 3050 3067 3094 3113 3119 3101 3089 3087 3102 3110 3102 3084 3065 3049 3040 3055 3071 3073 3073 3081 3083 3087 3096 3107 3088 3075 3093 3097 3083 3073 3062 3036 3011 2983 2948 2927 2929 2967 3019 3067 3085 3088 3076 3052 3040 3041 3057 3074 3089 3109 3106 3105 3109 3115 3114 3118 3115 3105 3101 3105 3113 3106 3107 3122 3132 3135 3131 3120 3092 3087 3108 3122 3134 3142 3145 -9999 -9999 -9999
3098 3087 3063 3045 3046 3059 3097 3116 3118 3107 3099 3084 3082 3107 3113 3097 3072 3053 3041 3049 3068 3061 3051 3067 3079 3093 3103 3096 3065 3056 3067 3063 3043 3027 3014 2988 2964 2945 2926 2899 2895 2909 2964 3014 3038 3047 3066 3062 3034 3017 3021 3044 3076 3090 3091 3097 3099 3101 3090 3083 3080 3081 3092 3099 3106 3105 3109 3123 3125 3130 3128 3106 3091 3090 3117 3131 3137 3144 3146 -9999 -9999 -9999
3093 3084 3076 3051 3034 3054 3087 3102 3092 3096 3100 3076 3068 3084 3106 3110 3086 3064 3049 3056 3062 3037 3030 3046 3073 3090 3091 3070 3050 3042 3054 3023 2989 2969 2955 2928 2913 2903 2891 2879 2855 2860 2899 2951 2982 2996 3036 3057 3028 2989 2984 3015 3048 3060 3065 3072 3076 3067 3048 3034 3039 3057 3076 3079 3081 3090 3100 3104 3119 3124 3120 3107 3094 3109 3125 3127 3132 3142 3145 3146 -9999 -9999
3072 3091 3081 3057 3031 3035 3066 3073 3072 3079 3098 3083 3056 3055 3087 3099 3086 3057 3042 3046 3049 3019 2993 3015 3047 3062 3050 3028 3009 3025 3019 2980 2937 2907 2887 2859 2843 2841 2841 2832 2812 2800 2832 2884 2924 2961 3007 3034 3006 2964 2964 2987 3026 3042 3040 3045 3033 3019 2995 2985 3000 3031 3056 3038 3051 3072 3082 3086 3101 3123 3127 3118 3117 3126 3130 3126 3130 3140 3146 3145 -9999 -9999
3060 3073 3083 3060 3018 3017 3030 3043 3053 3080 3094 3078 3042 3046 3067 3091 3064 3036 3015 3015 3017 2987 2969 2970 3004 3014 2998 2975 2968 2975 2975 2933 2883 2848 2819 2788 2772 2770 2775 2767 2749 2739 2768 2829 2888 2937 2990 3015 2996 2963 2954 2987 3018 3035 3028 3021 3004 2980 2960 2949 2962 3004 3022 3013 3019 3058 3065 3060 3083 3115 3126 3131 3131 3136 3137 3135 3137 3144 3145 3145 -9999 -9999
3045 3055 3077 3064 3043 3019 3025 3035 3059 3083 3089 3064 3037 3040 3076 3072 3037 2998 2972 2967 2970 2965 2946 2953 2958 2973 2950 2924 2914 2925 2921 2884 2832 2787 2754 2723 2705 2694 2700 2695 2667 2664 2705 2777 2846 2907 2963 3002 3000 2979 2983 2990 3023 3031 3014 2995 2992 2979 2962 2941 2948 2980 3014 3005 3014 3046 3061 3066 3081 3109 3128 3132 3137 3139 3140 3141 3142 3144 3145 -9999 -9999 -9999
3023 3049 3066 3063 3037 3022 3017 3028 3057 3085 3085 3068 3043 3055 3079 3055 3003 2952 2919 2907 2910 2919 2934 2925 2939 2939 2908 2876 2858 2869 2863 2828 2780 2732 2691 2661 2634 2618 2617 2608 2601 2607 2662 2741 2812 2871 2928 2967 2979 2968 2970 2983 3012 3026 2995 2978 2976 2966 2946 2936 2943 2982 3018 3015 3004 3028 3062 3074 3094 3110 3127 3138 3139 3141 3142 3142 3143 3144 3144 -9999 -9999 -9999
3012 3043 3048 3033 3009 2986 2985 3000 3028 3054 3078 3074 3061 3062 3079 3053 2990 2934 2881 2850 2846 2860 2881 2896 2903 2912 2888 2841 2819 2808 2799 2763 2716 2675 2635 2601 2573 2539 2531 2535 2553 2594 2653 2742 2811 2872 2921 2936 2936 2921 2921 2933 2970 2995 2965 2946 2950 2937 2932 2927 2956 3007 3044 3048 3032 3050 3076 3102 3107 3118 3131 3138 3140 3141 3140 3131 3142 3143 3143 -9999 -9999 -9999
3012 3029 3030 2993 2960 2948 2957 2976 3011 3049 3071 3091 3064 3058 3068 3044 2984 2921 2864 2817 2793 2803 2826 2842 2865 2887 2879 2844 2799 2774 2739 2699 2654 2611 2577 2543 2511 2475 2457 2482 2534 2590 2661 2734 2804 2864 2892 2890 2871 2859 2868 2889 2926 2949 2928 2901 2913 2918 2921 2939 2977 3026 3070 3081 3076 3084 3103 3119 3124 3128 3136 3139 3139 3139 3129 3121 3130 3140 3141 3142 -9999 -9999
3011 3028 3017 2979 2943 2931 2959 2995 3037 3060 3080 3078 3054 3025 3041 3018 2958 2892 2837 2786 2766 2768 2777 2789 2815 2850 2866 2841 2792 2745 2700 2650 2600 2553 2519 2490 2453 2414 2421 2461 2532 2605 2664 2736 2794 2839 2846 2815 2792 2795 2819 2847 2884 2905 2887 2860 2864 2876 2903 2933 2974 3016 3062 3093 3097 3105 3113 3122 3129 3133 3136 3137 3137 3138 3124 3115 3130 3138 3141 3143 3144 -9999
3003 3013 3011 2979 2943 2935 2969 3019 3058 3078 3083 3067 3024 2992 3007 3000 2931 2864 2807 2775 2772 2781 2767 2757 2768 2802 2829 2809 2764 2715 2666 2618 2564 2519 2478 2451 2415 2398 2422 2482 2551 2612 2676 2736 2787 2820 2808 2752 2719 2727 2758 2794 2821 2848 2850 2831 2836 2858 2897 2939 2981 3013 3057 3089 3106 3114 3118 3125 3130 3133 3134 3135 3135 3130 3121 3114 3125 3134 3142 3144 3143 -9999
2980 2999 3004 2990 2968 2959 2987 3021 3060 3076 3073 3049 2992 2957 2974 2984 2926 2853 2806 2785 2811 2814 2787 2748 2740 2756 2779 2761 2718 2674 2626 2576 2533 2492 2476 2450 2422 2408 2450 2509 2561 2619 2672 2721 2756 2788 2773 2719 2681 2684 2698 2727 2760 2799 2827 2841 2869 2901 2938 2987 3021 3050 3079 3102 3111 3116 3118 3124 3126 3128 3129 3130 3130 3128 3119 3113 3116 3124 3139 3143 3143 -9999
2957 2971 2992 2986 2980 2986 3012 3041 3058 3070 3066 3032 2981 2936 2956 2965 2919 2859 2825 2823 2829 2824 2781 2739 2707 2714 2726 2708 2663 2619 2569 2521 2476 2465 2469 2473 2451 2438 2468 2509 2555 2602 2657 2691 2711 2740 2742 2720 2695 2684 2673 2679 2709 2753 2800 2838 2888 2935 2983 3027 3066 3083 3098 3101 3107 3109 3108 3111 3113 3114 3118 3113 3123 3124 3123 3125 3120 3128 3138 3141 3141 -9999
2938 2959 2964 2959 2949 2971 3021 3052 3074 3073 3067 3049 2996 2958 2956 2963 2929 2888 2863 2845 2831 2793 2747 2700 2666 2661 2669 2645 2603 2556 2508 2456 2417 2404 2440 2464 2470 2467 2491 2522 2535 2576 2624 2647 2656 2675 2706 2716 2729 2732 2698 2684 2688 2729 2777 2831 2886 2943 3001 3050 3083 3088 3091 3088 3087 3084 3077 3079 3085 3089 3095 3101 3102 3109 3110 3127 3133 3136 3140 3139 -9999 -9999
2917 2934 2948 2930 2913 2934 2988 3037 3064 3067 3067 3044 3008 2958 2940 2940 2921 2897 2864 2830 2789 2745 2703 2657 2617 2606 2597 2582 2544 2498 2452 2407 2363 2364 2403 2450 2476 2490 2521 2537 2536 2541 2580 2593 2587 2610 2646 2691 2735 2756 2758 2729 2724 2751 2800 2857 2914 2965 3012 3057 3078 3084 3074 3062 3055 3043 3029 3032 3044 3067 3079 3084 3099 3097 3103 3117 3132 3136 3135 -9999 -9999 -9999
2893 2901 2914 2912 2903 2909 2954 3004 3043 3058 3054 3034 2993 2948 2918 2896 2885 2872 2833 2786 2738 2696 2658 2614 2571 2544 2530 2517 2493 2460 2426 2391 2362 2369 2420 2472 2506 2517 2538 2561 2538 2525 2532 2529 2525 2548 2594 2642 2689 2753 2777 2792 2787 2816 2857 2902 2950 2992 3026 3058 3080 3069 3063 3044 3024 3001 2983 2989 3021 3050 3073 3086 3103 3110 3111 3125 3128 3128 3128 3126 -9999 -9999
2907 2889 2891 2894 2889 2897 2909 2958 3006 3032 3045 3032 2999 2967 2935 2894 2864 2835 2795 2742 2692 2652 2613 2569 2525 2492 2468 2459 2440 2418 2406 2394 2392 2405 2455 2503 2538 2538 2553 2572 2561 2522 2501 2476 2458 2479 2530 2576 2643 2717 2793 2826 2854 2884 2920 2958 2995 3026 3050 3069 3072 3064 3046 3041 3020 2986 2959 2958 2992 3031 3061 3077 3095 3110 3117 3122 3124 3123 3121 3123 3123 -9999
2976 2937 2927 2919 2910 2891 2896 2926 2970 3001 3027 3011 2987 2960 2942 2917 2870 2831 2776 2720 2673 2629 2590 2544 2503 2468 2435 2417 2393 2372 2373 2390 2421 2456 2494 2537 2568 2571 2568 2585 2576 2540 2499 2454 2420 2424 2463 2525 2612 2705 2786 2849 2884 2927 2960 2996 3028 3053 3065 3074 3069 3036 3024 3023 3014 2989 2971 2978 3004 3040 3060 3078 3084 3097 3111 3118 3119 3120 3119 3120 -9999 -9999
3043 3014 3003 2989 2967 2945 2922 2938 2961 2984 2995 2983 2942 2912 2906 2898 2876 2833 2790 2744 2694 2655 2613 2570 2538 2496 2455 2427 2390 2372 2368 2394 2445 2492 2532 2572 2607 2614 2606 2610 2604 2566 2524 2479 2429 2410 2426 2497 2592 2688 2768 2832 2890 2928 2973 3007 3040 3057 3067 3069 3055 3022 2994 2998 2997 2992 3000 3014 3039 3055 3076 3077 3086 3093 3105 3111 3114 3116 3117 3117 3118 -9999
3099 3071 3068 3051 3033 3008 2976 2963 2978 2968 2967 2939 2907 2868 2848 2857 2842 2822 2806 2768 2736 2696 2653 2619 2586 2546 2502 2467 2442 2417 2414 2422 2458 2507 2555 2604 2649 2665 2657 2653 2642 2605 2560 2517 2472 2434 2430 2474 2573 2663 2743 2808 2862 2920 2962 3003 3036 3049 3051 3055 3047 3025 3000 2990 2978 2968 2971 2991 3011 3032 3053 3077 3084 3097 3103 3106 3109 3112 3114 3114 -9999 3109
3140 3122 3110 3098 3082 3053 3013 2997 2996 2978 2942 2916 2881 2840 2815 2807 2799 2798 2796 2792 2763 2739 2701 2663 2639 2597 2558 2534 2503 2491 2483 2471 2480 2505 2560 2626 2679 2714 2721 2712 2696 2647 2597 2559 2521 2495 2486 2523 2586 2673 2752 2816 2876 2930 2981 3015 3037 3042 3036 3029 3037 3034 3026 3008 2981 2954 2945 2955 2977 3008 3046 3070 3090 3095 3099 3102 3106 3108 3110 3108 3105 3107
3161 3150 3142 3130 3114 3092 3050 3037 3045 3012 2976 2940 2907 2869 2831 2810 2786 2790 2804 2790 2791 2769 2739 2715 2691 2659 2629 2599 2574 2557 2555 2540 2519 2539 2571 2636 2705 2761 2787 2791 2757 2700 2636 2600 2571 2572 2588 2620 2668 2720 2788 2849 2905 2959 2997 3014 3032 3030 3020 3018 3013 3025 3029 3016 2992 2968 2953 2967 2996 3022 3053 3080 3086 3091 3095 3100 3103 3107 3107 3106 3104 3101
3167 3163 3158 3151 3145 3125 3102 3088 3088 3062 3029 2999 2969 2936 2896 2852 2818 2822 2816 2814 2808 2808 2783 2762 2760 2742 2709 2680 2640 2628 2622 2609 2607 2614 2655 2700 2752 2812 2854 2863 2833 2756 2695 2650 2634 2638 2676 2724 2765 2811 2854 2904 2942 2982 3002 3012 3026 3032 3034 3023 3019 3012 3011 3011 3007 2990 2975 2987 3006 3025 3051 3075 3086 3090 3094 3099 3103 3105 3106 3105 3102 3102
3167 3166 3158 3163 3162 3156 3137 3125 3121 3102 3080 3054 3027 2998 2958 2908 2876 2877 2869 2861 2872 2863 2850 2841 2842 2825 2796 2752 2720 2693 2686 2665 2667 2706 2743 2792 2839 2879 2917 2929 2890 2821 2752 2717 2698 2716 2742 2793 2847 2888 2923 2951 2969 2993 3013 3023 3044 3049 3060 3061 3034 3009 3003 3011 3024 3012 2989 2980 2985 3007 3038 3071 3087 3091 3095 3098 3101 3104 3106 3105 3103 3101
