Data/tmax/PRISM_tmax_pr_1963-1995_normal_450mM1_02_asc.asc
ncols 557
nrows 164
xllcorner -67.31875000000
yllcorner 17.86875000000
cellsize 0.00416666667
NODATA_value -9999
[rows 0 to 35 of 164, columns 164 to 245 of 557]
-9999 -9999 -9999 -9999 -9999 -9999 -9999 -9999 -9999 -9999 -9999 -9999 -9999 -9999 -9999 -9999 -9999 -9999 -9999 -9999 -9999 -9999 -9999 -9999 -9999 -9999 -9999 -9999 -9999 -9999 -9999 -9999 -9999 -9999 -9999 -9999 -9999 -9999 -9999 -9999 -9999 -9999 -9999 -9999 -9999 -9999 -9999 -9999 -9999 -9999 -9999 -9999 -9999 -9999 -9999 -9999 -9999 -9999 -9999 -9999 -9999 -9999 -9999 -9999 -9999 -9999 -9999 -9999 -9999 -9999 -9999 -9999 -9999 -9999 -9999 -9999 -9999 -9999 -9999 -9999 -9999 -9999
-9999 -9999 -9999 -9999 -9999 -9999 -9999 -9999 -9999 -9999 -9999 -9999 -9999 -9999 -9999 -9999 -9999 -9999 -9999 -9999 -9999 -9999 -9999 -9999 -9999 -9999 -9999 -9999 -9999 -9999 -9999 -9999 -9999 -9999 -9999 -9999 -9999 -9999 -9999 -9999 -9999 -9999 -9999 -9999 -9999 -9999 -9999 -9999 -9999 -9999 -9999 -9999 -9999 -9999 -9999 -9999 -9999 -9999 -9999 -9999 -9999 -9999 -9999 -9999 -9999 -9999 -9999 -9999 -9999 -9999 -9999 -9999 -9999 -9999 -9999 -9999 -9999 -9999 -9999 -9999 -9999 -9999
-9999 -9999 -9999 -9999 -9999 -9999 -9999 -9999 -9999 -9999 -9999 -9999 -9999 -9999 -9999 -9999 -9999 -9999 -9999 -9999 -9999 -9999 -9999 -9999 -9999 -9999 -9999 -9999 -9999 -9999 -9999 -9999 -9999 -9999 -9999 -9999 -9999 -9999 -9999 -9999 -9999 -9999 -9999 -9999 -9999 -9999 -9999 -9999 -9999 -9999 -9999 -9999 -9999 -9999 -9999 -9999 -9999 -9999 -9999 -9999 -9999 -9999 -9999 -9999 -9999 -9999 -9999 -9999 -9999 -9999 -9999 -9999 -9999 -9999 -9999 -9999 -9999 -9999 -9999 -9999 -9999 -9999
-9999 -9999 -9999 -9999 -9999 -9999 -9999 -9999 -9999 -9999 -9999 -9999 -9999 -9999 -9999 -9999 -9999 -9999 -9999 -9999 -9999 -9999 -9999 -9999 -9999 -9999 -9999 -9999 -9999 -9999 -9999 -9999 -9999 -9999 -9999 -9999 -9999 -9999 -9999 -9999 -9999 -9999 -9999 -9999 -9999 -9999 -9999 -9999 -9999 -9999 -9999 -9999 -9999 -9999 -9999 -9999 -9999 -9999 -9999 -9999 -9999 -9999 -9999 -9999 -9999 -9999 -9999 -9999 -9999 -9999 -9999 -9999 -9999 -9999 -9999 -9999 -9999 -9999 -9999 -9999 -9999 -9999
-9999 -9999 -9999 -9999 -9999 -9999 -9999 -9999 -9999 -9999 -9999 -9999 -9999 -9999 -9999 -9999 -9999 -9999 -9999 -9999 -9999 -9999 -9999 -9999 -9999 -9999 -9999 -9999 -9999 -9999 -9999 -9999 -9999 -9999 -9999 -9999 -9999 -9999 -9999 -9999 -9999 -9999 -9999 -9999 -9999 -9999 -9999 -9999 -9999 -9999 -9999 -9999 -9999 -9999 -9999 -9999 -9999 -9999 -9999 -9999 -9999 -9999 -9999 -9999 -9999 -9999 -9999 -9999 -9999 -9999 -9999 -9999 -9999 -9999 -9999 -9999 -9999 -9999 -9999 -9999 -9999 -9999
-9999 -9999 -9999 -9999 -9999 -9999 -9999 -9999 -9999 -9999 -9999 -9999 -9999 -9999 -9999 -9999 -9999 -9999 -9999 -9999 -9999 -9999 -9999 -9999 -9999 -9999 -9999 -9999 -9999 -9999 -9999 -9999 -9999 -9999 -9999 -9999 -9999 -9999 -9999 -9999 -9999 -9999 -9999 -9999 -9999 -9999 -9999 -9999 -9999 -9999 -9999 -9999 -9999 -9999 -9999 -9999 -9999 -9999 -9999 -9999 -9999 -9999 -9999 -9999 -9999 -9999 -9999 -9999 -9999 -9999 -9999 -9999 -9999 -9999 -9999 -9999 -9999 -9999 -9999 -9999 -9999 -9999
-9999 -9999 -9999 -9999 -9999 -9999 -9999 -9999 -9999 -9999 -9999 -9999 -9999 -9999 -9999 -9999 -9999 -9999 -9999 -9999 -9999 -9999 -9999 -9999 -9999 -9999 -9999 -9999 -9999 -9999 -9999 -9999 -9999 -9999 -9999 -9999 -9999 -9999 -9999 -9999 -9999 -9999 -9999 -9999 -9999 -9999 -9999 -9999 -9999 -9999 -9999 -9999 -9999 -9999 -9999 -9999 -9999 -9999 -9999 -9999 -9999 -9999 -9999 -9999 -9999 -9999 -9999 -9999 -9999 -9999 -9999 -9999 -9999 -9999 -9999 -9999 -9999 -9999 -9999 -9999 -9999 -9999
-9999 -9999 -9999 -9999 -9999 -9999 -9999 -9999 -9999 -9999 -9999 -9999 -9999 -9999 -9999 -9999 -9999 -9999 -9999 -9999 -9999 -9999 -9999 -9999 -9999 -9999 -9999 -9999 -9999 -9999 -9999 -9999 -9999 -9999 -9999 -9999 -9999 -9999 -9999 -9999 -9999 -9999 -9999 -9999 -9999 -9999 -9999 -9999 -9999 -9999 -9999 -9999 -9999 -9999 -9999 -9999 -9999 -9999 -9999 -9999 -9999 -9999 -9999 -9999 -9999 -9999 -9999 -9999 -9999 -9999 -9999 -9999 -9999 -9999 -9999 -9999 -9999 -9999 -9999 -9999 -9999 -9999
-9999 -9999 -9999 -9999 -9999 -9999 -9999 -9999 -9999 -9999 -9999 -9999 -9999 -9999 -9999 -9999 -9999 -9999 -9999 -9999 -9999 -9999 -9999 -9999 -9999 -9999 -9999 -9999 -9999 -9999 -9999 -9999 -9999 -9999 -9999 -9999 -9999 -9999 -9999 -9999 -9999 -9999 -9999 -9999 -9999 -9999 -9999 -9999 -9999 -9999 -9999 -9999 -9999 -9999 -9999 -9999 -9999 -9999 -9999 -9999 -9999 -9999 -9999 -9999 -9999 -9999 -9999 -9999 -9999 -9999 -9999 -9999 -9999 -9999 -9999 -9999 -9999 -9999 -9999 -9999 -9999 -9999
-9999 -9999 -9999 -9999 -9999 -9999 -9999 -9999 -9999 -9999 -9999 -9999 -9999 -9999 -9999 -9999 -9999 -9999 -9999 -9999 -9999 -9999 -9999 -9999 -9999 -9999 -9999 -9999 -9999 -9999 -9999 -9999 -9999 -9999 -9999 -9999 -9999 -9999 -9999 -9999 -9999 -9999 -9999 -9999 -9999 -9999 -9999 -9999 -9999 -9999 -9999 -9999 -9999 -9999 -9999 -9999 -9999 -9999 -9999 -9999 -9999 -9999 -9999 -9999 -9999 -9999 -9999 -9999 -9999 -9999 -9999 -9999 -9999 -9999 -9999 -9999 -9999 -9999 -9999 -9999 -9999 -9999
-9999 -9999 -9999 -9999 -9999 -9999 -9999 -9999 -9999 -9999 -9999 -9999 -9999 -9999 -9999 -9999 -9999 -9999 -9999 -9999 -9999 -9999 -9999 -9999 -9999 -9999 -9999 -9999 -9999 -9999 -9999 -9999 -9999 -9999 -9999 -9999 -9999 -9999 -9999 -9999 -9999 -9999 -9999 -9999 -9999 -9999 -9999 -9999 -9999 -9999 -9999 -9999 -9999 -9999 -9999 -9999 -9999 -9999 -9999 -9999 -9999 -9999 -9999 -9999 -9999 -9999 -9999 -9999 -9999 -9999 -9999 -9999 -9999 -9999 -9999 -9999 -9999 -9999 -9999 -9999 -9999 -9999
2932 2932 2932 2932 2932 2932 2932 -9999 -9999 -9999 -9999 -9999 -9999 -9999 -9999 -9999 -9999 -9999 -9999 -9999 -9999 -9999 -9999 -9999 -9999 -9999 -9999 -9999 -9999 -9999 -9999 -9999 -9999 -9999 -9999 -9999 -9999 -9999 -9999 -9999 -9999 -9999 -9999 -9999 -9999 -9999 -9999 -9999 -9999 -9999 -9999 -9999 -9999 2903 -9999 -9999 2902 2902 -9999 -9999 -9999 -9999 -9999 -9999 -9999 -9999 -9999 -9999 -9999 -9999 -9999 -9999 -9999 -9999 -9999 -9999 -9999 -9999 -9999 -9999 -9999 -9999
2932 2931 2932 2932 2931 2931 2931 2931 2931 2929 2928 -9999 -9999 -9999 -9999 2919 2919 2922 2923 2923 2920 -9999 -9999 -9999 -9999 -9999 -9999 -9999 -9999 -9999 -9999 -9999 -9999 -9999 -9999 -9999 -9999 -9999 -9999 -9999 -9999 -9999 -9999 -9999 -9999 -9999 -9999 2902 2902 2902 2902 2901 2901 2902 2901 2902 2901 2902 2901 2901 -9999 2900 2900 2899 2898 2897 2897 2897 -9999 -9999 -9999 -9999 -9999 -9999 -9999 -9999 -9999 -9999 -9999 -9999 -9999 -9999
2931 2930 2930 2931 2930 2929 2929 2930 2930 2928 2927 2925 2924 2922 2924 2923 2926 2927 2926 2923 2920 2918 2918 2918 2918 2918 2916 2914 -9999 -9999 -9999 -9999 -9999 -9999 -9999 -9999 -9999 -9999 -9999 -9999 -9999 -9999 -9999 -9999 -9999 -9999 2900 2901 2901 2900 2900 2900 2900 2899 2900 2899 2900 2900 2900 2900 2899 2899 2899 2899 2898 2897 2898 2898 2898 2897 2898 2899 2898 2897 -9999 -9999 -9999 -9999 -9999 -9999 -9999 -9999
2928 2927 2927 2927 2928 2927 2926 2926 2928 2926 2925 2926 2925 2925 2925 2925 2927 2927 2927 2925 2924 2924 2925 2925 2924 2923 2919 2916 2913 2911 2909 -9999 -9999 -9999 -9999 -9999 -9999 -9999 -9999 -9999 -9999 -9999 -9999 -9999 -9999 2900 2900 2899 2898 2898 2899 2899 2898 2899 2899 2899 2898 2899 2899 2899 2900 2900 2899 2899 2899 2899 2898 2898 2898 2899 2900 2900 2900 2898 2897 -9999 -9999 -9999 -9999 -9999 -9999 -9999
2926 2925 2925 2927 2927 2927 2926 2925 2923 2920 2920 2921 2924 2924 2922 2920 2921 2923 2923 2922 2919 2920 2922 2923 2923 2921 2920 2919 2918 2914 2911 2910 2911 2912 2910 2908 -9999 -9999 -9999 -9999 -9999 -9999 -9999 -9999 2901 2900 2899 2897 2895 2895 2896 2897 2898 2897 2899 2899 2898 2898 2900 2901 2901 2900 2899 2898 2898 2898 2898 2898 2898 2898 2899 2898 2896 2895 2897 2896 2896 2896 2897 2897 2897 2897
2926 2925 2927 2928 2928 2928 2927 2925 2923 2920 2918 2919 2919 2921 2919 2916 2918 2919 2919 2915 2912 2910 2912 2915 2914 2911 2910 2912 2915 2915 2914 2915 2916 2915 2912 2909 2907 2906 2906 2904 2904 2903 2903 2903 2902 2902 2900 2898 2897 2897 2899 2900 2900 2900 2900 2899 2898 2899 2900 2901 2902 2901 2900 2899 2899 2898 2897 2896 2897 2897 2896 2893 2890 2891 2894 2897 2897 2897 2897 2897 2897 2897
2927 2927 2927 2928 2928 2927 2926 2926 2925 2923 2922 2921 2921 2921 2920 2918 2920 2919 2918 2918 2914 2913 2913 2914 2913 2907 2905 2905 2908 2910 2911 2911 2908 2909 2908 2908 2907 2907 2907 2906 2905 2905 2905 2905 2905 2903 2901 2899 2900 2901 2902 2903 2902 2901 2902 2901 2900 2900 2901 2902 2901 2901 2900 2900 2900 2900 2898 2898 2897 2897 2897 2893 2889 2889 2894 2895 2896 2897 2897 2897 2897 2897
2928 2927 2928 2927 2927 2926 2926 2926 2926 2925 2924 2923 2923 2923 2922 2920 2920 2919 2918 2918 2917 2916 2915 2915 2915 2913 2910 2908 2910 2911 2909 2903 2900 2899 2900 2901 2902 2902 2904 2905 2905 2906 2906 2906 2905 2905 2903 2902 2903 2903 2905 2901 2901 2903 2902 2902 2902 2902 2902 2901 2901 2901 2901 2900 2900 2900 2900 2898 2898 2897 2896 2892 2887 2889 2892 2894 2895 2895 2896 2895 2894 2895
2928 2928 2927 2928 2927 2926 2926 2926 2925 2924 2924 2924 2924 2924 2922 2921 2920 2919 2919 2918 2918 2917 2916 2915 2915 2914 2913 2911 2912 2911 2907 2903 2896 2894 2892 2890 2889 2891 2895 2899 2903 2905 2906 2905 2905 2905 2905 2904 2904 2904 2902 2899 2898 2901 2903 2903 2902 2902 2901 2902 2902 2901 2901 2901 2900 2900 2899 2898 2897 2896 2894 2891 2888 2889 2893 2894 2894 2894 2894 2891 2890 2890
2925 2924 2924 2925 2925 2922 2922 2922 2923 2922 2922 2923 2923 2922 2921 2920 2920 2919 2918 2918 2918 2917 2916 2915 2915 2914 2913 2912 2912 2911 2910 2905 2903 2901 2895 2893 2891 2892 2895 2901 2903 2906 2905 2906 2906 2906 2905 2904 2905 2905 2903 2900 2900 2903 2904 2903 2903 2902 2902 2902 2902 2901 2900 2900 2899 2899 2899 2897 2896 2894 2893 2892 2890 2892 2894 2895 2895 2895 2894 2893 2890 2889
2916 2911 2914 2918 2918 2916 2913 2914 2916 2916 2913 2915 2916 2916 2916 2914 2917 2918 2918 2918 2917 2916 2915 2915 2914 2914 2912 2912 2910 2907 2904 2899 2895 2893 2889 2888 2890 2893 2897 2900 2903 2903 2904 2904 2906 2904 2903 2902 2903 2903 2902 2901 2903 2903 2903 2904 2903 2902 2902 2903 2902 2901 2900 2899 2899 2898 2898 2897 2895 2895 2895 2895 2894 2895 2895 2896 2896 2895 2895 2894 2893 2891
2894 2894 2895 2906 2913 2911 2909 2908 2909 2905 2901 2901 2904 2907 2904 2906 2909 2909 2913 2917 2918 2916 2915 2915 2914 2913 2912 2908 2904 2900 2891 2881 2876 2877 2877 2881 2885 2891 2894 2897 2896 2896 2896 2898 2897 2899 2899 2899 2899 2900 2899 2900 2899 2899 2901 2903 2903 2902 2902 2902 2901 2901 2900 2899 2899 2899 2898 2897 2896 2896 2897 2896 2896 2895 2895 2895 2895 2895 2895 2895 2894 2893
2883 2883 2891 2901 2907 2905 2901 2900 2901 2898 2890 2892 2895 2894 2897 2897 2899 2896 2900 2908 2909 2912 2910 2915 2914 2912 2910 2905 2904 2899 2892 2881 2876 2878 2879 2883 2886 2888 2891 2890 2887 2884 2883 2884 2888 2890 2894 2895 2894 2895 2897 2895 2894 2894 2899 2902 2903 2902 2902 2900 2900 2900 2900 2899 2899 2899 2898 2897 2896 2897 2896 2896 2895 2893 2893 2890 2889 2890 2893 2893 2894 2893
2890 2893 2897 2903 2902 2897 2892 2890 2890 2887 2884 2883 2884 2886 2887 2892 2893 2887 2888 2894 2895 2895 2903 2909 2913 2912 2909 2906 2904 2899 2890 2883 2879 2875 2877 2877 2876 2878 2878 2882 2881 2881 2881 2883 2883 2888 2890 2889 2888 2890 2892 2892 2890 2892 2896 2898 2899 2899 2900 2900 2900 2899 2896 2900 2899 2898 2897 2895 2895 2895 2894 2893 2890 2888 2882 2877 2872 2874 2878 2881 2883 2884
2899 2901 2899 2900 2897 2891 2886 2881 2880 2878 2875 2878 2878 2878 2880 2881 2882 2879 2883 2887 2888 2895 2903 2911 2913 2912 2911 2908 2903 2895 2886 2882 2877 2872 2866 2863 2862 2861 2864 2867 2872 2873 2874 2875 2878 2879 2883 2882 2881 2883 2885 2885 2882 2884 2888 2888 2885 2886 2889 2892 2893 2889 2891 2897 2899 2894 2891 2887 2886 2886 2885 2881 2879 2873 2871 2864 2860 2861 2862 2862 2863 2872
2898 2896 2895 2892 2889 2882 2876 2872 2870 2868 2870 2869 2870 2870 2869 2866 2867 2869 2875 2881 2887 2898 2906 2912 2911 2911 2910 2908 2907 2900 2896 2895 2889 2879 2870 2866 2862 2863 2863 2865 2866 2867 2866 2867 2867 2870 2871 2870 2871 2871 2873 2869 2865 2864 2870 2870 2867 2866 2869 2873 2878 2883 2887 2895 2898 2892 2881 2876 2876 2875 2870 2868 2865 2863 2861 2861 2860 2861 2861 2858 2861 2864
2888 2889 2889 2889 2885 2880 2876 2873 2873 2873 2871 2871 2869 2869 2868 2866 2867 2871 2874 2879 2885 2894 2903 2906 2909 2909 2906 2905 2903 2901 2899 2897 2891 2885 2878 2873 2872 2871 2868 2864 2864 2861 2859 2857 2855 2855 2857 2858 2859 2862 2861 2859 2851 2851 2856 2859 2861 2860 2862 2868 2880 2885 2887 2893 2892 2887 2875 2871 2873 2872 2867 2861 2857 2854 2855 2858 2861 2863 2864 2865 2863 2864
2885 2886 2885 2885 2880 2877 2877 2878 2879 2878 2878 2875 2873 2873 2872 2870 2872 2875 2877 2877 2878 2882 2885 2888 2896 2897 2902 2898 2897 2896 2895 2892 2889 2884 2880 2877 2873 2869 2864 2861 2858 2856 2852 2849 2849 2850 2852 2852 2855 2855 2856 2854 2851 2850 2853 2857 2858 2860 2861 2870 2879 2881 2878 2877 2884 2881 2880 2876 2881 2884 2877 2866 2860 2855 2855 2858 2860 2862 2866 2868 2871 2869
2886 2883 2882 2878 2873 2873 2875 2879 2880 2879 2875 2873 2873 2872 2871 2872 2873 2875 2875 2871 2867 2867 2866 2870 2875 2882 2888 2896 2896 2895 2893 2892 2887 2885 2877 2871 2865 2860 2857 2854 2855 2854 2852 2850 2851 2851 2852 2851 2851 2852 2851 2851 2850 2852 2854 2855 2859 2859 2861 2867 2872 2873 2865 2867 2868 2874 2869 2871 2878 2886 2882 2873 2863 2858 2858 2857 2858 2861 2864 2868 2871 2873
2881 2877 2873 2870 2869 2870 2873 2877 2876 2874 2870 2868 2867 2867 2867 2867 2868 2870 2868 2863 2860 2863 2865 2865 2869 2867 2876 2884 2891 2891 2893 2892 2890 2884 2879 2864 2858 2854 2852 2852 2852 2852 2850 2850 2849 2849 2850 2848 2847 2846 2847 2846 2848 2849 2851 2854 2857 2859 2860 2862 2865 2863 2860 2854 2853 2851 2853 2855 2870 2886 2888 2880 2874 2868 2864 2861 2861 2861 2862 2863 2865 2867
2874 2869 2864 2866 2865 2870 2872 2870 2870 2867 2862 2859 2859 2859 2860 2861 2863 2863 2860 2860 2858 2862 2864 2863 2861 2856 2860 2865 2871 2875 2878 2887 2890 2889 2875 2858 2848 2848 2847 2847 2846 2845 2845 2844 2843 2844 2844 2844 2842 2840 2840 2841 2841 2842 2845 2849 2851 2853 2856 2852 2854 2857 2850 2849 2850 2851 2850 2856 2873 2887 2888 2883 2880 2877 2874 2872 2869 2868 2863 2861 2861 2859
2869 2866 2861 2859 2863 2865 2862 2861 2859 2856 2854 2852 2852 2854 2857 2860 2860 2858 2857 2853 2853 2854 2854 2853 2853 2852 2849 2851 2852 2850 2858 2875 2886 2886 2866 2847 2840 2840 2840 2840 2839 2838 2839 2841 2839 2838 2839 2837 2836 2832 2832 2832 2833 2833 2836 2840 2840 2840 2843 2853 2849 2852 2853 2850 2854 2853 2853 2857 2872 2885 2883 2880 2877 2878 2876 2873 2870 2868 2865 2861 2858 2857
2872 2868 2864 2862 2861 2860 2859 2853 2854 2853 2852 2852 2852 2851 2852 2854 2852 2849 2845 2845 2842 2842 2844 2845 2849 2847 2847 2844 2843 2840 2845 2867 2884 2878 2855 2836 2835 2837 2835 2832 2829 2829 2833 2833 2832 2832 2831 2827 2824 2821 2823 2826 2828 2829 2832 2834 2835 2834 2852 2851 2852 2848 2847 2849 2849 2850 2847 2853 2863 2877 2884 2871 2873 2873 2868 2865 2859 2859 2860 2857 2856 2852
2874 2875 2870 2869 2867 2867 2860 2859 2857 2857 2857 2855 2852 2850 2850 2851 2849 2846 2846 2843 2841 2841 2842 2844 2846 2845 2839 2841 2836 2833 2840 2863 2880 2874 2847 2830 2829 2828 2827 2826 2823 2823 2825 2828 2828 2829 2829 2823 2818 2817 2822 2828 2832 2833 2834 2836 2834 2849 2855 2857 2846 2841 2844 2845 2845 2841 2842 2842 2848 2869 2869 2863 2858 2858 2852 2846 2839 2843 2848 2847 2846 2847
2878 2874 2872 2870 2870 2867 2865 2861 2861 2859 2859 2855 2852 2849 2851 2850 2847 2847 2846 2844 2841 2840 2840 2841 2842 2838 2837 2833 2832 2829 2837 2859 2880 2875 2844 2826 2816 2819 2819 2820 2823 2821 2821 2822 2823 2824 2825 2821 2818 2817 2823 2828 2830 2830 2829 2827 2837 2849 2854 2846 2835 2837 2838 2840 2837 2835 2833 2835 2843 2863 2865 2846 2843 2838 2838 2830 2831 2835 2844 2843 2839 2837
