Data/tmax/PRISM_tmax_pr_1963-1995_normal_450mM1_02_asc.asc
ncols 557
nrows 164
xllcorner -67.31875000000
yllcorner 17.86875000000
cellsize 0.00416666667
NODATA_value -9999
[rows 108 to 143 of 164, columns 246 to 327 of 557]
2717 2698 2675 2679 2672 2625 2574 2533 2511 2553 2578 2549 2505 2457 2439 2449 2477 2505 2510 2498 2501 2524 2543 2537 2520 2527 2563 2564 2555 2535 2526 2528 2510 2458 2440 2458 2490 2541 2564 2578 2579 2579 2610 2622 2634 2622 2578 2539 2534 2527 2531 2525 2531 2525 2512 2498 2500 2507 2506 2504 2494 2501 2509 2516 2514 2517 2523 2544 2594 2655 2717 2746 2751 2755 2753 2748 2745 2745 2742 2737 2731 2722
2735 2707 2668 2676 2695 2676 2626 2560 2528 2553 2561 2525 2479 2444 2435 2467 2478 2500 2529 2512 2500 2507 2503 2487 2470 2478 2511 2534 2525 2502 2491 2490 2490 2457 2445 2480 2530 2555 2573 2577 2587 2598 2592 2589 2620 2616 2565 2526 2522 2543 2542 2544 2525 2521 2502 2493 2517 2539 2550 2543 2531 2528 2533 2528 2529 2520 2508 2527 2582 2648 2700 2725 2728 2734 2736 2730 2730 2734 2736 2735 2728 2722
2756 2721 2676 2677 2708 2708 2676 2622 2581 2579 2567 2541 2513 2502 2513 2511 2500 2507 2538 2527 2492 2505 2498 2473 2455 2446 2465 2477 2487 2477 2458 2462 2458 2457 2467 2505 2539 2545 2553 2572 2592 2601 2578 2570 2603 2609 2580 2555 2556 2562 2559 2536 2525 2521 2518 2523 2559 2585 2606 2586 2557 2548 2540 2531 2523 2511 2516 2540 2595 2649 2689 2707 2721 2729 2726 2727 2728 2732 2733 2732 2731 2725
2772 2756 2721 2714 2731 2718 2705 2667 2622 2588 2585 2582 2583 2591 2592 2583 2545 2562 2596 2574 2550 2535 2513 2472 2429 2423 2425 2440 2453 2461 2455 2438 2452 2461 2485 2506 2528 2539 2557 2570 2585 2591 2582 2575 2597 2601 2593 2583 2578 2567 2546 2523 2515 2524 2540 2571 2618 2657 2653 2614 2567 2548 2536 2519 2506 2500 2512 2560 2609 2652 2679 2703 2716 2729 2732 2731 2735 2735 2733 2736 2736 2736
2797 2778 2762 2747 2732 2707 2679 2639 2593 2579 2602 2647 2662 2668 2666 2631 2629 2647 2669 2645 2599 2571 2507 2441 2415 2420 2433 2456 2493 2504 2501 2477 2470 2466 2467 2473 2494 2529 2557 2559 2555 2574 2588 2594 2604 2604 2600 2593 2578 2557 2537 2524 2513 2526 2553 2616 2692 2715 2689 2630 2583 2567 2551 2537 2521 2504 2509 2537 2590 2631 2669 2688 2717 2727 2731 2736 2736 2737 2739 2737 2743 2746
2792 2769 2749 2736 2717 2686 2663 2611 2570 2589 2649 2708 2724 2738 2723 2707 2703 2698 2681 2631 2581 2527 2471 2427 2421 2442 2469 2494 2539 2574 2576 2551 2527 2499 2473 2445 2465 2500 2528 2535 2547 2578 2591 2602 2605 2606 2609 2596 2585 2565 2545 2535 2529 2535 2575 2662 2739 2743 2696 2645 2619 2602 2587 2575 2565 2540 2517 2528 2558 2614 2648 2690 2709 2720 2728 2730 2735 2739 2734 2735 2739 2751
2772 2750 2717 2687 2670 2668 2656 2633 2623 2648 2712 2760 2778 2793 2782 2755 2735 2697 2635 2569 2514 2479 2453 2437 2448 2491 2506 2534 2582 2617 2632 2610 2600 2566 2523 2477 2447 2464 2483 2515 2553 2579 2581 2578 2585 2599 2604 2599 2589 2574 2556 2550 2559 2569 2619 2699 2774 2773 2725 2699 2686 2663 2631 2633 2615 2589 2558 2540 2570 2611 2660 2690 2712 2720 2723 2727 2733 2729 2731 2728 2736 2747
2771 2753 2702 2659 2649 2652 2666 2668 2682 2718 2761 2803 2823 2820 2792 2757 2718 2659 2586 2537 2494 2492 2487 2474 2500 2537 2580 2602 2638 2671 2664 2654 2646 2627 2585 2521 2470 2444 2465 2512 2552 2570 2565 2551 2570 2593 2603 2600 2598 2581 2570 2576 2605 2634 2674 2744 2795 2812 2789 2776 2755 2714 2696 2691 2673 2646 2612 2586 2588 2629 2669 2695 2704 2713 2720 2728 2724 2726 2727 2734 2742 2756
2753 2741 2703 2686 2695 2713 2704 2703 2712 2744 2788 2831 2845 2836 2794 2756 2710 2639 2585 2548 2547 2563 2560 2549 2569 2623 2666 2688 2699 2696 2693 2677 2674 2650 2625 2572 2510 2461 2463 2500 2533 2541 2538 2549 2567 2593 2603 2598 2589 2583 2578 2598 2637 2676 2727 2770 2812 2834 2844 2823 2787 2759 2746 2752 2735 2702 2663 2619 2601 2615 2645 2665 2670 2687 2707 2718 2724 2726 2733 2741 2755 2768
2704 2700 2703 2718 2762 2780 2759 2737 2739 2763 2808 2848 2862 2837 2793 2747 2698 2666 2628 2629 2637 2655 2642 2628 2655 2692 2733 2721 2702 2693 2675 2686 2682 2665 2642 2613 2550 2483 2457 2482 2490 2501 2510 2528 2562 2584 2588 2589 2586 2590 2604 2623 2644 2676 2718 2769 2803 2840 2859 2839 2808 2793 2806 2800 2765 2726 2683 2645 2621 2613 2626 2633 2636 2658 2682 2707 2718 2725 2731 2742 2764 2791
2670 2690 2716 2767 2810 2829 2814 2790 2784 2801 2828 2863 2873 2835 2774 2713 2688 2670 2696 2716 2725 2730 2711 2711 2729 2739 2738 2704 2654 2614 2615 2639 2652 2654 2660 2622 2567 2497 2451 2454 2465 2470 2497 2529 2567 2580 2582 2584 2598 2618 2665 2690 2699 2699 2728 2772 2812 2846 2867 2858 2827 2841 2836 2812 2763 2710 2678 2677 2665 2650 2644 2644 2648 2657 2682 2708 2715 2717 2714 2732 2766 2795
2692 2727 2765 2793 2839 2863 2854 2844 2832 2825 2848 2873 2878 2848 2782 2727 2686 2697 2714 2755 2781 2791 2775 2778 2777 2758 2732 2679 2614 2580 2552 2565 2578 2619 2639 2631 2580 2506 2464 2441 2461 2492 2529 2584 2618 2620 2602 2590 2594 2635 2691 2743 2758 2765 2780 2807 2834 2854 2874 2866 2870 2862 2849 2799 2746 2694 2690 2711 2713 2685 2680 2683 2668 2665 2681 2708 2724 2723 2724 2739 2756 2765
2746 2776 2795 2810 2839 2872 2882 2872 2851 2844 2862 2894 2898 2864 2827 2785 2754 2719 2735 2773 2815 2833 2824 2816 2808 2783 2752 2701 2655 2608 2581 2554 2533 2562 2614 2615 2590 2541 2488 2487 2517 2563 2609 2652 2688 2681 2644 2612 2600 2612 2673 2714 2745 2779 2797 2801 2800 2812 2834 2862 2877 2891 2852 2801 2742 2697 2703 2744 2747 2730 2727 2716 2695 2660 2658 2701 2731 2755 2768 2772 2755 2735
2791 2817 2842 2848 2872 2894 2894 2876 2847 2837 2868 2901 2901 2882 2863 2839 2813 2782 2782 2819 2847 2854 2835 2819 2796 2793 2781 2755 2714 2687 2655 2599 2539 2540 2558 2575 2579 2565 2541 2547 2592 2646 2682 2717 2744 2730 2694 2655 2630 2622 2631 2651 2682 2729 2748 2728 2712 2723 2763 2808 2861 2884 2872 2818 2763 2717 2738 2782 2800 2789 2779 2755 2700 2649 2631 2661 2721 2766 2797 2806 2770 2736
2824 2844 2868 2889 2905 2912 2905 2887 2863 2860 2887 2913 2915 2903 2893 2875 2857 2841 2847 2863 2861 2848 2816 2782 2763 2756 2763 2767 2762 2733 2708 2653 2595 2565 2553 2550 2556 2560 2573 2590 2631 2678 2726 2772 2792 2775 2739 2707 2674 2633 2609 2602 2630 2666 2692 2669 2633 2648 2678 2741 2810 2870 2875 2844 2790 2760 2777 2825 2852 2838 2816 2769 2713 2654 2620 2650 2703 2763 2810 2820 2808 2779
2866 2864 2879 2900 2916 2924 2920 2910 2903 2904 2914 2927 2923 2918 2909 2897 2892 2886 2886 2879 2859 2832 2814 2785 2755 2739 2730 2756 2759 2752 2730 2700 2655 2633 2607 2573 2563 2570 2614 2639 2657 2676 2732 2792 2831 2808 2772 2737 2695 2637 2588 2591 2618 2651 2688 2688 2664 2642 2662 2704 2781 2851 2887 2876 2837 2806 2826 2868 2879 2855 2810 2758 2703 2661 2638 2655 2700 2753 2795 2818 2828 2829
2897 2889 2887 2895 2911 2926 2931 2929 2928 2931 2932 2929 2920 2911 2901 2893 2902 2902 2892 2875 2852 2842 2826 2814 2794 2763 2739 2740 2752 2749 2748 2719 2701 2684 2666 2638 2600 2609 2663 2720 2714 2711 2749 2813 2828 2802 2749 2715 2683 2625 2599 2615 2657 2675 2720 2756 2739 2721 2711 2730 2779 2845 2898 2907 2887 2858 2871 2893 2890 2844 2792 2737 2705 2682 2673 2683 2696 2737 2771 2795 2828 2847
2917 2912 2899 2896 2910 2924 2933 2937 2939 2939 2935 2926 2916 2899 2881 2867 2885 2896 2896 2887 2867 2855 2841 2820 2794 2779 2747 2731 2723 2728 2731 2725 2714 2718 2718 2702 2662 2652 2705 2765 2785 2769 2797 2826 2820 2753 2685 2643 2628 2613 2610 2662 2709 2726 2757 2800 2809 2791 2772 2756 2781 2837 2895 2933 2923 2910 2913 2915 2884 2834 2783 2755 2730 2735 2734 2725 2716 2727 2762 2786 2813 2834
2929 2927 2913 2910 2915 2926 2933 2939 2942 2940 2932 2923 2912 2904 2879 2868 2870 2885 2884 2876 2869 2847 2817 2790 2774 2762 2756 2724 2715 2722 2740 2746 2748 2762 2765 2753 2728 2705 2734 2786 2822 2830 2842 2848 2807 2733 2639 2595 2592 2620 2658 2709 2753 2764 2791 2825 2850 2846 2813 2783 2787 2831 2896 2935 2949 2941 2940 2914 2879 2834 2806 2787 2782 2790 2793 2776 2741 2753 2777 2805 2811 2819
2933 2930 2928 2924 2930 2933 2939 2942 2943 2941 2934 2921 2915 2905 2893 2875 2876 2864 2868 2869 2857 2835 2811 2793 2779 2784 2768 2756 2738 2754 2773 2791 2796 2801 2805 2801 2776 2749 2741 2781 2829 2862 2876 2863 2817 2749 2672 2617 2614 2635 2685 2722 2756 2789 2817 2861 2890 2886 2859 2825 2819 2855 2904 2945 2956 2952 2935 2922 2890 2861 2846 2834 2826 2837 2835 2803 2766 2772 2807 2817 2805 2791
2936 2936 2937 2941 2943 2944 2945 2945 2945 2942 2936 2928 2918 2915 2909 2899 2888 2884 2880 2880 2874 2855 2834 2829 2823 2809 2799 2771 2783 2791 2824 2840 2838 2841 2835 2827 2805 2773 2746 2767 2827 2873 2895 2867 2823 2774 2718 2671 2633 2633 2658 2703 2750 2807 2854 2890 2915 2918 2897 2877 2880 2893 2936 2969 2970 2959 2952 2938 2926 2905 2879 2876 2861 2877 2870 2828 2791 2809 2823 2815 2773 2761
2945 2945 2948 2948 2949 2949 2949 2948 2946 2943 2939 2931 2926 2926 2920 2916 2911 2902 2898 2885 2872 2861 2852 2855 2842 2832 2809 2809 2811 2845 2870 2879 2864 2848 2833 2827 2813 2795 2779 2793 2839 2893 2915 2901 2857 2814 2779 2734 2681 2659 2675 2715 2770 2828 2866 2901 2927 2917 2911 2909 2912 2927 2954 2975 2982 2975 2968 2968 2955 2924 2912 2903 2899 2905 2887 2848 2831 2841 2841 2793 2740 2724
2956 2954 2953 2952 2952 2952 2951 2949 2947 2944 2941 2937 2932 2932 2931 2924 2922 2916 2902 2883 2871 2863 2866 2865 2866 2847 2837 2838 2863 2887 2904 2879 2848 2818 2814 2807 2820 2828 2818 2833 2854 2899 2932 2930 2907 2876 2843 2796 2745 2730 2730 2754 2801 2835 2869 2908 2920 2911 2901 2916 2929 2939 2962 2979 2982 2984 2981 2977 2962 2943 2932 2935 2929 2914 2881 2849 2860 2877 2846 2789 2733 2710
2961 2959 2957 2956 2955 2954 2952 2950 2948 2945 2944 2941 2937 2937 2933 2929 2926 2923 2915 2904 2898 2893 2892 2896 2896 2882 2864 2869 2890 2913 2908 2873 2835 2826 2826 2838 2852 2876 2883 2884 2899 2917 2946 2953 2939 2928 2905 2855 2812 2809 2802 2817 2842 2881 2906 2934 2946 2924 2920 2932 2934 2930 2946 2965 2976 2980 2986 2981 2970 2960 2957 2960 2944 2917 2866 2840 2864 2890 2861 2805 2771 2752
2965 2963 2961 2959 2957 2955 2953 2950 2949 2948 2945 2943 2940 2938 2934 2929 2930 2929 2929 2923 2919 2919 2907 2903 2908 2911 2899 2905 2922 2936 2930 2899 2877 2869 2871 2866 2894 2913 2931 2940 2942 2953 2960 2952 2950 2954 2951 2916 2883 2880 2870 2865 2890 2907 2939 2965 2967 2952 2952 2951 2930 2914 2926 2942 2963 2977 2982 2984 2980 2975 2968 2960 2942 2916 2874 2847 2878 2910 2894 2864 2832 2812
2964 2965 2962 2960 2957 2955 2953 2951 2949 2949 2948 2946 2943 2943 2939 2937 2935 2937 2934 2928 2926 2924 2915 2901 2913 2926 2930 2936 2943 2955 2956 2943 2928 2903 2896 2890 2907 2940 2945 2968 2975 2977 2972 2949 2933 2954 2970 2954 2939 2939 2921 2917 2914 2930 2952 2972 2977 2973 2970 2966 2950 2935 2937 2950 2960 2973 2983 2984 2983 2977 2966 2941 2917 2893 2866 2859 2889 2921 2927 2904 2872 2825
2968 2966 2962 2960 2958 2956 2954 2952 2951 2950 2948 2947 2947 2946 2945 2945 2944 2940 2940 2936 2931 2934 2932 2922 2927 2942 2948 2944 2953 2961 2967 2965 2946 2933 2920 2920 2943 2948 2956 2970 2986 2989 2980 2955 2938 2954 2965 2959 2966 2975 2968 2962 2962 2963 2976 2985 2983 2981 2981 2977 2971 2965 2966 2960 2966 2973 2978 2980 2983 2979 2963 2930 2899 2881 2874 2880 2914 2939 2937 2907 2855 2791
2968 2965 2963 2961 2959 2957 2955 2954 2952 2951 2949 2949 2948 2949 2949 2949 2948 2945 2944 2942 2939 2941 2942 2942 2945 2949 2950 2955 2958 2968 2976 2976 2974 2965 2970 2964 2974 2972 2969 2979 2994 2994 2991 2978 2971 2973 2966 2955 2970 2993 2995 2995 2993 2991 2993 2992 2987 2987 2986 2983 2981 2977 2977 2973 2969 2970 2972 2974 2975 2973 2952 2929 2909 2906 2899 2915 2936 2947 2935 2898 2834 2785
2967 2966 2963 2962 2960 2958 2956 2955 2954 2952 2951 2950 2950 2949 2950 2951 2950 2948 2947 2946 2946 2946 2948 2950 2951 2954 2957 2959 2968 2974 2977 2983 2986 2994 2995 2993 2992 2990 2984 2996 3001 3001 2997 2998 2995 3000 2992 2981 2993 3008 3008 3007 3005 3002 2999 2997 2994 2992 2988 2984 2982 2980 2980 2977 2973 2970 2967 2967 2968 2963 2957 2942 2939 2941 2934 2933 2946 2950 2938 2904 2866 2829
2968 2966 2964 2962 2960 2959 2957 2956 2954 2953 2952 2951 2950 2950 2950 2952 2952 2951 2950 2950 2951 2951 2951 2953 2955 2957 2960 2965 2970 2975 2980 2984 2990 3000 3004 2998 2999 2994 2996 3003 3008 3007 3006 3007 3008 3011 3011 3009 3015 3014 3013 3012 3011 3008 3005 3002 2999 2994 2989 2983 2982 2981 2979 2978 2973 2969 2968 2969 2969 2967 2963 2961 2959 2956 2951 2948 2951 2949 2942 2927 2906 2893
2969 2967 2965 2963 2961 2959 2958 2956 2955 2954 2953 2952 2952 2951 2952 2953 2954 2954 2953 2953 2953 2954 2954 2956 2957 2959 2963 2967 2972 2977 2982 2984 2989 2999 3001 3002 3002 3002 3008 3011 3012 3010 3010 3012 3012 3013 3015 3016 3017 3016 3015 3015 3014 3011 3008 3005 3001 2997 2988 2985 2983 2981 2979 2979 2975 2971 2969 2971 2971 2969 2967 2962 2959 2958 2956 2954 2955 2952 2949 2943 2936 2931
2970 2968 2967 2965 2963 2960 2959 2957 2957 2956 2955 2954 2953 2951 2950 2954 2955 2956 2955 2956 2956 2956 2957 2958 2960 2962 2965 2970 2975 2980 2985 2988 2992 3000 3005 3002 3008 3013 3013 3015 3014 3013 3012 3013 3013 3015 3014 3016 3016 3015 3014 3014 3013 3011 3008 3005 3002 2995 2990 2986 2984 2986 2987 2986 2984 2976 2972 2972 2970 2968 2962 2956 2947 2946 2945 2951 2952 2953 2950 2943 2939 2935
2969 2968 2967 2966 2964 2962 2960 2959 2958 2957 2956 2955 2952 2947 2946 2950 2956 2957 2957 2958 2958 2959 2960 2961 2962 2964 2967 2972 2978 2983 2987 2993 2996 3003 3004 3007 3011 3014 3015 3014 3013 3013 3013 3013 3013 3013 3013 3013 3014 3013 3013 3012 3012 3010 3008 3006 3000 2995 2989 2989 2995 2998 2999 2999 2993 -9999 -9999 -9999 -9999 -9999 -9999 -9999 2940 2938 2948 2951 2954 2950 2942 2935 2929 2926
2967 2966 2966 2965 2964 2962 2961 2960 2959 2959 2959 2958 2955 2947 2943 2949 2954 2958 2959 2959 2960 2961 2962 2964 2965 2967 2970 2975 2980 2985 2989 2994 2999 3002 3006 3008 3011 3013 3013 3012 3012 3013 3012 3013 3012 3012 3013 3012 3014 3015 3014 3014 3013 3006 3010 3007 2999 2993 2994 3001 3005 3010 3008 3002 -9999 -9999 -9999 -9999 -9999 -9999 -9999 -9999 -9999 2949 2959 2965 2960 -9999 -9999 -9999 2931 2936
2966 2965 2965 2964 2963 2962 2961 2961 2961 2960 2960 2960 2957 2951 2945 2949 2956 2958 2960 2960 2961 2962 2964 2966 2968 2970 2973 2977 2982 2987 2991 2996 3000 3003 3007 3009 3011 3013 3013 3013 3013 3012 3012 3013 3014 3016 3019 3022 3024 3024 3023 3022 3013 3010 3003 3002 3003 3001 3008 3012 3016 3014 3010 -9999 -9999 -9999 -9999 -9999 -9999 -9999 -9999 -9999 -9999 -9999 2974 2973 -9999 -9999 -9999 -9999 -9999 -9999
2966 2965 2965 2964 2963 2962 2962 2963 2963 2962 2962 2961 2960 2955 2952 2954 2958 2961 2961 2961 2962 2964 2966 2968 2970 2973 2976 2980 2984 2988 2993 2996 3000 3003 3006 3009 3011 3012 3013 3014 3014 3015 3015 3015 3019 3024 3028 3032 3033 3032 -9999 -9999 -9999 -9999 2995 2999 3008 3019 3026 3025 3020 3016 -9999 -9999 -9999 -9999 -9999 -9999 -9999 -9999 -9999 -9999 -9999 -9999 -9999 -9999 -9999 -9999 -9999 -9999 -9999 -9999
