Data/tmax/PRISM_tmax_pr_1963-1995_normal_450mM1_11_asc.asc
ncols 557
nrows 164
xllcorner -67.31875000000
yllcorner 17.86875000000
cellsize 0.00416666667
NODATA_value -9999
[rows 36 to 71 of 164, columns 0 to 81 of 557]
-9999 -9999 -9999 -9999 -9999 -9999 -9999 -9999 -9999 -9999 -9999 -9999 -9999 -9999 -9999 -9999 -9999 -9999 -9999 -9999 -9999 -9999 -9999 -9999 -9999 -9999 3085 3082 3079 3076 3077 3077 3077 3070 3065 3065 3069 3074 3080 3090 3098 3104 3109 3109 3109 3104 3099 3092 3080 3079 3073 3067 3051 3044 3039 3035 3027 3018 3006 2996 2973 2977 2976 2973 2960 2945 2941 2939 2939 2937 2941 2947 2961 2967 2963 2950 2933 2931 2932 2937 2944 2949
-9999 -9999 -9999 -9999 -9999 -9999 -9999 -9999 -9999 -9999 -9999 -9999 -9999 -9999 -9999 -9999 -9999 -9999 -9999 -9999 -9999 -9999 -9999 -9999 3098 3094 3084 3083 3077 3079 3079 3081 3077 3072 3066 3071 3078 3085 3095 3106 3112 3115 3115 3115 3115 3116 3117 3113 3113 3110 3110 3103 3091 3083 3080 3075 3066 3051 3046 3025 3022 3015 3024 3019 3008 2993 2979 2978 2977 2977 2979 2989 2998 3009 3004 2981 2960 2947 2947 2950 2956 2962
-9999 -9999 -9999 -9999 -9999 -9999 -9999 -9999 -9999 -9999 -9999 -9999 -9999 -9999 -9999 -9999 -9999 -9999 -9999 -9999 -9999 3108 3104 3098 3096 3087 3080 3078 3078 3080 3080 3081 3076 3068 3070 3076 3086 3095 3103 3114 3117 3116 3115 3116 3116 3117 3117 3120 3119 3119 3120 3118 3114 3115 3115 3110 3100 3086 3070 3066 3058 3062 3062 3064 3048 3037 3028 3026 3028 3026 3026 3029 3041 3050 3048 3033 3008 2990 2981 2980 2978 2979
-9999 -9999 -9999 -9999 -9999 -9999 -9999 -9999 -9999 -9999 -9999 -9999 -9999 -9999 -9999 -9999 -9999 3103 3104 3106 3103 3101 3097 3093 3086 3083 3079 3077 3078 3080 3081 3077 3072 3070 3075 3086 3096 3102 3108 3114 3115 3115 3115 3116 3116 3115 3118 3116 3119 3120 3119 3122 3124 3124 3124 3122 3114 3104 3098 3096 3100 3103 3106 3103 3093 3074 3072 3073 3076 3073 3070 3075 3086 3094 3092 3080 3059 3041 3028 3015 3006 3005
-9999 -9999 -9999 -9999 -9999 -9999 -9999 -9999 -9999 -9999 -9999 -9999 -9999 3100 3100 3101 3102 3103 3102 3101 3099 3095 3090 3088 3087 3086 3083 3082 3083 3084 3082 3080 3072 3072 3081 3092 3101 3107 3110 3113 3113 3113 3114 3113 3114 3114 3115 3120 3122 3122 3124 3123 3121 3121 3120 3118 3117 3115 3119 3124 3133 3136 3140 3141 3124 3115 3110 3121 3118 3115 3112 3120 3129 3129 3123 3111 3096 3082 3072 3057 3047 3047
-9999 -9999 -9999 -9999 -9999 -9999 -9999 -9999 -9999 -9999 -9999 -9999 3099 3100 3100 3102 3101 3100 3098 3097 3092 3090 3089 3087 3086 3087 3086 3086 3086 3085 3087 3083 3080 3079 3084 3095 3103 3107 3111 3110 3111 3111 3110 3108 3106 3106 3112 3119 3125 3125 3117 3114 3113 3112 3115 3115 3118 3123 3130 3139 3149 3155 3160 3160 3153 3143 3150 3147 3140 3133 3133 3136 3137 3135 3126 3117 3111 3105 3095 3085 3078 3075
-9999 -9999 -9999 -9999 -9999 -9999 -9999 -9999 -9999 -9999 -9999 3100 3100 3098 3099 3097 3096 3094 3093 3091 3088 3085 3084 3083 3082 3086 3088 3088 3086 3087 3086 3087 3083 3083 3087 3094 3102 3106 3109 3109 3110 3109 3106 3104 3098 3095 3102 3116 3125 3119 3109 3098 3096 3102 3108 3116 3127 3130 3137 3146 3157 3164 3170 3170 3169 3166 3169 3166 3149 3149 3149 3137 3128 3121 3122 3117 3119 3115 3106 3100 3095 3090
-9999 -9999 -9999 -9999 -9999 -9999 -9999 -9999 -9999 -9999 3101 3101 3094 3091 3087 3085 3085 3085 3086 3088 3084 3082 3079 3079 3081 3085 3087 3085 3083 3082 3085 3084 3082 3080 3083 3091 3098 3100 3105 3106 3107 3103 3100 3100 3096 3088 3097 3113 3122 3125 3113 3102 3097 3102 3110 3126 3138 3142 3143 3148 3161 3171 3175 3175 3175 3175 3180 3176 3166 3172 3165 3144 3118 3123 3122 3118 3124 3117 3110 3106 3106 3103
-9999 -9999 -9999 -9999 -9999 -9999 -9999 -9999 -9999 3101 3100 3095 3087 3075 3071 3070 3070 3075 3080 3083 3083 3079 3077 3075 3079 3084 3083 3079 3073 3075 3077 3082 3080 3079 3081 3090 3087 3094 3096 3097 3101 3098 3090 3093 3092 3083 3090 3104 3117 3128 3132 3125 3122 3124 3132 3142 3154 3155 3154 3159 3166 3172 3181 3178 3179 3179 3185 3181 3176 3182 3178 3151 3137 3136 3134 3118 3122 3127 3119 3121 3120 3111
-9999 -9999 -9999 -9999 -9999 -9999 -9999 -9999 3102 3100 3098 3093 3080 3070 3065 3058 3060 3064 3073 3076 3078 3074 3072 3071 3075 3078 3079 3074 3069 3066 3073 3078 3081 3081 3085 3080 3073 3077 3083 3079 3094 3095 3085 3090 3088 3078 3083 3097 3109 3123 3132 3137 3140 3146 3150 3157 3162 3165 3170 3174 3175 3182 3183 3187 3185 3186 3186 3185 3180 3185 3184 3172 3160 3165 3143 3120 3135 3147 3146 3137 3124 3108
-9999 -9999 -9999 -9999 -9999 -9999 -9999 -9999 -9999 3099 3097 3094 3086 3075 3069 3064 3059 3062 3065 3068 3067 3070 3071 3070 3071 3073 3072 3072 3064 3063 3064 3073 3074 3081 3081 3073 3063 3066 3062 3068 3083 3093 3086 3083 3088 3081 3090 3102 3111 3119 3121 3129 3138 3144 3151 3154 3157 3160 3168 3176 3184 3185 3195 3195 3198 3194 3194 3187 3187 3190 3189 3183 3179 3179 3160 3141 3153 3163 3150 3127 3104 3087
-9999 -9999 -9999 -9999 -9999 -9999 -9999 -9999 -9999 -9999 3097 3097 3090 3081 3073 3070 3067 3066 3063 3059 3062 3067 3071 3070 3068 3066 3066 3068 3060 3051 3057 3059 3067 3065 3075 3070 3059 3051 3057 3064 3086 3092 3080 3078 3077 3083 3094 3103 3109 3113 3118 3124 3132 3139 3147 3148 3145 3154 3162 3174 3183 3188 3192 3196 3201 3199 3194 3191 3192 3194 3193 3187 3186 3189 3180 3169 3174 3170 3142 3111 3081 3070
-9999 -9999 -9999 -9999 -9999 -9999 -9999 -9999 -9999 -9999 3097 3099 3096 3087 3083 3077 3075 3070 3063 3057 3060 3067 3072 3068 3068 3060 3062 3064 3055 3048 3047 3049 3042 3056 3054 3060 3047 3045 3057 3079 3093 3091 3083 3075 3076 3087 3098 3099 3099 3106 3112 3120 3132 3142 3151 3150 3151 3152 3161 3172 3174 3176 3178 3189 3195 3201 3198 3196 3196 3197 3196 3192 3190 3191 3190 3183 3184 3175 3149 3113 3084 3070
-9999 -9999 -9999 -9999 -9999 -9999 -9999 -9999 -9999 -9999 -9999 3100 3099 3095 3089 3086 3080 3076 3066 3062 3057 3063 3067 3066 3064 3059 3054 3052 3044 3050 3045 3038 3041 3030 3047 3039 3040 3048 3072 3087 3092 3090 3084 3075 3079 3089 3099 3094 3095 3101 3109 3123 3135 3146 3151 3154 3154 3158 3164 3166 3169 3168 3171 3176 3188 3194 3198 3193 3188 3192 3190 3195 3190 3191 3192 3190 3188 3183 3166 3144 3119 3106
-9999 -9999 -9999 -9999 -9999 -9999 -9999 -9999 -9999 -9999 -9999 -9999 3099 3096 3095 3091 3088 3081 3075 3064 3058 3055 3057 3060 3055 3054 3034 3027 3024 3034 3047 3037 3034 3033 3023 3026 3032 3057 3083 3088 3079 3084 3077 3076 3080 3090 3096 3098 3103 3114 3124 3132 3141 3141 3140 3147 3158 3161 3157 3165 3161 3165 3163 3169 3178 3184 3189 3181 3173 3172 3181 3182 3184 3179 3190 3192 3191 3186 3178 3171 3158 3149
-9999 -9999 -9999 -9999 -9999 -9999 -9999 -9999 -9999 -9999 -9999 -9999 3100 3100 3098 3095 3092 3087 3080 3073 3058 3051 3049 3042 3047 3040 3030 3010 3005 3019 3013 3018 3022 3019 3018 3010 3021 3053 3081 3079 3072 3071 3078 3079 3086 3092 3096 3099 3108 3119 3125 3132 3132 3130 3130 3143 3151 3152 3158 3150 3152 3157 3155 3157 3167 3174 3175 3172 3159 3162 3162 3174 3172 3171 3180 3191 3191 3185 3183 3182 3178 3171
-9999 -9999 -9999 -9999 -9999 -9999 -9999 -9999 -9999 -9999 -9999 -9999 -9999 3104 3103 3100 3092 3089 3084 3076 3065 3054 3040 3032 3030 3037 3024 3021 3013 3005 2987 2976 2991 3001 3011 3013 3020 3049 3073 3076 3070 3071 3077 3085 3090 3092 3093 3095 3098 3105 3112 3118 3122 3119 3124 3131 3136 3142 3136 3136 3134 3144 3151 3149 3155 3160 3170 3168 3160 3152 3154 3159 3166 3164 3171 3183 3187 3183 3183 3183 3181 3176
-9999 -9999 -9999 -9999 -9999 -9999 -9999 -9999 -9999 -9999 -9999 -9999 -9999 3106 3107 3102 3099 3091 3088 3083 3076 3064 3048 3033 3024 3023 3015 3011 3008 2986 2963 2939 2947 2965 2987 3002 3024 3045 3067 3075 3069 3070 3074 3084 3089 3086 3086 3083 3083 3088 3099 3106 3104 3105 3111 3119 3119 3125 3129 3115 3120 3136 3144 3139 3146 3153 3161 3167 3160 3152 3147 3155 3160 3157 3165 3173 3176 3175 3176 3179 3175 3171
-9999 -9999 -9999 -9999 -9999 -9999 -9999 -9999 -9999 -9999 -9999 -9999 -9999 -9999 3106 3107 3101 3097 3091 3088 3084 3080 3068 3051 3041 3029 3013 3008 2990 2968 2930 2912 2907 2920 2947 2984 3016 3046 3057 3064 3067 3068 3073 3080 3082 3080 3079 3079 3078 3086 3088 3084 3082 3088 3098 3105 3110 3118 3115 3105 3110 3122 3127 3135 3134 3147 3155 3158 3155 3144 3148 3150 3153 3155 3153 3163 3164 3160 3164 3170 3164 3162
-9999 -9999 -9999 -9999 -9999 -9999 -9999 -9999 -9999 -9999 -9999 -9999 -9999 -9999 -9999 3106 3105 3099 3096 3091 3089 3089 3079 3072 3056 3046 3037 3019 3006 2963 2930 2895 2886 2899 2930 2969 3010 3039 3048 3059 3069 3080 3081 3082 3078 3070 3076 3087 3092 3091 3083 3068 3067 3074 3088 3092 3101 3101 3103 3092 3100 3108 3118 3117 3130 3125 3138 3151 3151 3136 3139 3145 3147 3144 3144 3146 3146 3147 3152 3157 3156 3149
-9999 -9999 -9999 -9999 -9999 -9999 -9999 -9999 -9999 -9999 -9999 -9999 -9999 -9999 -9999 3106 3106 3105 3101 3095 3092 3090 3089 3076 3062 3048 3026 3024 3004 2979 2935 2899 2888 2912 2940 2978 3014 3045 3055 3078 3090 3099 3100 3092 3072 3065 3071 3081 3099 3108 3104 3079 3066 3068 3074 3077 3077 3085 3082 3083 3086 3090 3093 3106 3104 3108 3124 3143 3144 3130 3128 3137 3141 3141 3139 3135 3136 3134 3142 3147 3146 3142
-9999 -9999 -9999 -9999 -9999 -9999 -9999 -9999 -9999 -9999 -9999 -9999 -9999 -9999 -9999 -9999 3106 3106 3104 3096 3090 3087 3080 3077 3063 3036 3021 3002 3007 2982 2961 2931 2928 2945 2979 3005 3040 3059 3081 3093 3109 3112 3116 3101 3087 3082 3082 3087 3097 3127 3127 3102 3079 3076 3069 3067 3061 3053 3066 3069 3071 3065 3062 3066 3084 3091 3111 3133 3138 3126 3124 3128 3132 3139 3137 3136 3128 3128 3129 3136 3133 3130
-9999 -9999 -9999 -9999 -9999 -9999 -9999 -9999 -9999 -9999 -9999 -9999 -9999 -9999 -9999 -9999 3105 3105 3104 3098 3084 3073 3066 3061 3054 3039 3027 3025 3021 3021 3008 3000 2991 3004 3022 3051 3077 3100 3099 3117 3113 3120 3113 3104 3088 3103 3111 3096 3109 3133 3140 3114 3101 3086 3075 3059 3052 3051 3059 3069 3070 3057 3049 3053 3071 3081 3097 3113 3130 3125 3115 3119 3126 3132 3139 3135 3131 3127 3126 3126 3124 3115
-9999 -9999 -9999 -9999 -9999 -9999 -9999 -9999 -9999 -9999 -9999 -9999 -9999 -9999 -9999 -9999 -9999 3105 3105 3097 3085 3068 3056 3056 3042 3043 3048 3051 3058 3054 3060 3059 3053 3055 3065 3088 3109 3116 3121 3123 3127 3125 3126 3111 3103 3124 3125 3107 3114 3143 3141 3130 3108 3083 3052 3039 3049 3059 3064 3077 3070 3066 3065 3075 3100 3108 3105 3115 3137 3133 3113 3105 3115 3129 3132 3126 3123 3123 3119 3122 3117 3111
-9999 -9999 -9999 -9999 -9999 -9999 -9999 -9999 -9999 -9999 -9999 -9999 -9999 -9999 -9999 -9999 -9999 -9999 3104 3104 3096 3088 3084 3067 3067 3062 3075 3077 3081 3080 3087 3093 3096 3094 3103 3113 3127 3130 3129 3131 3134 3137 3136 3131 3127 3133 3129 3110 3118 3139 3155 3128 3111 3067 3034 3029 3044 3065 3080 3091 3085 3069 3074 3086 3117 3134 3134 3136 3148 3139 3111 3098 3097 3109 3114 3112 3108 3111 3117 3117 3118 3111
-9999 -9999 -9999 -9999 -9999 -9999 -9999 -9999 -9999 -9999 -9999 -9999 -9999 -9999 -9999 -9999 -9999 -9999 -9999 3103 3104 3103 3096 3097 3089 3098 3105 3103 3102 3100 3102 3104 3108 3112 3112 3121 3136 3138 3136 3135 3137 3142 3144 3147 3142 3149 3140 3126 3122 3138 3147 3148 3108 3078 3055 3051 3048 3054 3076 3102 3095 3073 3065 3087 3120 3156 3166 3164 3163 3148 3125 3103 3096 3094 3096 3096 3098 3102 3109 3116 3112 3109
-9999 -9999 -9999 -9999 -9999 -9999 -9999 -9999 -9999 -9999 -9999 -9999 -9999 -9999 -9999 -9999 -9999 -9999 -9999 -9999 3104 3104 3105 3101 3107 3108 3112 3113 3114 3112 3112 3108 3111 3114 3117 3122 3134 3143 3141 3139 3140 3143 3148 3151 3154 3156 3157 3147 3136 3143 3164 3159 3143 3115 3110 3096 3071 3063 3072 3114 3107 3087 3084 3106 3143 3166 3181 3180 3174 3146 3121 3114 3108 3107 3106 3097 3089 3094 3094 3095 3097 3099
-9999 -9999 -9999 -9999 -9999 -9999 -9999 -9999 -9999 -9999 -9999 -9999 -9999 -9999 -9999 -9999 -9999 -9999 -9999 -9999 -9999 3105 3105 3106 3107 3109 3112 3113 3114 3117 3116 3112 3111 3118 3120 3121 3131 3136 3144 3142 3140 3143 3147 3151 3155 3158 3160 3157 3152 3160 3176 3183 3173 3160 3155 3136 3107 3088 3098 3131 3142 3127 3125 3158 3172 3181 3168 3176 3165 3136 3116 3117 3130 3140 3119 3101 3095 3091 3084 3081 3087 3081
-9999 -9999 -9999 -9999 -9999 -9999 -9999 -9999 -9999 -9999 -9999 -9999 -9999 -9999 -9999 -9999 -9999 -9999 -9999 -9999 -9999 -9999 -9999 -9999 -9999 -9999 3114 3115 3115 3117 3120 3116 3119 3118 3123 3123 3128 3137 3141 3143 3141 3141 3147 3152 3154 3158 3157 3155 3160 3171 3183 3187 3191 3193 3183 3166 3141 3134 3140 3165 3171 3164 3164 3177 3180 3167 3153 3161 3167 3146 3142 3145 3161 3154 3142 3122 3121 3126 3117 3108 3110 3113
-9999 -9999 -9999 -9999 -9999 -9999 -9999 -9999 -9999 -9999 -9999 -9999 -9999 -9999 -9999 -9999 -9999 -9999 -9999 -9999 -9999 -9999 -9999 -9999 -9999 -9999 -9999 -9999 3122 3118 3120 3124 3121 3125 3122 3129 3136 3140 3145 3144 3142 3142 3146 3150 3154 3155 3157 3158 3163 3174 3173 3177 3186 3190 3197 3180 3177 3180 3170 3180 3175 3169 3166 3166 3152 3138 3122 3122 3128 3129 3142 3155 3151 3161 3154 3151 3146 3146 3138 3143 3146 3144
-9999 -9999 -9999 -9999 -9999 -9999 -9999 -9999 -9999 -9999 -9999 -9999 -9999 -9999 -9999 -9999 -9999 -9999 -9999 -9999 -9999 -9999 -9999 -9999 -9999 -9999 -9999 -9999 3128 3126 3121 3124 3129 3126 3129 3129 3137 3143 3143 3144 3143 3142 3144 3147 3152 3156 3157 3160 3166 3170 3167 3170 3172 3182 3169 3169 3175 3182 3183 3169 3153 3142 3134 3130 3115 3119 3099 3087 3073 3090 3113 3124 3120 3120 3136 3138 3130 3110 3114 3130 3133 3144
-9999 -9999 -9999 -9999 -9999 -9999 -9999 -9999 -9999 -9999 -9999 -9999 -9999 -9999 -9999 -9999 -9999 -9999 -9999 -9999 -9999 -9999 -9999 -9999 -9999 -9999 -9999 -9999 3138 3132 3124 3124 3127 3132 3131 3130 3135 3139 3144 3143 3144 3143 3142 3146 3149 3152 3155 3155 3158 3161 3163 3164 3172 3166 3164 3142 3149 3158 3159 3166 3150 3119 3104 3085 3083 3093 3081 3062 3048 3054 3081 3089 3077 3084 3102 3121 3112 3092 3082 3085 3097 3097
-9999 -9999 -9999 -9999 -9999 -9999 -9999 -9999 -9999 -9999 -9999 -9999 -9999 -9999 -9999 -9999 -9999 -9999 -9999 -9999 -9999 -9999 -9999 -9999 -9999 -9999 -9999 -9999 -9999 3136 3130 3124 3127 3131 3134 3133 3133 3142 3143 3143 3143 3144 3143 3142 3145 3147 3146 3146 3144 3148 3149 3153 3153 3160 3162 3152 3133 3127 3133 3143 3143 3127 3093 3071 3057 3062 3060 3051 3033 3031 3031 3037 3042 3051 3072 3094 3099 3089 3062 3070 3057 3072
-9999 -9999 -9999 -9999 -9999 -9999 -9999 -9999 -9999 -9999 -9999 -9999 -9999 -9999 -9999 -9999 -9999 -9999 -9999 -9999 -9999 -9999 -9999 -9999 -9999 -9999 -9999 -9999 -9999 3142 3135 3132 3127 3131 3136 3136 3137 3144 3145 3142 3141 3142 3143 3142 3142 3143 3146 3141 3137 3137 3139 3136 3128 3126 3146 3150 3142 3118 3108 3113 3118 3110 3093 3064 3047 3038 3032 3026 3025 3005 2989 3003 3022 3047 3060 3072 3081 3069 3054 3046 3049 3060
-9999 -9999 -9999 -9999 -9999 -9999 -9999 -9999 -9999 -9999 -9999 -9999 -9999 -9999 -9999 -9999 -9999 -9999 -9999 -9999 -9999 -9999 -9999 -9999 -9999 -9999 -9999 -9999 -9999 -9999 3142 3137 3134 3131 3135 3138 3138 3143 3147 3142 3140 3140 3140 3142 3141 3142 3142 3139 3137 3132 3123 3116 3098 3086 3105 3132 3134 3130 3101 3078 3069 3063 3063 3058 3040 3035 3018 3018 3008 3001 2978 2986 3018 3044 3058 3059 3060 3053 3034 3035 3043 3069
-9999 -9999 -9999 -9999 -9999 -9999 -9999 -9999 -9999 -9999 -9999 -9999 -9999 -9999 -9999 -9999 -9999 -9999 -9999 -9999 -9999 -9999 -9999 -9999 -9999 -9999 -9999 -9999 -9999 -9999 -9999 3144 3139 3137 3135 3138 3137 3142 3145 3145 3140 3138 3138 3138 3139 3136 3135 3133 3131 3119 3107 3089 3072 3046 3061 3083 3113 3121 3108 3083 3056 3044 3048 3045 3046 3033 3025 3004 3003 2995 2973 2986 3015 3041 3044 3051 3046 3037 3021 3028 3051 3077
