Data/tmax/PRISM_tmax_pr_1963-1995_normal_450mM1_annual_asc.asc
ncols 557
nrows 164
xllcorner -67.31875000000
yllcorner 17.86875000000
cellsize 0.00416666667
NODATA_value -9999
[rows 108 to 143 of 164, columns 82 to 163 of 557]
3129 3123 3113 3102 3086 3098 3098 3069 3080 3094 3067 3023 2975 2956 2976 3010 3031 2987 2979 2995 2989 2998 3009 3028 3056 3077 3074 3068 3052 3038 3024 2993 2976 2975 2965 2935 2907 2870 2852 2833 2805 2814 2884 2935 2939 2897 2836 2787 2741 2703 2680 2695 2685 2658 2657 2658 2679 2728 2743 2707 2678 2660 2654 2709 2798 2856 2878 2881 2888 2866 2813 2764 2779 2831 2855 2869 2839 2795 2817 2876 2898 2845
3138 3130 3124 3106 3093 3111 3121 3114 3115 3109 3081 3035 3008 2996 2996 3031 3039 3004 2984 3003 2994 3011 3037 3045 3057 3063 3077 3068 3049 3037 3004 2994 2985 2976 2980 2975 2971 2969 2942 2911 2864 2868 2919 2972 2940 2873 2821 2786 2739 2692 2678 2703 2733 2737 2738 2738 2746 2802 2820 2784 2757 2735 2717 2743 2806 2865 2915 2944 2945 2915 2865 2822 2828 2879 2900 2899 2882 2832 2834 2881 2922 2889
3149 3139 3132 3118 3107 3118 3131 3129 3129 3109 3071 3043 3017 3006 3011 3031 3057 3018 3004 3014 2994 3004 3026 3032 3027 3039 3051 3046 3009 2977 2974 2979 2998 2980 2978 2981 2994 3009 3012 2988 2946 2924 2969 2999 2970 2909 2883 2854 2800 2738 2712 2729 2762 2784 2801 2802 2803 2842 2883 2865 2837 2813 2785 2806 2849 2882 2929 2981 2992 2960 2909 2855 2867 2905 2919 2918 2916 2887 2857 2887 2929 2909
3155 3149 3142 3139 3131 3134 3138 3137 3124 3102 3072 3050 3032 3021 3006 3025 3054 3032 3028 3022 2989 2992 3010 3016 3024 3036 3063 3054 3009 2974 2960 2994 3001 2988 2972 2975 2988 3020 3042 3040 3023 3001 3020 3043 3011 2971 2951 2919 2859 2817 2799 2790 2810 2826 2828 2844 2850 2888 2917 2937 2912 2871 2841 2862 2897 2911 2937 2991 3017 2996 2950 2910 2908 2942 2950 2935 2948 2939 2906 2898 2934 2928
3163 3158 3155 3154 3150 3145 3145 3140 3133 3109 3087 3072 3064 3046 3019 3026 3049 3047 3038 3037 3003 3007 3016 3030 3037 3056 3077 3077 3048 3010 3000 3010 3036 3007 2998 2990 2987 3014 3044 3060 3062 3052 3058 3078 3053 3021 3010 2976 2920 2891 2882 2870 2871 2850 2839 2843 2877 2916 2967 2977 2969 2921 2897 2914 2952 2960 2970 3014 3029 3011 2982 2955 2965 2985 2977 2956 2971 2982 2945 2915 2940 2956
3168 3166 3163 3161 3158 3151 3150 3146 3140 3130 3112 3091 3076 3061 3036 3033 3056 3046 3043 3049 3040 3039 3040 3045 3059 3066 3080 3087 3074 3051 3031 3040 3038 3023 2992 2980 2989 3001 3010 3037 3057 3062 3077 3084 3074 3060 3052 3028 2986 2959 2953 2933 2924 2890 2852 2846 2902 2965 3007 3038 3010 2981 2962 2976 3000 3019 3025 3041 3032 3004 2993 2989 3006 3014 3007 2977 2982 3007 2986 2944 2952 2989
3169 3168 3167 3163 3161 3159 3154 3153 3148 3138 3118 3091 3072 3059 3054 3051 3070 3059 3053 3058 3066 3075 3062 3057 3062 3064 3056 3064 3090 3088 3066 3060 3044 2995 2973 2979 3006 2995 2979 2992 3030 3049 3072 3086 3087 3079 3079 3062 3038 3021 3010 2990 2978 2954 2924 2927 2958 3025 3062 3074 3061 3030 3028 3030 3043 3053 3063 3061 3027 3008 3008 3016 3033 3041 3033 3014 3005 3021 3015 2979 2973 3007
3167 3163 3161 3160 3157 3155 3153 3147 3144 3141 3125 3102 3081 3079 3071 3074 3081 3073 3059 3071 3073 3091 3081 3074 3066 3052 3034 3045 3081 3099 3077 3067 3049 3010 2985 3014 3031 3001 2968 2978 3007 3038 3058 3073 3082 3091 3093 3084 3068 3064 3054 3039 3029 3021 3019 3013 3044 3075 3100 3110 3096 3083 3073 3077 3078 3082 3080 3070 3041 3025 3030 3041 3046 3052 3054 3039 3024 3026 3035 3014 2995 3021
3150 3145 3143 3142 3138 3139 3132 3122 3122 3128 3122 3112 3102 3090 3093 3092 3088 3087 3080 3081 3091 3100 3098 3086 3084 3077 3063 3065 3103 3102 3090 3091 3074 3049 3043 3053 3053 3021 3000 3009 3029 3045 3063 3062 3073 3088 3097 3094 3084 3083 3080 3065 3061 3063 3070 3072 3086 3107 3120 3120 3122 3113 3103 3105 3103 3096 3096 3085 3062 3044 3044 3045 3060 3064 3063 3060 3032 3022 3034 3022 2998 3016
3141 3137 3134 3127 3124 3122 3114 3105 3107 3111 3113 3108 3101 3088 3083 3096 3106 3098 3093 3104 3103 3114 3105 3100 3100 3105 3102 3102 3116 3121 3107 3107 3096 3077 3076 3087 3077 3060 3060 3059 3066 3080 3090 3084 3083 3093 3102 3097 3088 3090 3088 3076 3070 3078 3090 3094 3098 3114 3117 3120 3125 3126 3117 3114 3113 3105 3101 3094 3068 3045 3026 3044 3059 3072 3071 3063 3052 3029 3042 3038 3012 3016
3145 3149 3146 3141 3124 3133 3123 3116 3120 3124 3109 3106 3094 3074 3069 3087 3098 3107 3103 3097 3106 3115 3112 3106 3111 3115 3115 3118 3124 3123 3124 3115 3094 3085 3091 3089 3089 3091 3094 3092 3090 3103 3113 3108 3101 3106 3108 3101 3098 3101 3096 3077 3063 3072 3086 3097 3089 3102 3105 3107 3124 3138 3131 3125 3121 3110 3107 3089 3059 3024 3017 3033 3061 3076 3071 3067 3063 3042 3050 3062 3042 3034
3154 3155 3157 3145 3143 3137 3137 3129 3136 3135 3122 3100 3076 3069 3064 3065 3085 3096 3101 3090 3094 3109 3117 3117 3118 3123 3124 3122 3124 3129 3128 3125 3115 3098 3087 3083 3075 3090 3107 3106 3109 3110 3113 3103 3094 3091 3095 3099 3099 3109 3094 3055 3040 3037 3065 3079 3078 3068 3071 3071 3099 3137 3139 3131 3114 3102 3087 3064 3038 3013 3013 3035 3056 3081 3077 3073 3064 3044 3053 3073 3060 3041
3165 3167 3166 3167 3158 3163 3150 3149 3148 3151 3134 3091 3076 3072 3069 3075 3068 3100 3114 3106 3101 3119 3123 3122 3126 3128 3129 3129 3127 3126 3125 3129 3116 3098 3083 3060 3054 3071 3094 3105 3116 3116 3111 3097 3076 3065 3061 3067 3083 3094 3081 3040 3011 3027 3048 3065 3054 3049 3035 3046 3079 3124 3134 3108 3082 3054 3038 3029 3018 3009 3012 3021 3035 3064 3086 3070 3061 3043 3058 3081 3065 3039
3170 3170 3170 3174 3175 3172 3170 3164 3167 3158 3133 3107 3088 3099 3103 3087 3091 3094 3109 3121 3120 3124 3124 3125 3129 3133 3132 3135 3134 3127 3116 3122 3112 3093 3083 3070 3060 3067 3085 3100 3113 3124 3124 3115 3082 3045 3032 3037 3054 3077 3082 3041 3038 3052 3070 3073 3052 3042 3051 3065 3096 3128 3115 3071 3027 2995 2986 2998 3019 3017 3014 3011 3018 3055 3073 3069 3051 3050 3071 3092 3074 3053
3171 3169 3167 3171 3174 3174 3174 3175 3172 3164 3148 3127 3126 3131 3127 3125 3112 3103 3112 3113 3128 3130 3126 3124 3132 3134 3136 3138 3138 3126 3123 3125 3120 3105 3100 3094 3083 3087 3104 3110 3119 3128 3134 3116 3076 3046 3037 3036 3054 3070 3082 3064 3058 3088 3109 3094 3072 3066 3084 3109 3120 3116 3078 3026 2985 2951 2952 2984 3020 3029 3019 3023 3024 3058 3090 3085 3078 3067 3084 3099 3092 3079
3170 3167 3165 3167 3171 3172 3173 3173 3174 3170 3165 3157 3151 3144 3140 3141 3139 3130 3120 3127 3123 3136 3121 3122 3131 3136 3136 3139 3141 3139 3132 3145 3138 3131 3127 3118 3103 3096 3107 3109 3110 3115 3131 3116 3081 3067 3065 3067 3072 3091 3100 3092 3089 3110 3107 3096 3074 3085 3109 3128 3122 3092 3040 3008 2977 2956 2953 2988 3026 3030 3020 3021 3027 3054 3091 3105 3094 3073 3077 3097 3107 3097
3171 3169 3168 3169 3171 3171 3171 3172 3171 3173 3172 3168 3163 3153 3149 3146 3148 3143 3141 3117 3123 3127 3120 3114 3122 3136 3136 3138 3142 3143 3147 3150 3148 3145 3138 3119 3097 3075 3070 3073 3073 3085 3118 3129 3109 3100 3090 3074 3088 3101 3118 3121 3123 3106 3099 3073 3069 3088 3125 3137 3124 3078 3044 3023 3010 2984 2986 3006 3036 3043 3027 3022 3028 3039 3073 3102 3101 3072 3076 3100 3104 3089
3170 3170 3170 3170 3169 3170 3171 3171 3171 3171 3172 3173 3170 3161 3151 3152 3146 3147 3130 3118 3109 3132 3127 3120 3129 3136 3138 3135 3139 3142 3146 3148 3150 3148 3137 3118 3089 3055 3050 3049 3050 3069 3110 3135 3132 3122 3100 3081 3088 3105 3120 3133 3123 3105 3082 3071 3067 3085 3121 3139 3124 3086 3066 3057 3040 3012 3004 3014 3036 3044 3043 3044 3034 3031 3050 3080 3095 3085 3083 3100 3102 3074
3170 3170 3170 3169 3169 3169 3170 3171 3171 3172 3174 3173 3169 3158 3151 3150 3156 3145 3139 3111 3116 3133 3139 3138 3138 3141 3136 3130 3125 3126 3133 3141 3147 3149 3136 3111 3091 3071 3057 3061 3072 3083 3118 3141 3144 3135 3120 3102 3108 3116 3128 3135 3120 3092 3079 3078 3065 3076 3106 3135 3126 3105 3077 3072 3036 3017 3002 2999 3004 3038 3049 3059 3061 3037 3040 3067 3090 3099 3100 3107 3110 3089
3170 3170 3170 3169 3169 3169 3169 3169 3171 3172 3174 3175 3174 3165 3162 3165 3161 3157 3141 3129 3125 3135 3145 3148 3146 3142 3132 3118 3102 3097 3112 3129 3143 3142 3125 3097 3089 3080 3083 3084 3088 3101 3123 3143 3147 3145 3134 3129 3125 3131 3135 3137 3121 3095 3088 3082 3075 3070 3102 3129 3136 3104 3092 3063 3049 3034 3032 3011 3008 3007 3037 3047 3051 3054 3045 3061 3092 3110 3117 3117 3124 3115
3170 3169 3169 3169 3169 3169 3169 3170 3170 3171 3173 3174 3176 3175 3173 3172 3170 3166 3161 3153 3146 3146 3147 3150 3147 3138 3123 3105 3091 3084 3105 3127 3143 3147 3122 3094 3090 3095 3101 3101 3104 3108 3128 3141 3148 3149 3147 3143 3142 3141 3143 3141 3122 3106 3097 3096 3089 3090 3112 3133 3131 3114 3084 3074 3063 3066 3058 3041 3008 3007 3017 3032 3052 3048 3064 3060 3087 3110 3124 3127 3129 3128
3168 3169 3169 3169 3168 3169 3169 3170 3170 3171 3171 3173 3174 3175 3175 3174 3172 3171 3169 3166 3164 3156 3155 3152 3140 3114 3104 3097 3094 3103 3116 3136 3146 3138 3113 3082 3080 3090 3101 3111 3113 3125 3136 3148 3149 3150 3150 3149 3146 3144 3145 3130 3113 3102 3097 3100 3105 3115 3127 3139 3131 3102 3085 3079 3076 3076 3071 3046 3025 3008 3020 3040 3050 3075 3071 3069 3079 3105 3117 3129 3130 3131
3167 3167 3167 3167 3167 3168 3169 3169 3170 3170 3171 3171 3172 3172 3170 3169 3173 3170 3164 3159 3163 3163 3160 3151 3126 3106 3090 3089 3092 3098 3115 3128 3142 3134 3109 3086 3085 3097 3110 3118 3129 3136 3148 3151 3150 3151 3151 3149 3146 3145 3137 3124 3112 3110 3114 3119 3127 3133 3140 3140 3134 3113 3096 3083 3080 3073 3062 3048 3026 3006 3012 3024 3042 3064 3085 3075 3078 3090 3110 3126 3132 3133
3166 3165 3164 3165 3165 3164 3164 3167 3169 3169 3170 3170 3170 3166 3161 3162 3166 3157 3150 3148 3155 3161 3160 3151 3134 3105 3098 3087 3072 3072 3083 3104 3134 3142 3124 3100 3099 3105 3120 3132 3138 3148 3152 3151 3151 3152 3149 3148 3145 3145 3142 3132 3128 3134 3135 3137 3141 3141 3141 3141 3137 3125 3096 3076 3053 3049 3037 3022 3006 2995 2997 3009 3024 3054 3080 3075 3072 3076 3096 3120 3132 3134
3163 3161 3159 3161 3158 3152 3149 3153 3160 3167 3167 3168 3168 3165 3160 3160 3158 3157 3152 3154 3163 3157 3153 3142 3118 3098 3089 3078 3066 3061 3070 3101 3130 3137 3112 3096 3091 3108 3125 3141 3150 3152 3153 3152 3152 3151 3149 3146 3145 3145 3145 3142 3141 3143 3142 3143 3142 3142 3142 3141 3141 3129 3111 3076 3062 3050 3048 3033 3016 3012 3019 3028 3037 3060 3082 3085 3086 3092 3105 3127 3134 3135
3153 3150 3155 3157 3150 3140 3131 3133 3138 3152 3160 3163 3165 3166 3164 3163 3165 3159 3163 3166 3159 3148 3135 3121 3106 3092 3086 3086 3075 3076 3087 3113 3141 3126 3105 3091 3101 3116 3137 3148 3152 3153 3153 3153 3153 3151 3149 3147 3147 3146 3146 3146 3145 3145 3144 3144 3144 3143 3143 3143 3143 3141 3128 3107 3081 3070 3065 3054 3044 3038 3045 3056 3063 3073 3086 3092 3099 3112 3124 3133 3136 3137
3138 3142 3148 3154 3151 3140 3132 3125 3127 3135 3140 3147 3157 3162 3163 3165 3164 3165 3166 3165 3152 3138 3127 3114 3102 3097 3097 3093 3097 3092 3104 3129 3138 3133 3116 3115 3121 3132 3143 3151 3153 3153 3153 3153 3153 3152 3151 3151 3150 3150 3149 3149 3149 3148 3148 3148 3147 3147 3147 3146 3146 3146 3141 3127 3106 3084 3071 3066 3053 3054 3063 3074 3088 3095 3099 3101 3114 3125 3132 3137 3138 3138
3141 3143 3152 3155 3152 3147 3140 3136 3128 3128 3127 3133 3146 3155 3160 3162 3164 3164 3164 3154 3135 3119 3114 3099 3088 3091 3091 3095 3106 3114 3110 3125 3134 3136 3136 3135 3144 3147 3152 3153 3154 3154 3153 3153 3153 3149 3152 3152 3152 3151 3151 3152 3152 3152 3151 3151 3150 3150 3149 3148 3147 3146 3146 3141 3128 3106 3085 3066 3071 3067 3074 3085 3092 3100 3110 3118 3127 3135 3138 3139 3139 3140
3150 3152 3153 3154 3153 3148 3143 3138 3136 3130 3134 3134 3141 3149 3160 3162 3162 3163 3161 3151 3130 3118 3103 3079 3068 3070 3075 3078 3092 3096 3087 3085 3092 3106 3110 3128 3141 3152 3153 3154 3154 3154 3153 3154 3149 3148 3150 3154 3153 3153 3155 3157 3159 3159 3158 3156 3154 3153 3151 3149 3146 3144 3142 3142 3139 3123 3099 3087 3085 3091 3085 3090 3094 3104 3119 3130 3137 3139 3140 3139 3140 3140
3156 3155 3153 3151 3149 3145 3138 3137 3127 3124 3122 3127 3123 3135 3150 3160 3161 3161 3156 3145 3128 3112 3088 3062 3048 3054 3056 3050 3060 3062 3053 3049 3056 3068 3084 3103 3133 3143 3155 3156 3156 3153 3155 3152 3151 3152 3157 3159 3158 3158 3159 3161 3162 3161 3159 3158 -9999 -9999 -9999 -9999 -9999 -9999 3141 3142 3141 3139 3127 3116 3117 3111 3109 3107 3111 3118 3131 3138 3140 3140 3142 3141 3141 3141
3158 3156 3152 3146 3141 3127 3123 3123 3126 3122 3136 3140 3143 3148 3159 3160 3161 3159 3143 3123 3100 3081 3061 3046 3049 3056 3057 3050 3051 3059 3059 3063 3072 3080 3085 3102 3114 3130 3144 3162 3160 3154 3155 3155 3155 3157 3163 3162 -9999 -9999 3162 3161 3161 3160 3159 -9999 -9999 -9999 -9999 -9999 -9999 -9999 -9999 3142 3142 3141 3140 3137 3135 3135 3131 3133 3132 3135 3140 3142 3142 3144 3145 3146 3145 3142
3157 3152 3143 3136 3124 3114 3105 3117 3126 3134 3146 3157 3160 3160 3161 3161 3161 3155 3139 3106 3084 3067 3055 3058 3069 3073 3078 3074 3071 3080 3088 3097 3103 3107 3108 3110 3114 3121 3145 3156 3160 3157 3159 3162 3162 3165 3164 -9999 -9999 -9999 -9999 3161 3161 3160 -9999 -9999 -9999 -9999 -9999 -9999 -9999 -9999 -9999 -9999 -9999 3142 3141 3141 3141 3141 3140 3141 3142 3144 3145 3148 3149 3148 3148 3147 3146 -9999
3152 3142 3130 3121 3115 3111 3112 3120 3132 3140 3150 3157 3158 3160 3162 3162 3161 3148 3123 3101 3083 3074 3071 3080 3092 3097 3102 3104 3106 3115 3123 3123 3124 3122 3121 3122 3123 3134 3145 3160 3164 3161 3166 3166 3166 3165 -9999 -9999 -9999 -9999 -9999 -9999 3161 -9999 -9999 -9999 -9999 -9999 -9999 -9999 -9999 -9999 -9999 -9999 -9999 -9999 -9999 3144 3144 3143 3143 3147 3150 3150 3151 3151 3151 -9999 -9999 -9999 -9999 -9999
3148 3139 3129 3120 3116 3117 3118 3123 3134 3146 3153 3155 3148 3146 3151 3161 3154 3130 3109 3094 3090 3092 3094 3106 3114 3120 3127 3134 3139 3144 3145 3140 3135 3133 3133 3134 3140 3147 3157 3163 3166 3166 3166 3166 3166 -9999 -9999 -9999 -9999 -9999 -9999 -9999 -9999 -9999 -9999 -9999 -9999 -9999 -9999 -9999 -9999 -9999 -9999 -9999 -9999 -9999 -9999 -9999 -9999 -9999 -9999 3154 3154 3153 3151 3150 -9999 -9999 -9999 -9999 -9999 -9999
3143 3140 3134 3125 3122 3127 3126 3128 3139 3150 3150 3143 3129 3124 3134 3146 3153 3134 3119 3118 3121 3123 3130 3136 3144 3147 3153 3156 3158 3159 3156 3152 3146 3144 3145 3150 3154 3160 3164 3166 3166 3167 -9999 -9999 -9999 -9999 -9999 -9999 -9999 -9999 -9999 -9999 -9999 -9999 -9999 -9999 -9999 -9999 -9999 -9999 -9999 -9999 -9999 -9999 -9999 -9999 -9999 -9999 -9999 -9999 -9999 -9999 3153 3151 3150 -9999 -9999 -9999 -9999 -9999 -9999 -9999
3152 3151 3145 3134 3132 3136 3137 3137 3144 3148 3146 3138 3132 3129 3135 3149 3156 3150 3147 3149 3152 3155 3157 3161 3160 3163 3163 3164 3165 3164 3164 3160 3158 3156 3158 3161 3164 3165 3166 3167 -9999 -9999 -9999 -9999 -9999 -9999 -9999 -9999 -9999 -9999 -9999 -9999 -9999 -9999 -9999 -9999 -9999 -9999 -9999 -9999 -9999 -9999 -9999 -9999 -9999 -9999 -9999 -9999 -9999 -9999 -9999 -9999 -9999 -9999 -9999 -9999 -9999 -9999 -9999 -9999 -9999 -9999
