Data/tmax/PRISM_tmax_pr_1963-1995_normal_450mM1_03_asc.asc
ncols 557
nrows 164
xllcorner -67.31875000000
yllcorner 17.86875000000
cellsize 0.00416666667
NODATA_value -9999
[rows 72 to 107 of 164, columns 0 to 81 of 557]
-9999 -9999 -9999 -9999 -9999 -9999 -9999 -9999 -9999 -9999 -9999 -9999 -9999 -9999 -9999 -9999 -9999 -9999 -9999 -9999 -9999 -9999 -9999 -9999 -9999 -9999 -9999 -9999 -9999 -9999 -9999 3092 3092 3084 3082 3080 3084 3085 3090 3089 3088 3083 3083 3084 3083 3082 3078 3078 3080 3070 3059 3048 3024 3001 2991 3006 3030 3064 3062 3051 3030 3015 3005 3008 2992 2992 2972 2957 2946 2944 2938 2945 2974 2990 2996 2996 2998 2990 2979 2995 3021 3030
-9999 -9999 -9999 -9999 -9999 -9999 -9999 -9999 -9999 -9999 -9999 -9999 -9999 -9999 -9999 -9999 -9999 -9999 -9999 -9999 -9999 -9999 -9999 -9999 -9999 -9999 -9999 -9999 -9999 -9999 -9999 3094 3093 3092 3085 3081 3083 3088 3088 3088 3083 3077 3080 3080 3081 3081 3077 3081 3078 3063 3057 3042 3028 3004 3001 3003 3014 3031 3033 3016 3004 2987 2991 2987 2984 2974 2961 2949 2944 2944 2936 2944 2961 2975 2987 2988 2995 2982 2974 2996 3011 3006
-9999 -9999 -9999 -9999 -9999 -9999 -9999 -9999 -9999 -9999 -9999 -9999 -9999 -9999 -9999 -9999 -9999 -9999 -9999 -9999 -9999 -9999 -9999 -9999 -9999 -9999 -9999 -9999 -9999 -9999 -9999 3094 3094 3093 3088 3083 3081 3083 3085 3080 3072 3069 3071 3074 3071 3072 3076 3076 3070 3056 3043 3034 3019 3014 3014 3013 3009 3014 3002 2984 2957 2945 2939 2947 2956 2957 2951 2947 2942 2937 2928 2931 2949 2968 2972 2979 2979 2975 2970 2981 2986 2974
-9999 -9999 -9999 -9999 -9999 -9999 -9999 -9999 -9999 -9999 -9999 -9999 -9999 -9999 -9999 -9999 -9999 -9999 -9999 -9999 -9999 -9999 -9999 -9999 -9999 -9999 -9999 -9999 -9999 -9999 -9999 3094 3095 3094 3093 3086 3084 3080 3079 3075 3068 3062 3066 3062 3060 3066 3069 3078 3073 3057 3053 3045 3037 3027 3031 3029 3019 3017 3013 2995 2968 2934 2918 2908 2926 2948 2954 2947 2940 2928 2911 2917 2939 2958 2962 2951 2967 2964 2963 2960 2951 2928
-9999 -9999 -9999 -9999 -9999 -9999 -9999 -9999 -9999 -9999 -9999 -9999 -9999 -9999 -9999 -9999 -9999 -9999 -9999 -9999 -9999 -9999 -9999 -9999 -9999 -9999 -9999 -9999 -9999 -9999 -9999 -9999 3095 3095 3093 3092 3082 3078 3075 3070 3066 3059 3057 3053 3052 3058 3068 3071 3060 3046 3034 3026 3026 3028 3029 3027 3024 3017 3017 3018 2997 2960 2921 2896 2889 2917 2935 2944 2938 2926 2917 2909 2928 2936 2936 2937 2936 2953 2949 2946 2926 2908
-9999 -9999 -9999 -9999 -9999 -9999 -9999 -9999 -9999 -9999 -9999 -9999 -9999 -9999 -9999 -9999 -9999 -9999 -9999 -9999 -9999 -9999 -9999 -9999 -9999 -9999 -9999 -9999 -9999 -9999 -9999 -9999 3095 3095 3094 3089 3083 3071 3069 3068 3064 3061 3055 3051 3049 3054 3059 3063 3059 3035 3012 3004 3004 3005 3014 3008 3000 2985 2987 3002 3006 2977 2949 2907 2887 2879 2899 2913 2919 2915 2907 2907 2915 2920 2922 2919 2922 2924 2937 2928 2924 2901
-9999 -9999 -9999 -9999 -9999 -9999 -9999 -9999 -9999 -9999 -9999 -9999 -9999 -9999 -9999 -9999 -9999 -9999 -9999 -9999 -9999 -9999 -9999 -9999 -9999 -9999 -9999 -9999 -9999 -9999 -9999 -9999 -9999 3095 3095 3093 3083 3076 3070 3069 3071 3068 3065 3060 3057 3054 3051 3051 3048 3038 3011 2990 2991 2991 3000 2998 2980 2956 2951 2978 2985 2988 2967 2944 2904 2876 2876 2878 2879 2876 2875 2887 2896 2897 2899 2899 2893 2902 2912 2907 2900 2881
-9999 -9999 -9999 -9999 -9999 -9999 -9999 -9999 -9999 -9999 -9999 -9999 -9999 -9999 -9999 -9999 -9999 -9999 -9999 -9999 -9999 -9999 -9999 -9999 -9999 -9999 -9999 -9999 -9999 -9999 -9999 -9999 -9999 -9999 3095 3095 3094 3087 3084 3083 3081 3080 3077 3073 3071 3060 3049 3047 3050 3045 3027 3009 2995 2992 3002 2999 2982 2956 2951 2950 2969 2976 2980 2959 2935 2906 2879 2870 2852 2841 2848 2856 2874 2869 2858 2859 2858 2866 2870 2872 2869 2853
-9999 -9999 -9999 -9999 -9999 -9999 -9999 -9999 -9999 -9999 -9999 -9999 -9999 -9999 -9999 -9999 -9999 -9999 -9999 -9999 -9999 -9999 -9999 -9999 -9999 -9999 -9999 -9999 -9999 -9999 -9999 -9999 -9999 -9999 -9999 3095 3095 3095 3093 3091 3089 3087 3084 3080 3073 3064 3059 3054 3059 3059 3045 3034 3028 3013 3019 3010 2992 2974 2964 2946 2943 2961 2970 2963 2944 2927 2909 2885 2866 2855 2848 2851 2849 2836 2818 2815 2812 2814 2814 2818 2835 2841
-9999 -9999 -9999 -9999 -9999 -9999 -9999 -9999 -9999 -9999 -9999 -9999 -9999 -9999 -9999 -9999 -9999 -9999 -9999 -9999 -9999 -9999 -9999 -9999 -9999 -9999 -9999 -9999 -9999 -9999 -9999 -9999 -9999 -9999 -9999 -9999 3095 3095 3095 3093 3091 3090 3087 3083 3075 3072 3070 3071 3071 3064 3060 3057 3053 3040 3031 3026 3008 2998 2998 2977 2952 2952 2947 2946 2939 2928 2916 2899 2892 2876 2862 2852 2841 2821 2806 2791 2792 2785 2778 2776 2803 2831
-9999 -9999 -9999 -9999 -9999 -9999 -9999 -9999 -9999 -9999 -9999 -9999 -9999 -9999 -9999 -9999 -9999 -9999 -9999 -9999 -9999 -9999 -9999 -9999 -9999 -9999 -9999 -9999 -9999 -9999 -9999 -9999 -9999 -9999 -9999 -9999 3095 3095 3095 3094 3093 3092 3090 3085 3083 3079 3075 3075 3069 3070 3065 3076 3074 3065 3059 3047 3035 3028 3027 3009 2985 2954 2950 2948 2950 2947 2927 2914 2905 2884 2862 2844 2840 2834 2822 2821 2816 2810 2789 2781 2798 2843
-9999 -9999 -9999 -9999 -9999 -9999 -9999 -9999 -9999 -9999 -9999 -9999 -9999 -9999 -9999 -9999 -9999 -9999 -9999 -9999 -9999 -9999 -9999 -9999 -9999 -9999 -9999 -9999 -9999 -9999 -9999 -9999 -9999 -9999 -9999 -9999 -9999 3095 3095 3094 3093 3092 3090 3087 3083 3079 3074 3065 3065 3059 3064 3071 3080 3081 3080 3077 3065 3053 3048 3026 3001 2986 2971 2975 2971 2965 2946 2932 2921 2905 2868 2862 2858 2864 2859 2848 2839 2818 2802 2777 2798 2832
-9999 -9999 -9999 -9999 -9999 -9999 -9999 -9999 -9999 -9999 -9999 -9999 -9999 -9999 -9999 -9999 -9999 -9999 -9999 -9999 -9999 -9999 -9999 -9999 -9999 -9999 -9999 -9999 -9999 -9999 -9999 -9999 -9999 -9999 -9999 -9999 -9999 3095 3095 3095 3094 3093 3089 3084 3079 3073 3064 3066 3065 3068 3067 3069 3065 3075 3070 3068 3059 3057 3045 3031 3021 2999 2989 2976 2966 2958 2951 2943 2939 2909 2898 2880 2891 2897 2885 2858 2836 2813 2794 2775 2782 2795
-9999 -9999 -9999 -9999 -9999 -9999 -9999 -9999 -9999 -9999 -9999 -9999 -9999 -9999 -9999 -9999 -9999 -9999 -9999 -9999 -9999 -9999 -9999 -9999 -9999 -9999 -9999 -9999 -9999 -9999 -9999 -9999 -9999 -9999 -9999 -9999 3095 3095 3095 3095 3094 3094 3088 3080 3070 3059 3045 3040 3056 3064 3060 3060 3059 3051 3053 3043 3032 3024 3021 3015 3008 2986 2970 2954 2933 2930 2947 2963 2951 2939 2910 2913 2922 2924 2911 2886 2861 2839 2823 2802 2785 2795
-9999 -9999 -9999 -9999 -9999 -9999 -9999 -9999 -9999 -9999 -9999 -9999 -9999 -9999 -9999 -9999 -9999 -9999 -9999 -9999 -9999 -9999 -9999 -9999 -9999 -9999 -9999 -9999 -9999 -9999 -9999 -9999 -9999 -9999 3095 3095 3095 3095 3095 3094 3092 3088 3084 3077 3072 3057 3033 3019 3019 3026 3029 3031 3031 3039 3023 3021 3012 2997 2986 2990 2987 2977 2963 2947 2923 2928 2957 2986 2992 2967 2955 2945 2938 2944 2922 2909 2894 2874 2859 2839 2833 2811
-9999 -9999 -9999 -9999 -9999 -9999 -9999 -9999 -9999 -9999 -9999 -9999 -9999 -9999 -9999 -9999 -9999 -9999 -9999 -9999 -9999 -9999 -9999 -9999 -9999 -9999 -9999 -9999 -9999 -9999 -9999 -9999 -9999 3095 3095 3095 3095 3095 3094 3091 3087 3085 3081 3079 3077 3070 3047 3021 3006 2993 2987 2984 2988 2985 2985 2984 2992 2983 2982 2985 2994 2994 2982 2963 2943 2954 2988 3020 3021 3011 2980 2954 2935 2911 2897 2889 2886 2874 2862 2862 2858 2846
-9999 -9999 -9999 -9999 -9999 -9999 -9999 -9999 -9999 -9999 -9999 -9999 -9999 -9999 -9999 -9999 -9999 -9999 -9999 -9999 -9999 -9999 -9999 -9999 -9999 -9999 -9999 -9999 -9999 -9999 -9999 -9999 3095 3095 3095 3095 3095 3094 3093 3091 3087 3085 3084 3082 3077 3074 3066 3048 3030 3011 2989 2967 2943 2939 2930 2945 2970 2995 3005 3018 3024 3032 3015 2991 2993 3006 3023 3021 3025 3001 2979 2943 2906 2887 2866 2864 2853 2847 2844 2844 2863 2859
-9999 -9999 -9999 -9999 -9999 -9999 -9999 -9999 -9999 -9999 -9999 -9999 -9999 -9999 -9999 -9999 -9999 -9999 -9999 -9999 -9999 -9999 -9999 -9999 -9999 -9999 -9999 -9999 -9999 -9999 -9999 3096 3096 3095 3095 3095 3095 3095 3094 3092 3090 3087 3084 3085 3082 3077 3072 3071 3059 3043 3023 2985 2946 2925 2919 2930 2971 3008 3046 3056 3061 3063 3051 3042 3040 3037 3013 2989 2977 2975 2968 2954 2924 2903 2878 2855 2834 2815 2819 2837 2848 2846
-9999 -9999 -9999 -9999 -9999 -9999 -9999 -9999 -9999 -9999 -9999 -9999 -9999 -9999 -9999 -9999 -9999 -9999 -9999 -9999 -9999 -9999 -9999 -9999 -9999 -9999 -9999 -9999 -9999 -9999 -9999 3096 3096 3096 3096 3096 3096 3095 3095 3094 3091 3086 3085 3085 3088 3086 3085 3083 3078 3064 3046 3011 2977 2954 2951 2967 2998 3041 3068 3082 3073 3073 3058 3059 3054 3029 2995 2956 2943 2940 2936 2929 2911 2894 2883 2856 2814 2799 2809 2832 2842 2827
-9999 -9999 -9999 -9999 -9999 -9999 -9999 -9999 -9999 -9999 -9999 -9999 -9999 -9999 -9999 -9999 -9999 -9999 -9999 -9999 -9999 -9999 -9999 -9999 -9999 -9999 -9999 -9999 -9999 -9999 3096 3096 3094 3093 3095 3096 3096 3095 3094 3092 3089 3083 3085 3089 3092 3093 3096 3098 3095 3089 3078 3064 3035 3015 3017 3032 3059 3073 3084 3071 3045 3019 3015 3015 3018 3010 2997 2969 2955 2931 2911 2883 2860 2860 2870 2861 2826 2803 2806 2823 2816 2795
-9999 -9999 -9999 -9999 -9999 -9999 -9999 -9999 -9999 -9999 -9999 -9999 -9999 -9999 -9999 -9999 -9999 -9999 -9999 -9999 -9999 -9999 -9999 -9999 -9999 -9999 -9999 -9999 -9999 3096 3096 3094 3091 3089 3090 3096 3096 3095 3093 3090 3084 3083 3085 3092 3092 3092 3095 3100 3097 3097 3101 3097 3082 3068 3065 3085 3096 3101 3089 3067 3026 3000 2989 2981 2969 2965 2965 2942 2922 2912 2895 2865 2822 2806 2818 2815 2790 2782 2788 2798 2774 2752
-9999 -9999 -9999 -9999 -9999 -9999 -9999 -9999 -9999 -9999 -9999 -9999 -9999 -9999 -9999 -9999 -9999 -9999 -9999 -9999 -9999 -9999 -9999 -9999 -9999 -9999 -9999 -9999 -9999 -9999 3097 3096 3093 3089 3090 3093 3095 3095 3094 3090 3087 3085 3090 3089 3087 3080 3079 3079 3078 3080 3087 3090 3094 3087 3094 3107 3111 3108 3100 3077 3045 3029 3024 3000 2973 2957 2950 2917 2886 2887 2893 2860 2815 2774 2771 2757 2751 2747 2766 2780 2759 2738
-9999 -9999 -9999 -9999 -9999 -9999 -9999 -9999 -9999 -9999 -9999 -9999 -9999 -9999 -9999 -9999 -9999 -9999 -9999 -9999 -9999 -9999 -9999 -9999 -9999 -9999 -9999 -9999 -9999 -9999 3097 3097 3096 3093 3091 3093 3094 3094 3094 3092 3095 3097 3099 3099 3092 3085 3078 3081 3076 3079 3079 3087 3088 3095 3101 3115 3111 3103 3098 3082 3063 3064 3058 3035 3016 2997 2981 2934 2898 2894 2912 2889 2837 2798 2768 2752 2732 2720 2716 2749 2738 2744
-9999 -9999 -9999 -9999 -9999 -9999 -9999 -9999 -9999 -9999 -9999 -9999 -9999 -9999 -9999 -9999 -9999 -9999 -9999 -9999 -9999 -9999 -9999 -9999 -9999 -9999 -9999 -9999 -9999 -9999 -9999 3097 3097 3096 3092 3089 3088 3090 3092 3098 3102 3109 3110 3106 3103 3095 3096 3093 3094 3091 3096 3089 3100 3107 3111 3116 3106 3091 3079 3079 3080 3085 3081 3066 3056 3036 3005 2969 2930 2933 2946 2912 2882 2847 2813 2799 2766 2707 2679 2695 2702 2734
-9999 -9999 -9999 -9999 -9999 -9999 -9999 -9999 -9999 -9999 -9999 -9999 -9999 -9999 -9999 -9999 -9999 -9999 -9999 -9999 -9999 -9999 -9999 -9999 -9999 -9999 -9999 -9999 -9999 -9999 -9999 3097 3097 3096 3089 3079 3071 3079 3093 3101 3110 3115 3114 3109 3105 3106 3107 3113 3106 3109 3098 3093 3098 3113 3127 3125 3111 3091 3086 3089 3099 3105 3096 3082 3081 3050 3023 2999 2984 2977 2966 2930 2915 2901 2884 2848 2802 2734 2682 2682 2677 2685
-9999 -9999 -9999 -9999 -9999 -9999 -9999 -9999 -9999 -9999 -9999 -9999 -9999 -9999 -9999 -9999 -9999 -9999 -9999 -9999 -9999 -9999 -9999 -9999 -9999 -9999 -9999 -9999 -9999 -9999 3098 3098 3097 3095 3086 3067 3054 3066 3086 3103 3113 3119 3121 3119 3118 3121 3126 3127 3129 3124 3116 3091 3091 3109 3122 3120 3106 3098 3099 3111 3105 3106 3096 3090 3076 3065 3043 3026 3020 3008 2989 2958 2963 2953 2922 2888 2835 2766 2757 2730 2680 2667
-9999 -9999 -9999 -9999 -9999 -9999 -9999 -9999 -9999 -9999 -9999 -9999 -9999 -9999 -9999 -9999 -9999 -9999 -9999 -9999 -9999 -9999 -9999 -9999 -9999 -9999 -9999 -9999 -9999 -9999 3098 3098 3098 3095 3086 3066 3045 3058 3083 3103 3116 3126 3130 3132 3136 3139 3140 3141 3139 3138 3127 3112 3102 3112 3118 3107 3094 3087 3101 3111 3107 3100 3093 3077 3072 3063 3054 3046 3045 3036 3024 3002 2991 2966 2931 2891 2846 2828 2815 2792 2735 2700
-9999 -9999 -9999 -9999 -9999 -9999 -9999 -9999 -9999 -9999 -9999 -9999 -9999 -9999 -9999 -9999 -9999 -9999 -9999 -9999 -9999 -9999 -9999 -9999 -9999 -9999 -9999 -9999 -9999 -9999 -9999 3098 3098 3097 3090 3072 3057 3062 3085 3105 3122 3132 3138 3142 3146 3150 3150 3149 3148 3144 3141 3131 3127 3127 3131 3113 3096 3090 3104 3115 3104 3097 3085 3069 3053 3061 3065 3066 3059 3057 3039 3020 3008 2986 2939 2908 2872 2855 2874 2841 2804 2782
-9999 -9999 -9999 -9999 -9999 -9999 -9999 -9999 -9999 -9999 -9999 -9999 -9999 -9999 -9999 -9999 -9999 -9999 -9999 -9999 -9999 -9999 -9999 -9999 -9999 -9999 -9999 -9999 -9999 -9999 3099 3099 3098 3098 3095 3087 3076 3083 3092 3108 3125 3134 3143 3147 3151 3153 3154 3154 3152 3151 3147 3141 3138 3139 3138 3130 3115 3108 3116 3119 3100 3090 3085 3073 3075 3080 3086 3073 3055 3024 3008 2992 3002 2993 2981 2936 2903 2898 2918 2901 2888 2869
-9999 -9999 -9999 -9999 -9999 -9999 -9999 -9999 -9999 -9999 -9999 -9999 -9999 -9999 -9999 -9999 -9999 -9999 -9999 -9999 -9999 -9999 -9999 -9999 -9999 -9999 -9999 -9999 -9999 3100 3100 3099 3098 3097 3093 3090 3093 3093 3097 3102 3111 3124 3137 3150 3153 3155 3155 3155 3154 3153 3151 3146 3142 3144 3143 3137 3130 3125 3127 3117 3092 3091 3085 3096 3095 3100 3083 3056 3009 2983 2983 2990 3013 3038 3015 2991 2960 2944 2954 2958 2943 2907
-9999 -9999 -9999 -9999 -9999 -9999 -9999 -9999 -9999 -9999 -9999 -9999 -9999 -9999 -9999 -9999 -9999 -9999 -9999 -9999 -9999 -9999 -9999 -9999 -9999 -9999 -9999 -9999 -9999 3100 3099 3099 3098 3095 3090 3087 3096 3102 3101 3100 3100 3106 3127 3147 3155 3155 3155 3155 3154 3153 3151 3148 3147 3145 3144 3142 3137 3135 3135 3121 3107 3103 3113 3107 3114 3101 3081 3039 3005 2997 3011 3028 3050 3049 3030 3010 2987 2975 2983 2977 2944 2906
-9999 -9999 -9999 -9999 -9999 -9999 -9999 -9999 -9999 -9999 -9999 -9999 -9999 -9999 -9999 -9999 -9999 -9999 -9999 -9999 -9999 -9999 -9999 -9999 -9999 -9999 -9999 -9999 -9999 3099 3099 3098 3096 3091 3086 3088 3098 3107 3114 3112 3110 3110 3129 3149 3155 3156 3155 3155 3154 3153 3151 3149 3148 3147 3147 3145 3144 3142 3136 3131 3121 3124 3119 3116 3110 3104 3075 3056 3044 3051 3061 3051 3038 3019 2993 2979 2973 2967 2986 2993 2954 2924
-9999 -9999 -9999 -9999 -9999 -9999 -9999 -9999 -9999 -9999 -9999 -9999 -9999 -9999 -9999 -9999 -9999 -9999 -9999 -9999 -9999 -9999 -9999 -9999 -9999 -9999 -9999 -9999 -9999 -9999 3099 3098 3091 3088 3087 3092 3103 3112 3119 3123 3117 3119 3130 3150 3156 3156 3156 3155 3154 3153 3151 3150 3149 3149 3149 3149 3147 3146 3141 3134 3128 3126 3121 3117 3117 3104 3090 3073 3080 3087 3077 3041 3011 2987 2970 2969 2961 2965 2992 3016 2982 2979
-9999 -9999 -9999 -9999 -9999 -9999 -9999 -9999 -9999 -9999 -9999 -9999 -9999 -9999 -9999 -9999 -9999 -9999 -9999 -9999 -9999 -9999 -9999 -9999 -9999 -9999 -9999 -9999 -9999 -9999 3099 3095 3088 3084 3090 3095 3103 3112 3124 3131 3131 3129 3137 3150 3156 3157 3156 3154 3153 3152 3151 3150 3150 3150 3150 3150 3150 3150 3146 3141 3136 3128 3126 3122 3124 3118 3102 3097 3104 3107 3090 3060 3036 3014 3002 3001 3004 3003 3023 3039 3022 3014
-9999 -9999 -9999 -9999 -9999 -9999 -9999 -9999 -9999 -9999 -9999 -9999 -9999 -9999 -9999 -9999 -9999 -9999 -9999 -9999 -9999 -9999 -9999 -9999 -9999 -9999 -9999 -9999 -9999 3098 3098 3095 3084 3084 3092 3097 3100 3109 3126 3139 3143 3145 3149 3155 3157 3157 3156 3155 3153 3152 3151 3150 3150 3150 3152 3152 3153 3153 3151 3149 3145 3140 3136 3133 3130 3124 3115 3115 3117 3113 3100 3086 3070 3057 3048 3048 3052 3056 3058 3054 3037 3042
-9999 -9999 -9999 -9999 -9999 -9999 -9999 -9999 -9999 -9999 -9999 -9999 -9999 -9999 -9999 -9999 -9999 -9999 -9999 -9999 -9999 -9999 -9999 -9999 -9999 -9999 -9999 -9999 3096 3098 3094 3090 3083 3083 3093 3098 3103 3112 3126 3142 3149 3152 3155 3157 3158 3157 3156 3155 3154 3152 3151 3151 3151 3152 3154 3155 3156 3155 3155 3153 3152 3149 3146 3143 3140 3129 3125 3119 3118 3103 3086 3072 3069 3066 3064 3065 3076 3075 3062 3054 3047 3056
