Data/tmax/PRISM_tmax_pr_1963-1995_normal_450mM1_01_asc.asc
ncols 557
nrows 164
xllcorner -67.31875000000
yllcorner 17.86875000000
cellsize 0.00416666667
NODATA_value -9999
[rows 36 to 71 of 164, columns 246 to 327 of 557]
2794 2794 2799 2806 2808 2812 2818 2844 2859 2858 2845 2839 2831 2826 2824 2819 2817 2818 2821 2822 2814 2809 2810 2814 2817 2821 2822 2820 2821 2829 2832 2834 2838 2837 2836 2836 2835 2831 2824 2825 2823 2822 2828 2836 2842 2838 2836 2838 2843 2850 2858 2862 2863 2864 2868 2868 2867 2860 2851 2854 2856 2854 2851 2848 2848 2849 2849 2847 2848 2849 2850 2852 2850 2846 2844 2849 2855 2859 2860 2860 2860 2858
2788 2796 2799 2798 2801 2800 2810 2834 2853 2857 2856 2848 2838 2829 2826 2828 2826 2827 2831 2830 2822 2813 2808 2810 2818 2826 2830 2829 2832 2834 2834 2836 2838 2840 2839 2839 2840 2840 2839 2836 2832 2829 2833 2838 2838 2834 2833 2840 2845 2851 2857 2858 2859 2862 2866 2867 2865 2856 2844 2841 2849 2845 2843 2842 2843 2844 2844 2845 2846 2845 2846 2844 2840 2840 2843 2849 2856 2859 2861 2861 2860 2859
2808 2808 2807 2812 2812 2817 2824 2837 2846 2852 2853 2853 2843 2837 2838 2837 2837 2839 2839 2837 2831 2819 2814 2813 2816 2827 2830 2831 2832 2833 2834 2835 2841 2843 2842 2842 2843 2845 2844 2841 2838 2834 2834 2833 2832 2831 2834 2839 2843 2849 2853 2856 2854 2859 2862 2863 2863 2851 2837 2835 2837 2836 2832 2835 2835 2834 2838 2836 2838 2833 2825 2821 2830 2835 2844 2853 2857 2859 2861 2861 2861 2860
2822 2819 2816 2820 2828 2833 2833 2833 2835 2846 2853 2854 2850 2849 2849 2847 2846 2845 2844 2840 2834 2828 2822 2818 2823 2827 2830 2829 2829 2832 2835 2840 2843 2845 2843 2843 2843 2848 2847 2843 2838 2832 2826 2822 2826 2829 2834 2840 2843 2846 2853 2850 2850 2854 2858 2860 2858 2852 2839 2829 2834 2824 2826 2826 2827 2823 2820 2823 2824 2816 2811 2817 2829 2846 2853 2857 2858 2858 2859 2859 2859 2860
2814 2813 2808 2814 2820 2823 2817 2812 2820 2840 2853 2852 2841 2843 2844 2843 2843 2841 2841 2842 2839 2834 2831 2827 2827 2832 2833 2834 2837 2839 2842 2845 2845 2845 2843 2841 2846 2850 2850 2844 2834 2822 2811 2816 2820 2827 2832 2835 2839 2845 2846 2845 2847 2850 2854 2856 2861 2855 2844 2835 2824 2821 2812 2820 2825 2819 2815 2815 2820 2825 2825 2833 2849 2852 2856 2856 2856 2856 2858 2858 2857 2859
2796 2793 2790 2799 2807 2811 2803 2799 2807 2839 2856 2848 2839 2835 2833 2834 2835 2836 2837 2840 2838 2837 2835 2833 2832 2836 2838 2841 2843 2843 2846 2845 2845 2845 2842 2845 2848 2854 2852 2845 2830 2813 2811 2817 2830 2833 2833 2833 2835 2838 2841 2841 2842 2848 2848 2854 2859 2858 2854 2844 2843 2825 2819 2815 2821 2822 2821 2823 2831 2835 2843 2849 2851 2853 2851 2853 2854 2858 2860 2861 2860 2861
2782 2781 2780 2788 2803 2807 2803 2793 2807 2840 2858 2859 2850 2846 2840 2828 2833 2837 2839 2840 2839 2836 2837 2835 2836 2837 2839 2840 2840 2842 2843 2845 2844 2845 2842 2843 2851 2855 2854 2848 2838 2829 2827 2838 2842 2843 2840 2837 2835 2834 2835 2833 2837 2839 2844 2852 2854 2852 2847 2846 2846 2841 2828 2819 2823 2827 2831 2837 2839 2846 2848 2850 2852 2849 2851 2851 2856 2858 2863 2865 2865 2864
2777 2782 2783 2791 2795 2808 2803 2804 2820 2847 2862 2862 2862 2862 2847 2838 2833 2835 2841 2839 2835 2834 2831 2832 2834 2836 2838 2839 2839 2840 2843 2843 2844 2844 2840 2844 2853 2857 2854 2851 2849 2848 2849 2851 2851 2850 2846 2844 2840 2833 2832 2830 2830 2836 2844 2849 2851 2841 2837 2838 2843 2842 2835 2826 2824 2828 2837 2841 2846 2846 2849 2850 2851 2852 2853 2853 2853 2853 2860 2862 2866 2862
2772 2781 2785 2784 2797 2802 2812 2826 2841 2859 2860 2859 2861 2861 2858 2847 2840 2841 2838 2839 2834 2830 2828 2827 2831 2833 2832 2835 2838 2840 2842 2841 2843 2842 2840 2844 2857 2855 2848 2845 2848 2853 2856 2854 2854 2852 2851 2845 2839 2835 2832 2830 2831 2836 2845 2847 2841 2835 2831 2832 2838 2838 2834 2827 2827 2830 2838 2845 2851 2856 2857 2858 2860 2860 2856 2855 2851 2853 2856 2857 2861 2856
2772 2773 2779 2790 2797 2805 2812 2831 2853 2856 2855 2857 2853 2854 2851 2848 2845 2839 2838 2834 2834 2828 2823 2824 2825 2823 2824 2829 2834 2840 2841 2844 2845 2850 2848 2853 2860 2853 2836 2836 2845 2854 2858 2857 2855 2854 2849 2846 2836 2831 2830 2829 2829 2836 2845 2843 2837 2831 2829 2828 2828 2830 2834 2834 2837 2841 2842 2848 2862 2867 2871 2874 2874 2873 2867 2856 2863 2861 2855 2858 2856 2848
2788 2769 2781 2795 2805 2800 2792 2817 2839 2850 2855 2852 2852 2840 2835 2836 2835 2835 2832 2832 2829 2827 2822 2822 2822 2819 2820 2823 2830 2836 2842 2845 2852 2855 2856 2858 2860 2852 2836 2831 2843 2853 2857 2857 2851 2850 2850 2848 2842 2835 2826 2825 2829 2838 2846 2842 2838 2835 2829 2824 2825 2828 2834 2842 2849 2854 2857 2863 2874 2880 2874 2876 2880 2870 2853 2844 2842 2850 2842 2843 2855 2842
2791 2779 2782 2800 2805 2789 2777 2784 2818 2842 2849 2854 2848 2835 2821 2820 2825 2828 2827 2828 2829 2826 2824 2826 2824 2823 2822 2825 2827 2834 2841 2846 2850 2852 2853 2850 2862 2860 2847 2834 2836 2840 2852 2854 2849 2840 2844 2849 2852 2842 2826 2821 2830 2837 2844 2835 2830 2827 2824 2822 2817 2824 2831 2837 2851 2869 2875 2879 2886 2876 2866 2860 2874 2869 2839 2819 2822 2826 2822 2829 2838 2838
2797 2776 2779 2787 2791 2790 2775 2783 2806 2825 2837 2846 2850 2838 2822 2817 2823 2829 2829 2827 2827 2826 2823 2822 2823 2823 2826 2827 2830 2834 2839 2838 2840 2839 2840 2840 2853 2867 2846 2826 2817 2827 2843 2857 2846 2838 2830 2838 2848 2843 2826 2819 2824 2837 2834 2834 2829 2826 2822 2815 2812 2809 2813 2824 2845 2869 2875 2885 2887 2883 2864 2863 2871 2866 2837 2811 2806 2806 2802 2810 2807 2820
2795 2784 2782 2772 2774 2787 2792 2792 2805 2816 2825 2838 2852 2846 2835 2828 2826 2835 2834 2831 2828 2825 2821 2820 2821 2824 2829 2832 2834 2835 2832 2825 2822 2821 2819 2826 2838 2855 2846 2814 2807 2824 2844 2856 2843 2830 2817 2824 2837 2843 2831 2821 2829 2828 2837 2834 2842 2836 2828 2820 2811 2804 2801 2815 2841 2858 2868 2871 2888 2890 2874 2871 2883 2872 2840 2818 2792 2791 2781 2791 2794 2802
2781 2785 2788 2784 2773 2777 2787 2791 2800 2812 2829 2835 2850 2853 2847 2834 2833 2843 2844 2840 2830 2826 2821 2820 2818 2820 2829 2829 2831 2829 2821 2810 2804 2803 2812 2816 2835 2847 2840 2808 2796 2807 2832 2845 2842 2827 2818 2816 2826 2833 2831 2820 2823 2830 2821 2830 2835 2830 2826 2821 2819 2809 2802 2812 2831 2849 2858 2881 2889 2875 2868 2871 2887 2882 2851 2825 2794 2762 2774 2783 2789 2794
2743 2760 2779 2788 2773 2770 2774 2772 2780 2804 2816 2837 2843 2856 2847 2836 2842 2847 2855 2845 2833 2825 2823 2819 2816 2816 2819 2821 2816 2818 2813 2797 2800 2800 2817 2831 2840 2853 2839 2805 2781 2793 2814 2837 2846 2846 2836 2823 2815 2811 2810 2807 2814 2822 2816 2814 2828 2821 2813 2816 2814 2807 2798 2803 2812 2836 2871 2888 2884 2867 2853 2874 2890 2885 2864 2831 2791 2760 2751 2783 2787 2795
2722 2736 2763 2773 2765 2748 2747 2750 2762 2788 2825 2823 2844 2853 2849 2843 2840 2850 2848 2844 2831 2825 2821 2821 2815 2814 2815 2804 2809 2814 2811 2811 2809 2822 2832 2847 2851 2841 2820 2786 2775 2793 2815 2828 2845 2852 2847 2837 2810 2800 2795 2789 2803 2810 2803 2805 2818 2811 2812 2807 2802 2793 2789 2786 2801 2826 2870 2880 2876 2870 2873 2885 2893 2887 2868 2849 2804 2761 2749 2751 2771 2783
2724 2748 2757 2767 2756 2740 2724 2731 2753 2794 2804 2806 2809 2835 2856 2855 2854 2837 2838 2847 2840 2830 2815 2815 2812 2805 2804 2800 2808 2829 2836 2833 2841 2844 2852 2857 2859 2841 2804 2766 2760 2772 2795 2796 2815 2831 2844 2835 2820 2806 2802 2795 2790 2796 2785 2796 2807 2796 2794 2794 2789 2786 2781 2797 2809 2840 2865 2870 2864 2873 2878 2879 2885 2884 2874 2866 2846 2804 2764 2747 2747 2761
2735 2746 2740 2735 2741 2726 2719 2730 2759 2787 2791 2769 2760 2799 2836 2863 2855 2834 2828 2851 2855 2830 2805 2796 2800 2798 2790 2787 2803 2827 2842 2848 2851 2845 2852 2854 2865 2850 2825 2793 2767 2762 2752 2752 2766 2800 2820 2831 2817 2809 2809 2793 2780 2766 2764 2770 2778 2769 2764 2775 2792 2803 2815 2825 2850 2868 2885 2869 2874 2876 2866 2863 2869 2866 2861 2869 2866 2846 2809 2761 2740 2744
2739 2742 2722 2709 2717 2729 2729 2756 2774 2788 2777 2750 2740 2763 2814 2853 2862 2836 2821 2840 2848 2830 2790 2780 2785 2778 2785 2779 2801 2825 2839 2848 2834 2824 2827 2849 2853 2858 2846 2819 2791 2765 2751 2735 2752 2777 2816 2828 2817 2800 2792 2781 2760 2748 2741 2748 2745 2740 2745 2755 2783 2818 2835 2854 2877 2884 2874 2858 2856 2869 2851 2838 2844 2843 2842 2853 2874 2868 2843 2799 2754 2737
2730 2733 2722 2716 2726 2738 2753 2771 2771 2763 2746 2727 2721 2742 2787 2842 2866 2842 2821 2834 2855 2848 2820 2800 2776 2773 2758 2774 2795 2823 2834 2836 2822 2796 2820 2835 2860 2851 2837 2805 2787 2775 2771 2766 2768 2782 2802 2821 2825 2812 2806 2793 2772 2756 2746 2736 2729 2741 2746 2748 2773 2806 2833 2854 2877 2884 2861 2826 2821 2837 2828 2805 2794 2804 2812 2841 2859 2867 2856 2821 2778 2745
2683 2683 2686 2687 2691 2720 2742 2759 2760 2754 2737 2721 2716 2730 2759 2818 2856 2848 2826 2847 2862 2862 2838 2809 2801 2768 2763 2758 2779 2798 2808 2821 2808 2794 2811 2841 2853 2850 2826 2793 2777 2792 2798 2806 2803 2800 2799 2812 2821 2818 2820 2811 2808 2794 2785 2774 2764 2785 2791 2786 2795 2816 2831 2848 2876 2887 2866 2825 2810 2824 2817 2790 2763 2756 2774 2802 2841 2855 2844 2815 2783 2747
2639 2624 2620 2620 2641 2674 2713 2736 2754 2772 2771 2762 2760 2759 2772 2808 2849 2840 2844 2861 2865 2841 2805 2793 2793 2796 2778 2762 2760 2757 2765 2773 2772 2767 2790 2823 2855 2855 2838 2810 2799 2799 2812 2819 2824 2822 2819 2819 2823 2818 2811 2823 2829 2835 2831 2822 2819 2833 2839 2833 2841 2857 2864 2872 2885 2882 2865 2829 2813 2826 2825 2790 2744 2720 2728 2771 2810 2827 2829 2803 2767 2745
2617 2589 2577 2575 2592 2635 2671 2692 2733 2775 2789 2788 2797 2807 2802 2828 2841 2837 2839 2863 2857 2816 2770 2758 2757 2773 2768 2749 2731 2722 2717 2723 2727 2729 2761 2802 2838 2850 2838 2823 2807 2805 2803 2815 2814 2822 2822 2826 2825 2820 2827 2824 2846 2854 2856 2853 2853 2864 2863 2860 2865 2876 2888 2890 2879 2853 2816 2788 2778 2800 2798 2770 2727 2695 2706 2751 2786 2798 2786 2763 2739 2714
2613 2600 2573 2558 2564 2597 2627 2660 2715 2741 2755 2759 2776 2800 2812 2820 2831 2819 2833 2866 2867 2833 2801 2758 2748 2739 2728 2710 2687 2668 2664 2673 2678 2694 2729 2779 2824 2821 2826 2809 2800 2790 2791 2790 2794 2806 2808 2809 2805 2802 2805 2814 2831 2846 2852 2856 2857 2870 2874 2867 2865 2867 2875 2888 2860 2816 2774 2736 2740 2753 2760 2744 2722 2698 2693 2713 2745 2748 2748 2735 2706 2695
2616 2609 2585 2554 2550 2565 2601 2641 2689 2695 2677 2681 2718 2748 2763 2787 2794 2801 2820 2858 2868 2852 2816 2790 2744 2734 2702 2660 2640 2620 2611 2613 2627 2647 2692 2762 2802 2811 2793 2790 2777 2766 2762 2760 2767 2781 2786 2785 2778 2768 2772 2787 2811 2832 2845 2843 2854 2866 2877 2875 2863 2859 2867 2871 2851 2809 2771 2745 2734 2735 2728 2721 2720 2713 2696 2693 2695 2705 2706 2700 2699 2676
2612 2611 2586 2554 2538 2552 2586 2628 2664 2650 2616 2619 2648 2670 2681 2707 2725 2739 2778 2824 2852 2834 2815 2767 2728 2705 2663 2619 2608 2598 2591 2579 2585 2608 2663 2746 2799 2781 2770 2769 2767 2755 2732 2726 2729 2753 2752 2761 2757 2739 2744 2766 2795 2819 2823 2824 2831 2854 2866 2877 2874 2873 2875 2880 2860 2837 2815 2797 2790 2777 2760 2738 2733 2731 2719 2693 2681 2674 2669 2672 2667 2663
2608 2609 2594 2566 2550 2565 2597 2626 2659 2630 2597 2577 2599 2601 2597 2624 2642 2673 2719 2786 2831 2816 2780 2739 2694 2677 2643 2601 2582 2588 2576 2566 2560 2592 2652 2738 2780 2750 2722 2746 2755 2736 2701 2674 2682 2701 2707 2714 2716 2712 2724 2754 2786 2798 2798 2787 2795 2824 2854 2864 2869 2870 2876 2878 2874 2869 2861 2849 2839 2827 2813 2792 2778 2783 2773 2744 2713 2688 2669 2665 2656 2638
2592 2600 2600 2589 2577 2571 2586 2614 2634 2616 2565 2560 2567 2566 2572 2592 2623 2655 2707 2775 2819 2797 2754 2703 2660 2647 2629 2592 2572 2572 2571 2560 2558 2579 2642 2721 2757 2719 2675 2699 2720 2698 2664 2631 2626 2655 2657 2667 2682 2699 2731 2761 2772 2779 2773 2761 2770 2805 2841 2865 2864 2866 2862 2862 2869 2875 2875 2872 2868 2858 2850 2833 2828 2833 2825 2800 2768 2743 2728 2716 2701 2670
2555 2565 2577 2585 2572 2550 2542 2570 2598 2573 2549 2540 2563 2578 2603 2641 2672 2715 2744 2786 2824 2791 2734 2685 2630 2621 2610 2584 2566 2558 2566 2561 2553 2572 2619 2690 2735 2705 2655 2649 2664 2657 2638 2600 2598 2614 2623 2624 2644 2683 2713 2734 2734 2733 2738 2735 2737 2777 2817 2846 2862 2858 2845 2849 2856 2865 2870 2874 2874 2869 2863 2855 2850 2855 2852 2836 2818 2798 2788 2783 2768 2739
2527 2515 2527 2547 2548 2521 2514 2537 2567 2559 2528 2539 2551 2570 2614 2655 2703 2735 2740 2759 2790 2758 2694 2634 2602 2584 2586 2574 2558 2560 2555 2559 2559 2561 2593 2655 2715 2702 2649 2628 2616 2621 2612 2595 2580 2596 2595 2596 2620 2657 2676 2687 2686 2686 2698 2697 2703 2729 2775 2810 2841 2832 2819 2814 2830 2844 2855 2868 2871 2869 2866 2863 2862 2864 2862 2858 2849 2839 2834 2831 2818 2803
2524 2500 2503 2523 2533 2519 2508 2524 2548 2546 2531 2532 2541 2548 2572 2609 2656 2679 2680 2712 2757 2730 2663 2606 2563 2555 2551 2552 2557 2558 2566 2576 2589 2592 2618 2671 2709 2712 2661 2621 2608 2601 2618 2604 2603 2604 2599 2602 2627 2645 2650 2656 2667 2669 2683 2689 2696 2724 2753 2796 2823 2820 2793 2792 2801 2821 2844 2863 2873 2871 2872 2873 2871 2873 2872 2869 2867 2863 2860 2857 2852 2845
2548 2523 2514 2528 2529 2526 2519 2509 2531 2537 2523 2519 2530 2523 2527 2552 2583 2605 2615 2674 2741 2737 2659 2602 2564 2547 2550 2561 2574 2588 2597 2614 2631 2648 2676 2709 2737 2726 2706 2663 2630 2629 2637 2645 2645 2646 2646 2650 2661 2671 2669 2694 2708 2715 2726 2740 2755 2774 2801 2824 2847 2842 2831 2824 2829 2843 2858 2872 2875 2875 2875 2875 2875 2876 2877 2876 2876 2874 2872 2871 2869 2866
2551 2531 2523 2523 2522 2519 2509 2495 2496 2511 2500 2496 2496 2492 2496 2513 2543 2557 2588 2659 2729 2728 2662 2600 2565 2552 2570 2582 2597 2610 2625 2638 2661 2678 2699 2716 2724 2735 2721 2699 2672 2665 2679 2689 2696 2700 2707 2712 2721 2727 2738 2755 2773 2783 2792 2802 2813 2826 2840 2852 2861 2863 2862 2862 2856 2859 2871 2875 2871 2874 2874 2874 2874 2874 2875 2875 2876 2877 2877 2877 2877 2875
2526 2509 2502 2501 2494 2493 2484 2464 2466 2481 2485 2478 2476 2474 2485 2505 2536 2562 2601 2663 2736 2741 2685 2625 2581 2567 2568 2583 2585 2603 2616 2627 2641 2657 2674 2688 2707 2717 2713 2686 2672 2681 2693 2705 2714 2721 2731 2742 2754 2759 2764 2781 2791 2810 2826 2831 2836 2842 2850 2860 2864 2866 2867 2863 2856 2856 2864 2870 2861 2864 2869 2869 2869 2870 2869 2870 2870 2873 2874 2877 2878 2877
2501 2479 2464 2469 2465 2469 2466 2454 2454 2467 2482 2480 2480 2486 2496 2532 2567 2610 2649 2705 2745 2767 2712 2654 2602 2562 2555 2550 2553 2564 2580 2588 2603 2613 2632 2656 2691 2706 2691 2670 2662 2673 2690 2702 2711 2720 2740 2758 2774 2780 2792 2801 2813 2827 2828 2823 2823 2823 2833 2844 2862 2864 2865 2866 2864 2862 2872 2866 2855 2853 2858 2860 2862 2864 2864 2861 2861 2858 2862 2868 2868 2874
