Data/tmax/PRISM_tmax_pr_1963-1995_normal_450mM1_12_asc.asc
ncols 557
nrows 164
xllcorner -67.31875000000
yllcorner 17.86875000000
cellsize 0.00416666667
NODATA_value -9999
[rows 108 to 143 of 164, columns 0 to 81 of 557]
-9999 -9999 -9999 -9999 -9999 -9999 -9999 -9999 -9999 -9999 -9999 -9999 -9999 -9999 -9999 -9999 -9999 -9999 -9999 -9999 -9999 -9999 -9999 -9999 -9999 -9999 -9999 3073 3073 3071 3070 3068 3063 3060 3061 3062 3064 3073 3085 3094 3097 3099 3101 3101 3100 3100 3099 3097 3096 3094 3094 3094 3096 3099 3103 3105 3106 3106 3105 3104 3102 3100 3098 3094 3088 3086 3080 3081 3070 3051 3034 3023 3017 3017 3012 3016 3017 3011 2992 2989 2989 3010
-9999 -9999 -9999 -9999 -9999 -9999 -9999 -9999 -9999 -9999 -9999 -9999 -9999 -9999 -9999 -9999 -9999 -9999 -9999 -9999 -9999 -9999 -9999 -9999 -9999 -9999 3075 3074 3072 3071 3068 3063 3060 3058 3059 3059 3065 3077 3089 3095 3097 3098 3098 3099 3099 3098 3098 3098 3097 3097 3097 3098 3102 3106 3110 3112 3112 3110 3108 3106 3104 3099 3091 3078 3074 3081 3085 3079 3071 3060 3043 3037 3034 3024 3018 3022 3029 3009 2997 2989 3003 3016
-9999 -9999 -9999 -9999 -9999 -9999 -9999 -9999 -9999 -9999 -9999 -9999 -9999 -9999 -9999 -9999 -9999 -9999 -9999 -9999 -9999 -9999 -9999 -9999 -9999 -9999 -9999 3072 3070 3069 3066 3062 3059 3060 3059 3058 3064 3078 3089 3094 3095 3095 3095 3094 3094 3094 3095 3097 3098 3098 3099 3100 3103 3107 3114 3115 3112 3110 3109 3106 3101 3093 3078 3063 3059 3070 3083 3080 3074 3065 3059 3051 3038 3026 3022 3033 3032 3020 3008 3012 3013 3028
-9999 -9999 -9999 -9999 -9999 -9999 -9999 -9999 -9999 -9999 -9999 -9999 -9999 -9999 -9999 -9999 -9999 -9999 -9999 -9999 -9999 -9999 -9999 -9999 -9999 -9999 3072 3071 3069 3068 3065 3060 3059 3058 3057 3058 3063 3078 3088 3091 3093 3092 3091 3091 3091 3090 3089 3091 3095 3094 3093 3091 3082 3089 3100 3102 3098 3094 3098 3101 3097 3093 3081 3070 3064 3072 3079 3081 3077 3073 3067 3057 3045 3033 3034 3044 3039 3033 3033 3030 3031 3038
-9999 -9999 -9999 -9999 -9999 -9999 -9999 -9999 -9999 -9999 -9999 -9999 -9999 -9999 -9999 -9999 -9999 -9999 -9999 -9999 -9999 -9999 -9999 -9999 -9999 3072 3072 3070 3068 3067 3063 3060 3058 3059 3058 3061 3069 3079 3087 3090 3090 3087 3087 3088 3087 3078 3070 3064 3072 3066 3070 3063 3044 3040 3052 3061 3054 3057 3070 3081 3080 3082 3082 3066 3064 3061 3069 3074 3078 3075 3073 3069 3059 3054 3053 3053 3046 3045 3051 3047 3045 3045
-9999 -9999 -9999 -9999 -9999 -9999 -9999 -9999 -9999 -9999 -9999 -9999 -9999 -9999 -9999 -9999 -9999 -9999 -9999 -9999 -9999 -9999 -9999 -9999 -9999 3072 3070 3069 3068 3066 3064 3064 3065 3066 3068 3070 3075 3081 3084 3086 3083 3080 3080 3078 3063 3055 3022 3018 3018 3025 3041 3041 3011 2991 3001 3005 3009 3018 3038 3047 3050 3063 3066 3059 3045 3041 3042 3047 3064 3065 3068 3068 3068 3066 3063 3058 3051 3054 3056 3055 3052 3050
-9999 -9999 -9999 -9999 -9999 -9999 -9999 -9999 -9999 -9999 -9999 -9999 -9999 -9999 -9999 -9999 -9999 -9999 -9999 -9999 -9999 -9999 -9999 -9999 -9999 -9999 3070 3070 3068 3067 3067 3068 3071 3072 3074 3075 3076 3075 3076 3076 3074 3072 3069 3054 3039 3016 3003 2986 2999 3009 3034 3034 3001 2983 2985 2993 2998 3008 3021 3022 3020 3040 3055 3047 3046 3036 3022 3024 3036 3042 3044 3048 3059 3061 3063 3059 3056 3057 3057 3056 3054 3053
-9999 -9999 -9999 -9999 -9999 -9999 -9999 -9999 -9999 -9999 -9999 -9999 -9999 -9999 -9999 -9999 -9999 -9999 -9999 -9999 -9999 -9999 -9999 -9999 -9999 -9999 -9999 3070 3069 3067 3067 3071 3071 3071 3070 3069 3067 3066 3065 3067 3064 3061 3051 3033 3010 3011 3001 3000 3001 3008 3023 3018 2995 2994 2999 3001 3000 3007 3015 3014 3011 3019 3031 3032 3035 3035 3028 3019 3027 3022 3017 3019 3033 3043 3045 3055 3055 3057 3054 3053 3047 3048
-9999 -9999 -9999 -9999 -9999 -9999 -9999 -9999 -9999 -9999 -9999 -9999 -9999 -9999 -9999 -9999 -9999 -9999 -9999 -9999 -9999 -9999 -9999 -9999 -9999 -9999 3070 3070 3068 3064 3064 3067 3067 3063 3059 3054 3053 3052 3057 3058 3055 3049 3037 3019 3009 3013 3016 3011 3005 3010 3020 3010 3012 3011 3015 3010 3006 3009 3016 3014 3014 3019 3022 3025 3030 3026 3020 3016 3016 3007 3001 3003 3008 3014 3013 3024 3043 3048 3045 3037 3029 3032
-9999 -9999 -9999 -9999 -9999 -9999 -9999 -9999 -9999 -9999 -9999 -9999 -9999 -9999 -9999 -9999 -9999 -9999 -9999 -9999 -9999 -9999 -9999 -9999 -9999 3070 3070 3069 3065 3060 3059 3062 3061 3057 3050 3048 3043 3043 3041 3048 3046 3041 3033 3025 3021 3021 3021 3015 3007 3016 3021 3022 3018 3018 3014 3011 3019 3020 3024 3027 3025 3029 3033 3034 3030 3029 3026 3019 3012 3005 3001 2992 2999 2986 2984 2993 3015 3030 3028 3017 3009 3020
-9999 -9999 -9999 -9999 -9999 -9999 -9999 -9999 -9999 -9999 -9999 -9999 -9999 -9999 -9999 -9999 -9999 -9999 -9999 -9999 -9999 -9999 -9999 -9999 -9999 3070 3070 3067 3062 3057 3056 3056 3055 3052 3048 3044 3044 3036 3038 3038 3038 3035 3029 3025 3024 3025 3023 3018 3017 3018 3028 3022 3024 3017 3012 3019 3024 3030 3032 3032 3039 3040 3040 3038 3037 3036 3038 3036 3033 3028 3017 3016 3001 2995 2981 2983 3000 3003 3005 3003 3008 3022
-9999 -9999 -9999 -9999 -9999 -9999 -9999 -9999 -9999 -9999 -9999 -9999 -9999 -9999 -9999 -9999 -9999 -9999 -9999 -9999 -9999 -9999 -9999 -9999 -9999 3070 3070 3068 3064 3061 3057 3057 3054 3050 3043 3043 3043 3042 3042 3046 3045 3038 3033 3029 3029 3028 3031 3027 3023 3027 3024 3027 3028 3021 3023 3024 3033 3032 3034 3037 3040 3044 3042 3042 3041 3047 3049 3047 3049 3046 3041 3033 3032 3023 3019 3012 3002 3009 3010 3018 3027 3039
-9999 -9999 -9999 -9999 -9999 -9999 -9999 -9999 -9999 -9999 -9999 -9999 -9999 -9999 -9999 -9999 -9999 -9999 -9999 -9999 -9999 -9999 -9999 -9999 -9999 -9999 3070 3068 3063 3060 3056 3052 3052 3047 3044 3042 3044 3047 3049 3052 3051 3048 3043 3039 3035 3034 3033 3033 3031 3030 3031 3028 3030 3024 3025 3029 3031 3034 3034 3036 3041 3044 3043 3042 3046 3051 3053 3054 3054 3055 3052 3054 3052 3047 3044 3032 3031 3024 3034 3039 3049 3054
-9999 -9999 -9999 -9999 -9999 -9999 -9999 -9999 -9999 -9999 -9999 -9999 -9999 -9999 -9999 -9999 -9999 -9999 -9999 -9999 -9999 -9999 -9999 -9999 -9999 3070 3069 3064 3062 3056 3054 3051 3049 3048 3047 3048 3050 3051 3056 3054 3054 3051 3050 3045 3041 3038 3039 3035 3037 3038 3035 3034 3029 3023 3026 3028 3030 3034 3034 3037 3041 3045 3046 3046 3049 3053 3056 3054 3054 3058 3061 3063 3059 3056 3052 3044 3038 3043 3047 3049 3053 3062
-9999 -9999 -9999 -9999 -9999 -9999 -9999 -9999 -9999 -9999 -9999 -9999 -9999 -9999 -9999 -9999 -9999 -9999 -9999 -9999 -9999 -9999 -9999 -9999 3070 3070 3067 3066 3060 3060 3056 3054 3053 3051 3054 3055 3055 3057 3057 3056 3053 3054 3053 3051 3048 3044 3044 3041 3041 3043 3043 3040 3036 3029 3032 3032 3032 3035 3038 3039 3043 3046 3047 3049 3050 3054 3055 3056 3057 3061 3065 3064 3065 3062 3053 3046 3041 3046 3052 3056 3060 3065
-9999 -9999 -9999 -9999 -9999 -9999 -9999 -9999 -9999 -9999 -9999 -9999 -9999 -9999 -9999 -9999 -9999 -9999 -9999 -9999 -9999 -9999 -9999 3070 3070 3069 3068 3066 3066 3063 3062 3060 3058 3058 3059 3058 3059 3059 3061 3059 3059 3058 3058 3055 3053 3050 3048 3046 3046 3047 3046 3044 3041 3039 3040 3038 3037 3040 3041 3042 3045 3047 3048 3050 3052 3053 3055 3056 3059 3062 3064 3065 3066 3065 3061 3049 3051 3052 3057 3059 3061 3065
-9999 -9999 -9999 -9999 -9999 -9999 -9999 -9999 -9999 -9999 -9999 -9999 -9999 -9999 -9999 -9999 -9999 -9999 -9999 -9999 -9999 -9999 -9999 -9999 3070 3069 3068 3069 3068 3067 3066 3065 3064 3062 3063 3062 3061 3063 3063 3063 3060 3060 3058 3056 3056 3054 3052 3051 3050 3049 3048 3046 3044 3043 3043 3043 3042 3043 3043 3044 3046 3047 3049 3050 3052 3054 3055 3058 3060 3063 3064 3066 3068 3068 3065 3064 3063 3065 3066 3065 3065 3068
-9999 -9999 -9999 -9999 -9999 -9999 -9999 -9999 -9999 -9999 -9999 -9999 -9999 -9999 -9999 -9999 -9999 -9999 -9999 -9999 -9999 -9999 -9999 -9999 -9999 3067 3068 3069 3069 3069 3068 3067 3066 3065 3064 3064 3065 3065 3064 3061 3058 3056 3057 3056 3058 3056 3055 3054 3052 3051 3049 3048 3046 3046 3046 3046 3045 3045 3045 3046 3048 3049 3050 3051 3053 3055 3056 3058 3060 3062 3064 3067 3069 3070 3071 3070 3071 3071 3071 3070 3069 3069
-9999 -9999 -9999 -9999 -9999 -9999 -9999 -9999 -9999 -9999 -9999 -9999 -9999 -9999 -9999 -9999 -9999 -9999 -9999 -9999 -9999 -9999 -9999 -9999 -9999 -9999 3068 3070 3069 3069 3069 3068 3067 3065 3065 3064 3065 3065 3064 3061 3057 3058 3058 3058 3059 3058 3057 3055 3054 3051 3050 3049 3049 3048 3048 3048 3047 3047 3047 3048 3050 3051 3052 3054 3055 3056 3057 3059 3060 3062 3063 3066 3068 3070 3072 3073 3073 3073 3073 3072 3070 3070
-9999 -9999 -9999 -9999 -9999 -9999 -9999 -9999 -9999 -9999 -9999 -9999 -9999 -9999 -9999 -9999 -9999 -9999 -9999 -9999 -9999 -9999 -9999 -9999 -9999 -9999 -9999 -9999 -9999 -9999 3069 3068 3067 3065 3063 3063 3064 3065 3065 3062 3061 3062 3062 3061 3060 3060 3057 3056 3054 3052 3050 3051 3050 3050 3050 3050 3050 3050 3050 3051 3052 3054 3055 3056 3057 3058 3059 3060 3061 3062 3063 3065 3067 3069 3072 3073 3074 3074 3073 3072 3071 3071
-9999 -9999 -9999 -9999 -9999 -9999 -9999 -9999 -9999 -9999 -9999 -9999 -9999 -9999 -9999 -9999 -9999 -9999 -9999 -9999 -9999 -9999 -9999 -9999 -9999 -9999 -9999 -9999 -9999 -9999 3069 3068 3067 3066 3064 3063 3063 3065 3063 3062 3061 3062 3062 3060 3060 3057 3056 3054 3053 3051 3052 3051 3052 3052 3051 3051 3051 3052 3053 3053 3055 3056 3057 3058 3059 3060 3061 3062 3062 3063 3064 3065 3066 3069 3071 3073 3074 3074 3073 3073 3072 3071
-9999 -9999 -9999 -9999 -9999 -9999 -9999 -9999 -9999 -9999 -9999 -9999 -9999 -9999 -9999 -9999 -9999 -9999 -9999 -9999 -9999 -9999 -9999 -9999 -9999 -9999 -9999 3070 3069 3069 3069 3068 3068 3066 3065 3064 3065 3063 3062 3060 3061 3061 3061 3059 3056 3055 3051 3047 3046 3044 3045 3049 3050 3050 3047 3046 3047 3046 3053 3054 3055 3057 3058 3060 3061 3062 3063 3063 3064 3064 3064 3065 3066 3068 3070 3071 3072 3073 3073 3072 3071 3070
-9999 -9999 -9999 -9999 -9999 -9999 -9999 -9999 -9999 -9999 -9999 -9999 -9999 -9999 -9999 -9999 -9999 -9999 -9999 -9999 -9999 -9999 -9999 -9999 -9999 -9999 3070 3070 3069 3069 3068 3067 3066 3066 3066 3065 3065 3064 3061 3060 3060 3061 3059 3055 3052 3047 3036 3025 3022 3015 3017 3029 3037 3036 3029 3028 3031 3033 3043 3051 3053 3052 3053 3057 3060 3061 3063 3064 3065 3065 3065 3065 3066 3067 3068 3070 3071 3072 3072 3072 3070 3069
-9999 -9999 -9999 -9999 -9999 -9999 -9999 -9999 -9999 -9999 -9999 -9999 -9999 -9999 -9999 -9999 -9999 -9999 -9999 -9999 -9999 -9999 -9999 -9999 -9999 3069 3069 3068 3067 3062 3060 3059 3055 3057 3062 3063 3062 3060 3059 3059 3058 3058 3055 3049 3044 3033 3014 2991 2974 2962 2971 2987 3001 3003 3000 3003 3006 3013 3033 3044 3045 3043 3042 3047 3054 3058 3060 3062 3064 3065 3065 3066 3063 3066 3068 3069 3069 3070 3070 3070 3069 3069
-9999 -9999 -9999 -9999 -9999 -9999 -9999 -9999 -9999 -9999 -9999 -9999 -9999 -9999 -9999 -9999 -9999 -9999 -9999 -9999 -9999 -9999 -9999 -9999 3069 3069 3063 3061 3052 3045 3039 3037 3038 3041 3047 3051 3053 3054 3054 3055 3056 3053 3047 3036 3026 3016 2993 2967 2946 2932 2934 2954 2965 2977 2978 2982 2994 3005 3025 3039 3041 3037 3036 3040 3044 3051 3054 3054 3051 3058 3063 3060 3059 3059 3060 3063 3066 3066 3066 3067 3067 3067
-9999 -9999 -9999 -9999 -9999 -9999 -9999 -9999 -9999 -9999 -9999 -9999 -9999 -9999 -9999 -9999 -9999 -9999 -9999 -9999 -9999 -9999 -9999 3070 3069 3061 3055 3045 3043 3031 3030 3034 3035 3037 3041 3041 3045 3047 3050 3053 3051 3044 3026 3012 3005 2990 2980 2964 2949 2937 2945 2958 2972 2985 2992 2997 2997 3015 3028 3029 3032 3033 3033 3033 3037 3041 3042 3037 3034 3038 3051 3054 3050 3047 3038 3048 3047 3048 3055 3059 3057 3058
-9999 -9999 -9999 -9999 -9999 -9999 -9999 -9999 -9999 -9999 -9999 -9999 -9999 -9999 -9999 -9999 -9999 -9999 -9999 -9999 -9999 -9999 3070 3070 3067 3062 3050 3048 3043 3041 3038 3042 3046 3046 3046 3045 3046 3047 3046 3047 3042 3022 3004 3000 2995 2985 2973 2968 2960 2955 2965 2985 3002 3017 3016 3009 3008 3014 3023 3018 3014 3021 3019 3028 3030 3037 3040 3036 3031 3037 3044 3046 3040 3030 3019 3023 3029 3027 3034 3042 3042 3037
-9999 -9999 -9999 -9999 -9999 -9999 -9999 -9999 -9999 -9999 -9999 -9999 -9999 -9999 -9999 -9999 -9999 -9999 -9999 -9999 -9999 -9999 3070 3070 3068 3063 3057 3053 3053 3049 3050 3051 3054 3054 3054 3053 3053 3048 3044 3042 3034 3021 3005 3006 3008 2991 2981 2983 2985 2986 2996 3013 3027 3029 3021 3020 3014 3026 3032 3026 3020 3012 3012 3012 3027 3034 3042 3047 3045 3049 3056 3051 3044 3030 3022 3034 3038 3039 3042 3044 3040 3040
-9999 -9999 -9999 -9999 -9999 -9999 -9999 -9999 -9999 -9999 -9999 -9999 -9999 -9999 -9999 -9999 -9999 -9999 -9999 -9999 -9999 -9999 3070 3069 3068 3065 3062 3060 3059 3057 3057 3058 3059 3060 3059 3058 3056 3052 3046 3040 3034 3026 3022 3026 3028 3018 3012 3016 3020 3021 3025 3035 3039 3025 3024 3030 3036 3044 3052 3050 3044 3039 3026 3030 3030 3041 3040 3047 3044 3055 3065 3064 3057 3055 3047 3054 3058 3057 3053 3052 3051 3051
-9999 -9999 -9999 -9999 -9999 -9999 -9999 -9999 -9999 -9999 -9999 -9999 -9999 -9999 -9999 -9999 -9999 -9999 -9999 -9999 -9999 -9999 3070 3070 3069 3068 3065 3064 3061 3060 3060 3061 3063 3064 3063 3062 3059 3055 3049 3042 3037 3033 3032 3036 3039 3039 3035 3038 3040 3039 3043 3048 3039 3027 3027 3047 3057 3061 3065 3066 3066 3064 3059 3053 3055 3047 3048 3042 3044 3049 3065 3062 3069 3068 3067 3066 3067 3066 3063 3062 3062 3060
-9999 -9999 -9999 -9999 -9999 -9999 -9999 -9999 -9999 -9999 -9999 -9999 -9999 -9999 -9999 -9999 -9999 -9999 -9999 -9999 -9999 -9999 3070 3070 3070 3069 3067 3064 3062 3061 3061 3063 3065 3066 3066 3064 3060 3056 3053 3048 3041 3037 3037 3044 3047 3046 3047 3049 3049 3048 3050 3051 3039 3032 3043 3060 3067 3069 3071 3073 3073 3073 3072 3071 3069 3069 3063 3065 3055 3061 3059 3062 3063 3068 3069 3071 3071 3070 3069 3068 3067 3066
-9999 -9999 -9999 -9999 -9999 -9999 -9999 -9999 -9999 -9999 -9999 -9999 -9999 -9999 -9999 -9999 -9999 -9999 -9999 -9999 -9999 -9999 3070 3070 3070 3069 3067 3065 3063 3063 3064 3066 3067 3068 3068 3067 3064 3062 3058 3053 3044 3036 3039 3048 3051 3050 3052 3056 3053 3051 3056 3052 3044 3040 3058 3067 3070 3071 3073 3074 3074 3074 3074 3074 3074 3074 3073 3074 3071 3070 3071 3064 3069 3067 3064 3067 3072 3072 3072 3071 3069 3066
-9999 -9999 -9999 -9999 -9999 -9999 -9999 -9999 -9999 -9999 -9999 -9999 -9999 -9999 -9999 -9999 -9999 -9999 -9999 -9999 -9999 -9999 3070 3070 3070 3069 3068 3066 3065 3066 3067 3069 3069 3070 3070 3069 3069 3067 3064 3057 3050 3043 3047 3054 3055 3053 3057 3057 3054 3054 3058 3061 3051 3056 3065 3071 3073 3071 3074 3074 3074 3074 3074 3074 3074 3074 3074 3074 3074 3073 3073 3073 3073 3066 3064 3066 3069 3071 3071 3071 3070 3065
-9999 -9999 -9999 -9999 -9999 -9999 -9999 -9999 -9999 -9999 -9999 -9999 -9999 -9999 -9999 -9999 -9999 -9999 -9999 -9999 -9999 -9999 3070 3070 3070 3069 3069 3067 3066 3067 3068 3069 3070 3070 3070 3070 3070 3070 3067 3062 3056 3054 3056 3061 3061 3061 3063 3064 3060 3061 3065 3067 3065 3066 3072 3073 3072 3072 3072 3073 3073 -9999 -9999 -9999 -9999 3074 3074 3073 3073 3073 3072 3072 3072 3072 3069 3069 3071 3070 3069 3070 3069 3059
-9999 -9999 -9999 -9999 -9999 -9999 -9999 -9999 -9999 -9999 -9999 -9999 -9999 -9999 -9999 -9999 -9999 -9999 -9999 -9999 -9999 -9999 -9999 3070 3069 3069 3068 3066 3065 3065 3068 3068 3070 3070 3071 3071 3071 3071 3069 3066 3064 3063 3065 3067 3067 3066 3068 3067 3068 3069 3070 3071 3071 3072 3073 3072 3072 3071 3073 3073 -9999 -9999 -9999 -9999 -9999 -9999 -9999 -9999 -9999 -9999 -9999 -9999 -9999 3071 3071 3071 3071 -9999 3067 3067 3062 3054
-9999 -9999 -9999 -9999 -9999 -9999 -9999 -9999 -9999 -9999 -9999 -9999 -9999 -9999 -9999 -9999 -9999 -9999 -9999 -9999 -9999 -9999 -9999 -9999 3067 3066 3066 3065 3067 3069 3070 3071 3070 -9999 -9999 3071 3071 3072 3071 3070 3071 3070 3071 3071 3071 3071 3071 3071 3072 3072 3071 3072 3072 3072 3072 3072 3071 3072 3073 -9999 -9999 -9999 -9999 -9999 -9999 -9999 -9999 -9999 -9999 -9999 -9999 -9999 -9999 -9999 3071 3071 -9999 -9999 3066 3067 3065 3058
