Data/tmax/PRISM_tmax_pr_1963-1995_normal_450mM1_04_asc.asc
ncols 557
nrows 164
xllcorner -67.31875000000
yllcorner 17.86875000000
cellsize 0.00416666667
NODATA_value -9999
[rows 108 to 143 of 164, columns 82 to 163 of 557]
3134 3127 3117 3104 3088 3100 3099 3069 3081 3095 3067 3022 2974 2954 2974 3007 3026 2982 2973 2989 2981 2989 2998 3015 3042 3061 3057 3052 3036 3021 3007 2977 2960 2961 2949 2919 2890 2852 2834 2813 2784 2793 2864 2915 2918 2878 2815 2768 2720 2680 2656 2666 2656 2629 2629 2627 2647 2693 2706 2668 2636 2615 2613 2669 2755 2813 2834 2835 2841 2817 2763 2713 2726 2777 2800 2812 2781 2736 2757 2816 2836 2783
3143 3134 3127 3109 3094 3112 3121 3114 3115 3109 3081 3033 3006 2993 2993 3027 3034 2998 2978 2995 2986 3001 3025 3031 3040 3045 3060 3050 3032 3018 2986 2976 2968 2959 2963 2957 2953 2951 2924 2892 2843 2847 2899 2951 2919 2852 2799 2762 2714 2667 2652 2677 2705 2709 2710 2708 2713 2770 2784 2745 2715 2691 2674 2702 2764 2822 2871 2901 2895 2869 2816 2771 2773 2825 2846 2843 2825 2774 2775 2822 2862 2828
3153 3143 3134 3120 3109 3119 3132 3129 3129 3108 3070 3041 3014 3002 3007 3027 3052 3011 2996 3006 2985 2994 3013 3017 3010 3021 3032 3027 2990 2958 2955 2960 2979 2962 2959 2962 2975 2990 2992 2969 2925 2901 2946 2977 2949 2886 2859 2829 2772 2709 2684 2702 2735 2757 2772 2771 2773 2810 2850 2826 2795 2769 2742 2765 2808 2838 2884 2934 2945 2911 2861 2803 2813 2850 2865 2862 2858 2830 2799 2829 2870 2848
3159 3152 3145 3141 3132 3135 3139 3137 3124 3101 3070 3047 3028 3017 3002 3020 3047 3025 3020 3013 2979 2981 2997 3001 3007 3017 3043 3033 2989 2954 2939 2973 2980 2968 2951 2954 2967 2998 3020 3018 3001 2978 2996 3019 2987 2947 2927 2893 2831 2788 2769 2762 2784 2799 2799 2813 2817 2857 2882 2900 2871 2829 2797 2821 2853 2864 2888 2944 2965 2948 2900 2858 2853 2885 2891 2876 2889 2880 2847 2838 2873 2866
3167 3161 3157 3156 3151 3146 3146 3140 3133 3108 3084 3068 3059 3041 3013 3019 3042 3038 3030 3028 2992 2995 3002 3014 3020 3037 3056 3054 3024 2986 2975 2984 3011 2983 2974 2965 2963 2989 3018 3036 3037 3027 3032 3050 3025 2994 2985 2950 2892 2862 2852 2842 2844 2823 2808 2811 2843 2880 2932 2940 2932 2880 2853 2870 2908 2912 2919 2963 2976 2957 2928 2901 2910 2926 2917 2895 2911 2922 2884 2854 2877 2891
3171 3168 3165 3162 3158 3151 3151 3146 3140 3128 3109 3086 3070 3055 3030 3025 3047 3037 3033 3038 3027 3025 3024 3028 3041 3046 3058 3063 3049 3024 3003 3011 3009 2994 2962 2952 2962 2976 2984 3009 3029 3033 3047 3052 3042 3029 3024 2999 2958 2930 2924 2904 2895 2859 2819 2811 2866 2930 2972 3004 2974 2942 2917 2932 2954 2970 2973 2988 2978 2947 2935 2933 2948 2956 2945 2916 2921 2944 2923 2881 2888 2923
3171 3171 3168 3164 3161 3159 3154 3153 3148 3137 3114 3086 3065 3051 3046 3042 3060 3047 3040 3044 3052 3059 3046 3040 3043 3044 3033 3040 3064 3059 3036 3028 3011 2962 2941 2946 2976 2966 2954 2965 3001 3019 3040 3053 3053 3045 3045 3030 3006 2992 2980 2961 2948 2921 2888 2890 2922 2990 3027 3038 3023 2987 2985 2984 2993 2999 3009 3006 2970 2951 2949 2956 2975 2980 2972 2952 2942 2957 2951 2915 2908 2940
3168 3164 3162 3161 3157 3155 3152 3146 3143 3140 3122 3097 3074 3070 3062 3063 3069 3059 3044 3056 3057 3074 3064 3056 3046 3031 3010 3019 3054 3070 3046 3035 3015 2974 2950 2979 2995 2969 2938 2949 2976 3007 3024 3039 3046 3055 3057 3047 3033 3030 3022 3006 2996 2986 2984 2978 3008 3038 3062 3071 3052 3040 3028 3030 3026 3027 3024 3014 2984 2967 2972 2982 2986 2991 2992 2977 2961 2961 2971 2948 2929 2953
3149 3144 3142 3141 3137 3137 3129 3119 3119 3125 3118 3107 3094 3081 3082 3080 3074 3072 3064 3064 3073 3081 3079 3066 3063 3054 3038 3040 3075 3072 3059 3059 3040 3013 3006 3015 3014 2983 2964 2973 2992 3008 3026 3023 3034 3049 3059 3056 3045 3044 3042 3027 3023 3027 3034 3037 3048 3067 3078 3078 3079 3069 3058 3057 3052 3043 3041 3028 3005 2985 2986 2986 3000 3003 3000 2996 2967 2957 2968 2955 2930 2948
3138 3135 3132 3125 3122 3120 3111 3101 3103 3106 3108 3101 3093 3078 3071 3083 3091 3083 3076 3087 3084 3094 3085 3079 3078 3081 3077 3076 3088 3091 3075 3074 3061 3040 3038 3049 3037 3021 3021 3019 3026 3040 3049 3043 3042 3052 3061 3055 3046 3048 3046 3035 3029 3036 3049 3052 3054 3068 3071 3075 3080 3081 3071 3066 3063 3052 3045 3037 3008 2986 2966 2983 2998 3009 3008 2998 2987 2962 2975 2970 2943 2946
3142 3146 3143 3138 3121 3130 3119 3111 3114 3117 3102 3098 3084 3063 3057 3073 3083 3091 3086 3078 3087 3094 3090 3083 3088 3091 3089 3091 3094 3092 3093 3081 3059 3048 3053 3051 3050 3051 3055 3051 3048 3061 3071 3066 3058 3062 3065 3058 3054 3056 3051 3033 3018 3027 3042 3051 3043 3054 3056 3059 3076 3092 3084 3077 3068 3053 3050 3030 3001 2961 2956 2969 2997 3013 3007 3002 2998 2976 2983 2994 2973 2964
3148 3150 3152 3141 3140 3134 3134 3124 3130 3128 3114 3091 3066 3057 3051 3051 3070 3079 3083 3071 3073 3087 3094 3092 3092 3096 3096 3093 3094 3098 3095 3091 3080 3062 3048 3043 3033 3049 3065 3064 3068 3068 3070 3059 3050 3045 3048 3051 3053 3062 3045 3006 2992 2990 3018 3032 3031 3021 3022 3021 3050 3088 3091 3079 3057 3042 3026 3006 2976 2951 2948 2969 2991 3015 3013 3006 2998 2976 2985 3006 2991 2972
3156 3158 3159 3161 3153 3158 3146 3144 3142 3143 3125 3081 3064 3059 3056 3060 3052 3082 3095 3086 3080 3096 3098 3096 3099 3100 3100 3100 3097 3094 3092 3095 3081 3062 3045 3019 3012 3028 3053 3063 3074 3075 3068 3052 3029 3016 3010 3017 3032 3045 3030 2989 2958 2976 2997 3015 3005 3001 2987 2996 3027 3073 3082 3053 3025 2994 2977 2967 2955 2943 2946 2954 2967 2999 3020 3004 2993 2977 2991 3014 2997 2969
3158 3158 3159 3165 3166 3164 3163 3158 3160 3150 3123 3096 3076 3085 3088 3072 3074 3076 3089 3100 3097 3100 3098 3098 3101 3104 3103 3105 3103 3096 3083 3089 3078 3056 3045 3029 3017 3024 3043 3058 3073 3084 3083 3070 3036 2995 2981 2985 3003 3025 3030 2989 2984 2999 3019 3021 3000 2990 3002 3014 3044 3075 3059 3014 2969 2935 2923 2932 2952 2950 2947 2943 2951 2989 3009 3002 2986 2983 3007 3027 3007 2985
3156 3154 3153 3158 3162 3163 3164 3166 3163 3156 3139 3116 3112 3115 3111 3108 3094 3084 3093 3092 3105 3105 3099 3097 3104 3105 3106 3108 3107 3094 3090 3092 3086 3069 3062 3055 3042 3046 3063 3070 3079 3088 3094 3073 3028 2997 2985 2984 3002 3018 3030 3011 3005 3035 3057 3041 3018 3012 3031 3057 3066 3061 3020 2967 2924 2886 2885 2914 2952 2962 2952 2956 2956 2994 3025 3021 3012 3002 3018 3035 3027 3013
3154 3151 3150 3152 3156 3158 3159 3161 3163 3160 3154 3145 3136 3128 3123 3123 3120 3111 3099 3105 3099 3111 3095 3094 3103 3107 3107 3109 3110 3107 3100 3112 3105 3096 3091 3081 3064 3055 3064 3068 3067 3073 3088 3074 3034 3019 3015 3015 3021 3040 3050 3042 3037 3059 3055 3042 3019 3028 3056 3074 3065 3035 2982 2945 2912 2886 2882 2917 2958 2964 2953 2953 2959 2988 3028 3043 3031 3007 3011 3034 3045 3033
3154 3153 3151 3153 3155 3155 3156 3157 3157 3160 3159 3154 3148 3137 3131 3128 3128 3122 3119 3094 3099 3102 3093 3086 3094 3107 3107 3108 3112 3112 3116 3118 3115 3111 3103 3082 3057 3032 3027 3028 3029 3041 3077 3087 3067 3055 3043 3025 3038 3053 3072 3074 3075 3055 3047 3019 3012 3034 3070 3083 3067 3020 2984 2960 2943 2915 2916 2938 2970 2978 2960 2954 2960 2972 3009 3041 3039 3009 3012 3038 3042 3027
3152 3152 3151 3152 3152 3153 3154 3155 3156 3155 3157 3158 3154 3145 3134 3134 3127 3127 3108 3094 3084 3106 3100 3092 3100 3107 3108 3105 3108 3111 3114 3116 3117 3115 3103 3081 3048 3013 3004 3003 3004 3023 3068 3098 3094 3083 3056 3034 3040 3059 3076 3089 3077 3056 3029 3016 3012 3029 3069 3087 3069 3030 3008 2994 2975 2945 2936 2945 2970 2980 2976 2978 2966 2964 2984 3017 3032 3023 3022 3038 3043 3009
3152 3151 3151 3150 3151 3151 3152 3153 3153 3155 3157 3157 3153 3142 3134 3132 3137 3125 3117 3087 3091 3108 3113 3110 3110 3113 3107 3100 3093 3094 3101 3109 3115 3116 3101 3073 3051 3029 3014 3015 3025 3039 3077 3107 3110 3098 3080 3058 3064 3073 3086 3093 3075 3042 3027 3024 3010 3022 3053 3083 3074 3051 3019 3011 2971 2948 2932 2929 2935 2972 2984 2992 2997 2971 2976 3003 3028 3040 3041 3049 3051 3030
3152 3151 3151 3150 3150 3149 3150 3150 3152 3154 3156 3158 3157 3148 3144 3146 3142 3137 3120 3106 3100 3110 3119 3120 3119 3113 3102 3086 3068 3063 3078 3097 3110 3110 3091 3059 3049 3041 3042 3042 3046 3060 3086 3110 3113 3111 3098 3090 3085 3092 3096 3097 3078 3047 3038 3030 3021 3017 3049 3080 3084 3051 3036 3002 2984 2968 2965 2940 2938 2938 2969 2982 2986 2991 2980 2999 3031 3054 3062 3062 3071 3058
3151 3151 3151 3150 3150 3150 3150 3150 3151 3152 3154 3155 3157 3157 3154 3153 3151 3146 3140 3130 3122 3121 3121 3123 3119 3109 3092 3072 3057 3050 3071 3095 3112 3115 3088 3057 3051 3057 3062 3062 3066 3069 3092 3108 3116 3116 3114 3108 3107 3105 3107 3103 3081 3061 3050 3048 3039 3040 3065 3086 3083 3062 3027 3015 3002 3004 2994 2976 2938 2937 2948 2966 2986 2985 3001 2996 3028 3056 3072 3076 3078 3076
3150 3151 3151 3150 3150 3150 3150 3150 3150 3151 3151 3153 3154 3155 3155 3155 3153 3151 3149 3144 3141 3131 3129 3125 3111 3084 3072 3065 3061 3069 3084 3106 3116 3106 3078 3042 3039 3051 3063 3074 3077 3091 3102 3116 3118 3118 3118 3116 3113 3110 3110 3092 3071 3058 3051 3054 3059 3071 3083 3095 3085 3050 3029 3019 3018 3016 3010 2981 2956 2938 2952 2973 2986 3014 3012 3010 3021 3052 3066 3080 3081 3082
3149 3149 3149 3149 3149 3150 3150 3150 3150 3150 3151 3151 3151 3151 3149 3149 3153 3150 3144 3138 3140 3139 3134 3124 3097 3075 3057 3055 3057 3064 3082 3098 3112 3104 3075 3047 3046 3059 3074 3083 3096 3104 3117 3120 3119 3120 3119 3117 3114 3112 3102 3086 3071 3068 3072 3078 3087 3093 3100 3099 3090 3065 3040 3027 3022 3013 3000 2983 2959 2935 2943 2957 2977 3006 3028 3018 3020 3034 3058 3077 3084 3085
3149 3147 3146 3147 3147 3145 3145 3148 3150 3150 3150 3150 3149 3145 3140 3140 3144 3136 3129 3127 3133 3137 3134 3124 3104 3074 3065 3052 3036 3034 3048 3072 3104 3112 3092 3064 3062 3070 3086 3100 3107 3119 3122 3121 3121 3121 3118 3117 3114 3113 3109 3095 3091 3097 3098 3100 3103 3104 3102 3101 3096 3079 3045 3019 2995 2989 2974 2958 2938 2926 2926 2940 2960 2993 3024 3017 3014 3018 3043 3071 3085 3087
3146 3144 3141 3143 3140 3133 3130 3133 3140 3148 3148 3147 3147 3144 3138 3138 3136 3135 3131 3133 3141 3133 3128 3115 3088 3066 3055 3043 3027 3023 3034 3067 3100 3107 3079 3060 3053 3072 3092 3112 3121 3124 3124 3123 3123 3121 3118 3115 3114 3113 3112 3108 3107 3109 3107 3107 3106 3105 3104 3103 3102 3087 3063 3024 3006 2991 2988 2971 2951 2945 2953 2963 2975 3002 3027 3031 3032 3039 3054 3080 3089 3090
3136 3132 3138 3140 3132 3120 3108 3111 3116 3132 3141 3143 3145 3145 3142 3141 3142 3136 3141 3143 3136 3123 3108 3092 3075 3059 3051 3051 3038 3039 3052 3081 3111 3096 3071 3054 3065 3082 3107 3120 3125 3125 3125 3124 3124 3122 3118 3116 3115 3114 3113 3112 3112 3111 3110 3109 3108 3107 3106 3105 3105 3102 3086 3060 3028 3016 3008 2995 2982 2976 2985 2998 3005 3018 3032 3039 3048 3064 3077 3088 3092 3092
3119 3123 3130 3137 3133 3121 3111 3100 3104 3113 3118 3126 3137 3142 3142 3143 3142 3142 3143 3141 3128 3112 3098 3084 3071 3064 3063 3058 3063 3059 3072 3097 3108 3104 3084 3083 3089 3102 3114 3124 3126 3126 3125 3125 3124 3123 3121 3120 3119 3118 3117 3116 3115 3114 3113 3113 3112 3111 3110 3109 3108 3107 3101 3083 3058 3032 3016 3010 2994 2995 3006 3018 3034 3043 3048 3050 3066 3079 3087 3092 3093 3094
3123 3125 3135 3139 3135 3129 3120 3115 3106 3105 3104 3110 3124 3136 3140 3142 3142 3142 3141 3129 3109 3090 3085 3068 3054 3057 3056 3061 3072 3083 3079 3091 3102 3105 3106 3106 3117 3119 3125 3127 3127 3126 3126 3125 3124 3119 3122 3121 3120 3119 3118 3120 3120 3121 3116 3114 3112 3110 3109 3108 3106 3105 3104 3098 3082 3056 3031 3010 3014 3009 3016 3029 3037 3046 3059 3068 3079 3088 3092 3093 3093 3094
3133 3135 3137 3138 3136 3131 3124 3119 3116 3108 3112 3112 3119 3129 3142 3143 3142 3141 3138 3126 3102 3089 3071 3044 3031 3032 3038 3041 3057 3063 3052 3052 3056 3072 3076 3096 3114 3126 3127 3128 3128 3127 3125 3127 3120 3120 3120 3121 3118 3117 3121 3125 3130 3128 3123 3114 3109 3106 3103 3100 3098 3096 3095 3095 3092 3072 3046 3031 3028 3035 3027 3033 3037 3049 3067 3081 3089 3092 3092 3092 3092 3093
3141 3139 3137 3135 3132 3127 3118 3118 3105 3100 3099 3104 3100 3115 3132 3143 3143 3141 3134 3119 3100 3080 3055 3025 3009 3014 3017 3010 3021 3024 3015 3010 3020 3031 3047 3069 3104 3117 3130 3131 3131 3128 3131 3128 3129 3126 3128 3123 3116 3114 3119 3126 3127 3127 3119 3116 -9999 -9999 -9999 -9999 -9999 -9999 3091 3091 3091 3089 3074 3063 3063 3057 3055 3052 3057 3065 3081 3089 3092 3092 3092 3092 3092 3092
3144 3141 3136 3129 3122 3104 3099 3099 3103 3098 3115 3121 3124 3130 3144 3145 3144 3140 3120 3097 3068 3047 3024 3007 3008 3016 3017 3009 3011 3021 3019 3026 3035 3044 3049 3068 3083 3105 3122 3142 3141 3135 3138 3140 3137 3137 3136 3129 -9999 -9999 3123 3125 3123 3120 3118 -9999 -9999 -9999 -9999 -9999 -9999 -9999 -9999 3090 3090 3090 3091 3086 3085 3085 3081 3082 3081 3085 3090 3090 3090 3090 3090 3089 3090 3091
3145 3136 3124 3115 3099 3087 3075 3091 3103 3114 3130 3143 3146 3148 3148 3147 3146 3138 3116 3077 3050 3029 3015 3019 3032 3036 3043 3037 3035 3045 3057 3066 3072 3078 3080 3082 3089 3100 3129 3142 3147 3145 3147 3148 3145 3143 3139 -9999 -9999 -9999 -9999 3123 3121 3118 -9999 -9999 -9999 -9999 -9999 -9999 -9999 -9999 -9999 -9999 -9999 3090 3090 3090 3091 3090 3091 3088 3089 3088 3088 3087 3087 3087 3088 3089 3089 -9999
3139 3125 3109 3096 3088 3083 3085 3095 3112 3122 3135 3144 3146 3147 3149 3149 3147 3131 3099 3070 3048 3038 3035 3047 3061 3067 3072 3075 3076 3089 3098 3100 3102 3102 3102 3104 3106 3120 3132 3149 3152 3149 3152 3150 3146 3145 -9999 -9999 -9999 -9999 -9999 -9999 3120 -9999 -9999 -9999 -9999 -9999 -9999 -9999 -9999 -9999 -9999 -9999 -9999 -9999 -9999 3090 3089 3090 3088 3086 3085 3087 3088 3089 3088 -9999 -9999 -9999 -9999 -9999
3133 3121 3107 3095 3090 3090 3093 3099 3115 3131 3139 3142 3132 3130 3136 3148 3141 3111 3084 3064 3059 3062 3065 3079 3090 3097 3106 3114 3120 3126 3130 3124 3120 3119 3119 3121 3128 3135 3147 3151 3152 3150 3149 3146 3145 -9999 -9999 -9999 -9999 -9999 -9999 -9999 -9999 -9999 -9999 -9999 -9999 -9999 -9999 -9999 -9999 -9999 -9999 -9999 -9999 -9999 -9999 -9999 -9999 -9999 -9999 3083 3087 3089 3091 3091 -9999 -9999 -9999 -9999 -9999 -9999
3119 3116 3110 3100 3095 3102 3103 3105 3121 3136 3137 3128 3109 3102 3117 3132 3139 3118 3097 3094 3098 3102 3110 3118 3128 3132 3140 3144 3146 3149 3146 3140 3135 3133 3134 3140 3144 3150 3152 3153 3150 3149 -9999 -9999 -9999 -9999 -9999 -9999 -9999 -9999 -9999 -9999 -9999 -9999 -9999 -9999 -9999 -9999 -9999 -9999 -9999 -9999 -9999 -9999 -9999 -9999 -9999 -9999 -9999 -9999 -9999 -9999 3092 3094 3093 -9999 -9999 -9999 -9999 -9999 -9999 -9999
3127 3126 3119 3108 3104 3111 3112 3114 3125 3132 3130 3119 3111 3109 3118 3136 3144 3136 3133 3135 3139 3143 3146 3150 3150 3154 3154 3155 3156 3155 3155 3151 3149 3147 3148 3152 3154 3154 3154 3152 -9999 -9999 -9999 -9999 -9999 -9999 -9999 -9999 -9999 -9999 -9999 -9999 -9999 -9999 -9999 -9999 -9999 -9999 -9999 -9999 -9999 -9999 -9999 -9999 -9999 -9999 -9999 -9999 -9999 -9999 -9999 -9999 -9999 -9999 -9999 -9999 -9999 -9999 -9999 -9999 -9999 -9999
