Data/tmax/PRISM_tmax_pr_1963-1995_normal_450mM1_06_asc.asc
ncols 557
nrows 164
xllcorner -67.31875000000
yllcorner 17.86875000000
cellsize 0.00416666667
NODATA_value -9999
[rows 0 to 35 of 164, columns 164 to 245 of 557]
-9999 -9999 -9999 -9999 -9999 -9999 -9999 -9999 -9999 -9999 -9999 -9999 -9999 -9999 -9999 -9999 -9999 -9999 -9999 -9999 -9999 -9999 -9999 -9999 -9999 -9999 -9999 -9999 -9999 -9999 -9999 -9999 -9999 -9999 -9999 -9999 -9999 -9999 -9999 -9999 -9999 -9999 -9999 -9999 -9999 -9999 -9999 -9999 -9999 -9999 -9999 -9999 -9999 -9999 -9999 -9999 -9999 -9999 -9999 -9999 -9999 -9999 -9999 -9999 -9999 -9999 -9999 -9999 -9999 -9999 -9999 -9999 -9999 -9999 -9999 -9999 -9999 -9999 -9999 -9999 -9999 -9999
-9999 -9999 -9999 -9999 -9999 -9999 -9999 -9999 -9999 -9999 -9999 -9999 -9999 -9999 -9999 -9999 -9999 -9999 -9999 -9999 -9999 -9999 -9999 -9999 -9999 -9999 -9999 -9999 -9999 -9999 -9999 -9999 -9999 -9999 -9999 -9999 -9999 -9999 -9999 -9999 -9999 -9999 -9999 -9999 -9999 -9999 -9999 -9999 -9999 -9999 -9999 -9999 -9999 -9999 -9999 -9999 -9999 -9999 -9999 -9999 -9999 -9999 -9999 -9999 -9999 -9999 -9999 -9999 -9999 -9999 -9999 -9999 -9999 -9999 -9999 -9999 -9999 -9999 -9999 -9999 -9999 -9999
-9999 -9999 -9999 -9999 -9999 -9999 -9999 -9999 -9999 -9999 -9999 -9999 -9999 -9999 -9999 -9999 -9999 -9999 -9999 -9999 -9999 -9999 -9999 -9999 -9999 -9999 -9999 -9999 -9999 -9999 -9999 -9999 -9999 -9999 -9999 -9999 -9999 -9999 -9999 -9999 -9999 -9999 -9999 -9999 -9999 -9999 -9999 -9999 -9999 -9999 -9999 -9999 -9999 -9999 -9999 -9999 -9999 -9999 -9999 -9999 -9999 -9999 -9999 -9999 -9999 -9999 -9999 -9999 -9999 -9999 -9999 -9999 -9999 -9999 -9999 -9999 -9999 -9999 -9999 -9999 -9999 -9999
-9999 -9999 -9999 -9999 -9999 -9999 -9999 -9999 -9999 -9999 -9999 -9999 -9999 -9999 -9999 -9999 -9999 -9999 -9999 -9999 -9999 -9999 -9999 -9999 -9999 -9999 -9999 -9999 -9999 -9999 -9999 -9999 -9999 -9999 -9999 -9999 -9999 -9999 -9999 -9999 -9999 -9999 -9999 -9999 -9999 -9999 -9999 -9999 -9999 -9999 -9999 -9999 -9999 -9999 -9999 -9999 -9999 -9999 -9999 -9999 -9999 -9999 -9999 -9999 -9999 -9999 -9999 -9999 -9999 -9999 -9999 -9999 -9999 -9999 -9999 -9999 -9999 -9999 -9999 -9999 -9999 -9999
-9999 -9999 -9999 -9999 -9999 -9999 -9999 -9999 -9999 -9999 -9999 -9999 -9999 -9999 -9999 -9999 -9999 -9999 -9999 -9999 -9999 -9999 -9999 -9999 -9999 -9999 -9999 -9999 -9999 -9999 -9999 -9999 -9999 -9999 -9999 -9999 -9999 -9999 -9999 -9999 -9999 -9999 -9999 -9999 -9999 -9999 -9999 -9999 -9999 -9999 -9999 -9999 -9999 -9999 -9999 -9999 -9999 -9999 -9999 -9999 -9999 -9999 -9999 -9999 -9999 -9999 -9999 -9999 -9999 -9999 -9999 -9999 -9999 -9999 -9999 -9999 -9999 -9999 -9999 -9999 -9999 -9999
-9999 -9999 -9999 -9999 -9999 -9999 -9999 -9999 -9999 -9999 -9999 -9999 -9999 -9999 -9999 -9999 -9999 -9999 -9999 -9999 -9999 -9999 -9999 -9999 -9999 -9999 -9999 -9999 -9999 -9999 -9999 -9999 -9999 -9999 -9999 -9999 -9999 -9999 -9999 -9999 -9999 -9999 -9999 -9999 -9999 -9999 -9999 -9999 -9999 -9999 -9999 -9999 -9999 -9999 -9999 -9999 -9999 -9999 -9999 -9999 -9999 -9999 -9999 -9999 -9999 -9999 -9999 -9999 -9999 -9999 -9999 -9999 -9999 -9999 -9999 -9999 -9999 -9999 -9999 -9999 -9999 -9999
-9999 -9999 -9999 -9999 -9999 -9999 -9999 -9999 -9999 -9999 -9999 -9999 -9999 -9999 -9999 -9999 -9999 -9999 -9999 -9999 -9999 -9999 -9999 -9999 -9999 -9999 -9999 -9999 -9999 -9999 -9999 -9999 -9999 -9999 -9999 -9999 -9999 -9999 -9999 -9999 -9999 -9999 -9999 -9999 -9999 -9999 -9999 -9999 -9999 -9999 -9999 -9999 -9999 -9999 -9999 -9999 -9999 -9999 -9999 -9999 -9999 -9999 -9999 -9999 -9999 -9999 -9999 -9999 -9999 -9999 -9999 -9999 -9999 -9999 -9999 -9999 -9999 -9999 -9999 -9999 -9999 -9999
-9999 -9999 -9999 -9999 -9999 -9999 -9999 -9999 -9999 -9999 -9999 -9999 -9999 -9999 -9999 -9999 -9999 -9999 -9999 -9999 -9999 -9999 -9999 -9999 -9999 -9999 -9999 -9999 -9999 -9999 -9999 -9999 -9999 -9999 -9999 -9999 -9999 -9999 -9999 -9999 -9999 -9999 -9999 -9999 -9999 -9999 -9999 -9999 -9999 -9999 -9999 -9999 -9999 -9999 -9999 -9999 -9999 -9999 -9999 -9999 -9999 -9999 -9999 -9999 -9999 -9999 -9999 -9999 -9999 -9999 -9999 -9999 -9999 -9999 -9999 -9999 -9999 -9999 -9999 -9999 -9999 -9999
-9999 -9999 -9999 -9999 -9999 -9999 -9999 -9999 -9999 -9999 -9999 -9999 -9999 -9999 -9999 -9999 -9999 -9999 -9999 -9999 -9999 -9999 -9999 -9999 -9999 -9999 -9999 -9999 -9999 -9999 -9999 -9999 -9999 -9999 -9999 -9999 -9999 -9999 -9999 -9999 -9999 -9999 -9999 -9999 -9999 -9999 -9999 -9999 -9999 -9999 -9999 -9999 -9999 -9999 -9999 -9999 -9999 -9999 -9999 -9999 -9999 -9999 -9999 -9999 -9999 -9999 -9999 -9999 -9999 -9999 -9999 -9999 -9999 -9999 -9999 -9999 -9999 -9999 -9999 -9999 -9999 -9999
-9999 -9999 -9999 -9999 -9999 -9999 -9999 -9999 -9999 -9999 -9999 -9999 -9999 -9999 -9999 -9999 -9999 -9999 -9999 -9999 -9999 -9999 -9999 -9999 -9999 -9999 -9999 -9999 -9999 -9999 -9999 -9999 -9999 -9999 -9999 -9999 -9999 -9999 -9999 -9999 -9999 -9999 -9999 -9999 -9999 -9999 -9999 -9999 -9999 -9999 -9999 -9999 -9999 -9999 -9999 -9999 -9999 -9999 -9999 -9999 -9999 -9999 -9999 -9999 -9999 -9999 -9999 -9999 -9999 -9999 -9999 -9999 -9999 -9999 -9999 -9999 -9999 -9999 -9999 -9999 -9999 -9999
-9999 -9999 -9999 -9999 -9999 -9999 -9999 -9999 -9999 -9999 -9999 -9999 -9999 -9999 -9999 -9999 -9999 -9999 -9999 -9999 -9999 -9999 -9999 -9999 -9999 -9999 -9999 -9999 -9999 -9999 -9999 -9999 -9999 -9999 -9999 -9999 -9999 -9999 -9999 -9999 -9999 -9999 -9999 -9999 -9999 -9999 -9999 -9999 -9999 -9999 -9999 -9999 -9999 -9999 -9999 -9999 -9999 -9999 -9999 -9999 -9999 -9999 -9999 -9999 -9999 -9999 -9999 -9999 -9999 -9999 -9999 -9999 -9999 -9999 -9999 -9999 -9999 -9999 -9999 -9999 -9999 -9999
3205 3205 3205 3205 3205 3206 3206 -9999 -9999 -9999 -9999 -9999 -9999 -9999 -9999 -9999 -9999 -9999 -9999 -9999 -9999 -9999 -9999 -9999 -9999 -9999 -9999 -9999 -9999 -9999 -9999 -9999 -9999 -9999 -9999 -9999 -9999 -9999 -9999 -9999 -9999 -9999 -9999 -9999 -9999 -9999 -9999 -9999 -9999 -9999 -9999 -9999 -9999 3208 -9999 -9999 3211 3210 -9999 -9999 -9999 -9999 -9999 -9999 -9999 -9999 -9999 -9999 -9999 -9999 -9999 -9999 -9999 -9999 -9999 -9999 -9999 -9999 -9999 -9999 -9999 -9999
3203 3204 3204 3204 3204 3205 3206 3206 3206 3207 3209 -9999 -9999 -9999 -9999 3217 3218 3216 3215 3214 3215 -9999 -9999 -9999 -9999 -9999 -9999 -9999 -9999 -9999 -9999 -9999 -9999 -9999 -9999 -9999 -9999 -9999 -9999 -9999 -9999 -9999 -9999 -9999 -9999 -9999 -9999 3212 3213 3212 3211 3209 3208 3206 3209 3209 3209 3207 3199 3192 -9999 3189 3190 3191 3191 3198 3194 3193 -9999 -9999 -9999 -9999 -9999 -9999 -9999 -9999 -9999 -9999 -9999 -9999 -9999 -9999
3202 3202 3202 3203 3203 3203 3203 3204 3204 3206 3208 3208 3209 3209 3208 3211 3212 3213 3212 3213 3213 3215 3216 3217 3218 3218 3218 3218 -9999 -9999 -9999 -9999 -9999 -9999 -9999 -9999 -9999 -9999 -9999 -9999 -9999 -9999 -9999 -9999 -9999 -9999 3202 3205 3204 3202 3201 3200 3197 3196 3195 3196 3197 3198 3196 3187 3179 3179 3178 3176 3180 3182 3185 3182 3181 3179 3184 3185 3176 3171 -9999 -9999 -9999 -9999 -9999 -9999 -9999 -9999
3200 3200 3200 3200 3200 3200 3200 3200 3200 3201 3203 3205 3205 3206 3205 3203 3205 3206 3207 3206 3208 3209 3212 3213 3215 3216 3218 3219 3221 3221 3222 -9999 -9999 -9999 -9999 -9999 -9999 -9999 -9999 -9999 -9999 -9999 -9999 -9999 -9999 3205 3204 3202 3201 3199 3198 3197 3195 3193 3191 3189 3187 3190 3186 3181 3178 3175 3173 3170 3168 3172 3168 3167 3165 3170 3174 3177 3177 3166 3160 -9999 -9999 -9999 -9999 -9999 -9999 -9999
3197 3197 3198 3199 3199 3199 3198 3197 3195 3193 3195 3196 3199 3200 3199 3198 3199 3201 3201 3202 3200 3202 3204 3207 3208 3208 3211 3215 3216 3218 3221 3223 3223 3223 3220 3220 -9999 -9999 -9999 -9999 -9999 -9999 -9999 -9999 3208 3207 3204 3202 3199 3198 3197 3197 3196 3193 3192 3189 3187 3184 3183 3181 3179 3176 3173 3170 3168 3166 3164 3162 3160 3159 3162 3165 3161 3160 3156 3151 3150 3149 3149 3149 3149 3148
3197 3196 3198 3199 3200 3200 3199 3197 3195 3193 3192 3193 3193 3195 3194 3192 3194 3195 3195 3192 3191 3190 3192 3194 3194 3192 3195 3198 3203 3206 3212 3215 3217 3218 3218 3216 3215 3213 3214 3216 3218 3216 3213 3211 3209 3208 3205 3202 3200 3200 3200 3200 3198 3196 3193 3191 3188 3186 3185 3184 3182 3179 3176 3173 3170 3167 3164 3161 3160 3159 3156 3152 3150 3149 3149 3151 3150 3149 3149 3149 3148 3148
3198 3198 3198 3199 3199 3199 3198 3198 3197 3196 3195 3194 3195 3195 3194 3193 3194 3193 3193 3193 3190 3190 3189 3191 3190 3188 3186 3188 3190 3196 3201 3204 3204 3206 3207 3208 3208 3208 3209 3211 3212 3211 3211 3210 3210 3209 3207 3205 3204 3205 3204 3203 3202 3199 3197 3195 3192 3190 3188 3186 3184 3180 3178 3175 3172 3169 3166 3163 3161 3159 3157 3152 3146 3145 3149 3149 3149 3149 3148 3148 3147 3147
3199 3198 3199 3199 3199 3198 3198 3198 3198 3197 3197 3197 3197 3197 3196 3194 3194 3194 3193 3193 3193 3192 3192 3192 3193 3191 3189 3189 3191 3194 3201 3198 3197 3197 3199 3202 3203 3204 3206 3209 3210 3211 3212 3212 3212 3212 3210 3210 3210 3209 3209 3205 3203 3203 3201 3198 3196 3194 3191 3189 3186 3182 3179 3176 3173 3170 3168 3164 3161 3160 3156 3151 3145 3145 3147 3148 3147 3147 3147 3146 3145 3145
3199 3199 3199 3199 3199 3198 3199 3199 3198 3197 3198 3198 3198 3198 3197 3195 3195 3195 3194 3194 3194 3194 3194 3193 3193 3192 3192 3191 3191 3195 3198 3199 3195 3195 3194 3195 3195 3197 3202 3206 3210 3212 3213 3214 3214 3214 3214 3214 3213 3213 3209 3206 3204 3204 3204 3202 3199 3196 3194 3192 3188 3185 3182 3178 3175 3172 3169 3165 3162 3158 3155 3150 3146 3145 3148 3148 3147 3146 3145 3143 3141 3141
3196 3195 3196 3197 3197 3195 3195 3195 3196 3196 3197 3197 3197 3197 3197 3196 3195 3195 3194 3195 3195 3195 3195 3194 3194 3193 3193 3192 3192 3194 3202 3202 3202 3201 3198 3198 3198 3200 3204 3209 3213 3215 3217 3217 3217 3217 3218 3217 3216 3215 3213 3209 3208 3209 3207 3205 3202 3199 3197 3194 3191 3187 3183 3180 3177 3173 3170 3166 3162 3159 3155 3152 3149 3149 3149 3149 3148 3147 3146 3144 3141 3139
3188 3184 3186 3191 3191 3190 3188 3189 3191 3192 3191 3192 3193 3194 3194 3192 3194 3195 3195 3196 3196 3195 3195 3195 3194 3194 3193 3193 3192 3195 3199 3199 3198 3197 3196 3197 3200 3204 3208 3213 3217 3219 3219 3220 3220 3221 3221 3221 3220 3217 3215 3214 3213 3212 3210 3208 3206 3203 3200 3197 3193 3189 3185 3182 3179 3175 3171 3167 3164 3160 3158 3156 3153 3152 3151 3150 3149 3147 3147 3145 3144 3142
3169 3169 3171 3181 3187 3186 3185 3185 3186 3184 3182 3183 3186 3188 3186 3188 3190 3191 3194 3197 3197 3196 3196 3195 3195 3194 3194 3192 3194 3194 3194 3188 3186 3188 3190 3195 3200 3207 3211 3215 3217 3216 3219 3220 3219 3221 3223 3222 3220 3219 3217 3216 3214 3211 3211 3211 3209 3206 3203 3199 3195 3192 3188 3185 3181 3177 3173 3169 3166 3163 3161 3158 3156 3153 3151 3150 3149 3148 3147 3147 3146 3144
3159 3160 3168 3177 3183 3182 3180 3180 3181 3179 3175 3176 3180 3180 3182 3183 3185 3184 3187 3192 3193 3195 3193 3195 3195 3194 3193 3193 3198 3200 3196 3190 3188 3191 3195 3200 3205 3209 3212 3213 3211 3210 3210 3211 3214 3216 3220 3220 3218 3218 3218 3217 3213 3210 3211 3212 3211 3208 3205 3201 3198 3194 3191 3187 3184 3179 3176 3172 3168 3165 3162 3159 3156 3152 3150 3147 3145 3144 3146 3146 3146 3144
3165 3169 3174 3179 3179 3175 3172 3172 3173 3171 3170 3170 3172 3174 3176 3180 3182 3179 3181 3185 3187 3187 3191 3193 3196 3195 3194 3198 3202 3202 3197 3194 3193 3192 3196 3199 3199 3202 3204 3208 3208 3209 3210 3211 3212 3216 3217 3216 3215 3215 3216 3215 3211 3209 3210 3210 3208 3207 3205 3202 3199 3196 3190 3190 3185 3182 3177 3172 3169 3166 3163 3159 3154 3150 3143 3137 3132 3132 3134 3136 3137 3137
3174 3176 3175 3177 3175 3171 3167 3165 3165 3164 3163 3166 3167 3168 3171 3173 3175 3175 3178 3182 3183 3187 3191 3195 3196 3196 3198 3201 3206 3202 3198 3197 3195 3193 3190 3189 3189 3190 3194 3197 3202 3205 3206 3208 3209 3210 3212 3212 3211 3212 3212 3211 3206 3204 3205 3203 3199 3198 3197 3197 3195 3190 3188 3189 3188 3181 3176 3169 3165 3162 3158 3152 3148 3140 3136 3129 3124 3122 3122 3121 3120 3127
3173 3172 3172 3171 3169 3165 3160 3158 3157 3157 3159 3160 3162 3163 3163 3163 3166 3169 3174 3178 3182 3189 3193 3197 3197 3196 3197 3202 3205 3209 3208 3209 3208 3201 3196 3193 3191 3193 3195 3198 3200 3201 3202 3202 3202 3203 3204 3204 3206 3205 3205 3200 3193 3190 3192 3191 3187 3184 3183 3183 3185 3186 3186 3189 3188 3180 3169 3162 3159 3154 3147 3143 3138 3133 3129 3127 3125 3123 3121 3117 3119 3121
3166 3167 3169 3170 3167 3164 3162 3160 3162 3163 3163 3163 3162 3163 3164 3164 3166 3170 3174 3178 3182 3188 3193 3194 3197 3197 3197 3201 3207 3211 3215 3216 3214 3211 3207 3203 3203 3203 3201 3199 3198 3197 3194 3192 3191 3189 3190 3193 3194 3197 3195 3191 3183 3181 3184 3184 3183 3181 3180 3181 3188 3189 3187 3188 3184 3177 3165 3158 3156 3152 3145 3136 3131 3126 3125 3125 3126 3126 3126 3125 3122 3121
3165 3167 3167 3167 3164 3162 3164 3166 3168 3169 3169 3168 3167 3167 3168 3168 3171 3174 3176 3177 3178 3182 3184 3186 3192 3194 3205 3209 3212 3216 3217 3216 3216 3212 3210 3208 3205 3201 3197 3195 3192 3190 3185 3183 3183 3184 3186 3186 3190 3190 3190 3186 3183 3181 3183 3184 3182 3182 3180 3185 3189 3187 3180 3176 3179 3173 3170 3162 3164 3164 3156 3144 3136 3129 3128 3128 3128 3128 3129 3129 3130 3128
3168 3166 3165 3163 3159 3160 3163 3166 3169 3169 3168 3167 3168 3168 3169 3170 3172 3174 3175 3173 3172 3173 3174 3178 3182 3191 3201 3215 3217 3218 3218 3218 3215 3213 3207 3202 3197 3192 3189 3188 3189 3189 3186 3184 3186 3185 3186 3186 3185 3186 3185 3184 3182 3183 3184 3184 3184 3182 3182 3184 3186 3184 3172 3170 3168 3171 3163 3161 3165 3170 3166 3155 3144 3137 3134 3130 3129 3129 3130 3131 3132 3132
3164 3161 3159 3157 3157 3158 3162 3166 3167 3166 3164 3163 3163 3165 3166 3167 3169 3171 3171 3168 3168 3171 3175 3176 3180 3181 3193 3203 3212 3214 3218 3218 3219 3214 3209 3195 3190 3185 3184 3184 3185 3185 3184 3184 3183 3183 3184 3182 3181 3180 3180 3179 3180 3180 3182 3183 3184 3184 3183 3182 3182 3177 3172 3162 3158 3153 3153 3151 3162 3175 3176 3167 3159 3150 3143 3138 3134 3132 3130 3129 3130 3130
3159 3155 3152 3155 3155 3160 3163 3162 3163 3161 3158 3156 3157 3159 3161 3163 3165 3166 3166 3166 3167 3171 3174 3175 3174 3172 3178 3185 3193 3198 3203 3215 3220 3220 3205 3188 3178 3179 3178 3178 3178 3177 3177 3175 3174 3175 3176 3177 3174 3172 3173 3173 3173 3174 3175 3178 3179 3179 3180 3174 3173 3174 3164 3161 3158 3158 3154 3157 3170 3181 3181 3173 3169 3162 3157 3150 3145 3141 3134 3131 3128 3125
3156 3154 3151 3150 3154 3157 3155 3155 3154 3152 3152 3151 3152 3155 3159 3162 3163 3163 3163 3162 3163 3165 3166 3167 3169 3170 3170 3174 3173 3172 3181 3202 3217 3219 3197 3175 3169 3169 3170 3169 3168 3168 3169 3171 3168 3167 3170 3168 3167 3163 3163 3164 3165 3165 3167 3170 3169 3167 3168 3176 3170 3170 3169 3164 3165 3163 3161 3163 3173 3184 3180 3175 3169 3166 3160 3154 3148 3144 3139 3133 3129 3126
3159 3156 3154 3153 3153 3153 3153 3149 3150 3150 3151 3151 3153 3152 3154 3157 3157 3156 3154 3155 3155 3156 3159 3161 3165 3167 3169 3167 3166 3161 3169 3194 3213 3207 3186 3163 3162 3165 3163 3159 3156 3155 3160 3161 3160 3161 3161 3157 3154 3152 3154 3158 3160 3161 3163 3165 3164 3162 3177 3175 3174 3169 3166 3166 3165 3164 3161 3164 3172 3182 3187 3172 3170 3165 3157 3150 3142 3139 3138 3133 3130 3125
3162 3164 3160 3160 3159 3159 3154 3155 3153 3154 3155 3155 3152 3152 3153 3155 3155 3154 3155 3154 3154 3156 3158 3161 3164 3165 3164 3165 3163 3162 3167 3190 3205 3201 3175 3158 3157 3158 3156 3154 3150 3149 3152 3155 3156 3158 3159 3154 3149 3148 3154 3163 3164 3165 3165 3166 3164 3176 3181 3182 3169 3164 3165 3165 3163 3159 3159 3158 3161 3179 3176 3167 3159 3154 3146 3138 3129 3130 3132 3129 3127 3125
3167 3164 3163 3161 3161 3160 3159 3156 3157 3156 3157 3155 3153 3152 3154 3154 3153 3154 3155 3154 3154 3156 3158 3161 3162 3162 3162 3161 3161 3160 3167 3185 3202 3199 3176 3159 3153 3156 3156 3156 3156 3152 3152 3152 3152 3155 3157 3155 3153 3152 3159 3164 3166 3164 3163 3158 3166 3177 3180 3172 3161 3162 3162 3163 3160 3156 3154 3154 3160 3175 3175 3154 3148 3140 3137 3128 3126 3127 3132 3129 3123 3120
