Data/tmax/PRISM_tmax_pr_1963-1995_normal_450mM1_01_asc.asc
ncols 557
nrows 164
xllcorner -67.31875000000
yllcorner 17.86875000000
cellsize 0.00416666667
NODATA_value -9999
[rows 36 to 71 of 164, columns 0 to 81 of 557]
-9999 -9999 -9999 -9999 -9999 -9999 -9999 -9999 -9999 -9999 -9999 -9999 -9999 -9999 -9999 -9999 -9999 -9999 -9999 -9999 -9999 -9999 -9999 -9999 -9999 -9999 2960 2957 2953 2949 2948 2947 2946 2939 2932 2932 2937 2943 2950 2958 2969 2977 2983 2988 2988 2984 2980 2970 2959 2952 2950 2947 2931 2926 2922 2913 2900 2883 2874 2862 2840 2845 2850 2840 2821 2819 2814 2813 2816 2817 2822 2824 2830 2841 2833 2820 2805 2801 2803 2808 2815 2821
-9999 -9999 -9999 -9999 -9999 -9999 -9999 -9999 -9999 -9999 -9999 -9999 -9999 -9999 -9999 -9999 -9999 -9999 -9999 -9999 -9999 -9999 -9999 -9999 2968 2965 2960 2958 2951 2952 2951 2951 2948 2941 2934 2940 2948 2956 2964 2977 2985 2991 2994 2994 2995 2996 2998 2994 2994 2990 2991 2983 2972 2963 2960 2958 2941 2929 2919 2902 2895 2891 2896 2886 2867 2852 2848 2851 2856 2862 2862 2869 2876 2884 2881 2860 2840 2827 2822 2824 2830 2836
-9999 -9999 -9999 -9999 -9999 -9999 -9999 -9999 -9999 -9999 -9999 -9999 -9999 -9999 -9999 -9999 -9999 -9999 -9999 -9999 -9999 2984 2977 2970 2966 2963 2956 2953 2953 2953 2952 2952 2946 2938 2940 2947 2958 2968 2978 2988 2996 2995 2995 2996 2996 2997 2998 3002 3002 3002 3003 3001 2997 2997 2997 2989 2981 2963 2951 2945 2931 2932 2937 2926 2916 2897 2894 2903 2910 2907 2906 2911 2921 2927 2928 2915 2895 2876 2863 2859 2856 2857
-9999 -9999 -9999 -9999 -9999 -9999 -9999 -9999 -9999 -9999 -9999 -9999 -9999 -9999 -9999 -9999 -9999 2985 2987 2988 2985 2982 2973 2968 2963 2959 2955 2952 2953 2954 2954 2950 2943 2940 2946 2959 2971 2977 2985 2992 2995 2994 2995 2996 2996 2996 2999 2998 3002 3003 3003 3005 3008 3008 3008 3006 2993 2989 2983 2977 2974 2978 2978 2971 2962 2947 2947 2953 2955 2948 2945 2953 2966 2968 2974 2964 2943 2926 2913 2898 2889 2889
-9999 -9999 -9999 -9999 -9999 -9999 -9999 -9999 -9999 -9999 -9999 -9999 -9999 2981 2982 2982 2984 2985 2984 2982 2979 2974 2968 2966 2964 2962 2958 2958 2958 2958 2957 2953 2944 2944 2954 2966 2977 2984 2987 2992 2992 2993 2993 2993 2994 2994 2996 3001 3004 3005 3008 3007 3005 3005 3005 3003 3002 3000 3005 3005 3012 3016 3022 3015 3007 2996 2995 3002 2992 2985 2983 2995 3004 3008 3004 2994 2976 2962 2954 2942 2932 2928
-9999 -9999 -9999 -9999 -9999 -9999 -9999 -9999 -9999 -9999 -9999 -9999 2981 2981 2982 2984 2983 2981 2979 2977 2971 2968 2968 2965 2964 2964 2963 2962 2962 2961 2962 2958 2954 2953 2959 2972 2979 2985 2989 2989 2991 2991 2990 2988 2986 2987 2993 3001 3007 3008 3000 2998 2998 2997 3000 3001 3004 3010 3016 3025 3031 3042 3048 3043 3042 3031 3037 3034 3023 3017 3017 3019 3026 3017 3015 3007 2995 2990 2983 2972 2964 2960
-9999 -9999 -9999 -9999 -9999 -9999 -9999 -9999 -9999 -9999 -9999 2982 2982 2979 2980 2979 2977 2974 2972 2970 2967 2963 2963 2962 2961 2965 2965 2965 2963 2963 2962 2962 2958 2959 2964 2971 2979 2984 2988 2989 2990 2989 2987 2985 2980 2977 2985 2998 3007 3003 2994 2984 2982 2989 2994 3002 3013 3017 3024 3033 3045 3052 3058 3059 3058 3055 3058 3055 3038 3039 3039 3026 3018 3011 3012 3007 3009 3004 2995 2988 2983 2977
-9999 -9999 -9999 -9999 -9999 -9999 -9999 -9999 -9999 -9999 2983 2983 2975 2971 2967 2965 2964 2964 2966 2967 2963 2961 2958 2958 2959 2963 2965 2962 2961 2959 2962 2960 2958 2957 2960 2969 2976 2979 2984 2985 2986 2983 2981 2981 2978 2971 2981 2996 3005 3008 2998 2988 2984 2989 2997 3012 3025 3030 3031 3036 3049 3060 3063 3064 3064 3064 3069 3066 3055 3061 3054 3034 3007 3013 3011 3008 3013 3006 2999 2994 2995 2991
-9999 -9999 -9999 -9999 -9999 -9999 -9999 -9999 -9999 2983 2982 2976 2968 2955 2951 2949 2949 2954 2959 2963 2962 2958 2956 2954 2957 2962 2961 2956 2950 2953 2953 2959 2957 2956 2958 2967 2970 2973 2976 2978 2982 2979 2972 2975 2975 2967 2974 2988 3001 3012 3016 3010 3008 3010 3019 3029 3041 3043 3043 3048 3055 3061 3070 3067 3069 3068 3074 3071 3066 3072 3068 3040 3027 3026 3024 3007 3012 3016 3009 3010 3009 3000
-9999 -9999 -9999 -9999 -9999 -9999 -9999 -9999 2984 2981 2979 2973 2960 2949 2944 2938 2940 2943 2952 2956 2957 2953 2951 2950 2954 2957 2957 2952 2948 2943 2950 2955 2959 2958 2962 2963 2964 2962 2963 2961 2975 2976 2968 2973 2971 2963 2968 2982 2994 3007 3017 3022 3025 3032 3037 3044 3049 3052 3059 3062 3064 3071 3072 3077 3075 3076 3076 3074 3070 3075 3074 3062 3050 3055 3033 3010 3025 3036 3035 3027 3013 2997
-9999 -9999 -9999 -9999 -9999 -9999 -9999 -9999 -9999 2979 2976 2974 2966 2954 2948 2944 2938 2942 2945 2948 2946 2950 2950 2950 2950 2952 2951 2950 2942 2940 2941 2951 2952 2959 2959 2958 2954 2953 2945 2951 2965 2975 2969 2967 2972 2966 2975 2987 2996 3004 3007 3015 3024 3030 3038 3041 3044 3048 3056 3064 3073 3074 3084 3084 3088 3083 3083 3076 3076 3080 3079 3072 3069 3068 3050 3031 3043 3052 3039 3016 2993 2976
-9999 -9999 -9999 -9999 -9999 -9999 -9999 -9999 -9999 -9999 2976 2976 2969 2960 2953 2949 2947 2945 2942 2939 2942 2947 2951 2950 2947 2945 2945 2947 2939 2929 2935 2942 2946 2951 2954 2950 2946 2934 2941 2948 2968 2974 2965 2962 2963 2968 2979 2988 2995 2999 3004 3010 3019 3026 3034 3036 3033 3042 3050 3063 3072 3077 3081 3086 3090 3089 3084 3081 3082 3084 3083 3076 3076 3079 3070 3059 3063 3060 3032 3000 2971 2959
-9999 -9999 -9999 -9999 -9999 -9999 -9999 -9999 -9999 -9999 2976 2976 2975 2966 2962 2956 2954 2950 2943 2937 2940 2946 2952 2948 2947 2940 2941 2943 2934 2927 2930 2939 2933 2944 2942 2941 2930 2929 2940 2962 2975 2975 2967 2961 2962 2973 2983 2985 2985 2993 2999 3007 3019 3029 3038 3038 3039 3040 3050 3060 3063 3065 3068 3079 3085 3091 3088 3086 3086 3087 3086 3081 3080 3081 3080 3073 3074 3064 3039 3002 2973 2960
-9999 -9999 -9999 -9999 -9999 -9999 -9999 -9999 -9999 -9999 -9999 2977 2976 2975 2969 2965 2960 2955 2945 2942 2937 2943 2947 2946 2944 2939 2933 2938 2928 2925 2930 2928 2926 2917 2930 2923 2925 2932 2956 2971 2976 2974 2970 2961 2965 2975 2984 2980 2982 2988 2995 3010 3022 3033 3038 3042 3042 3046 3052 3055 3058 3057 3060 3066 3078 3083 3088 3083 3078 3082 3079 3085 3079 3081 3082 3080 3078 3073 3055 3033 3009 2996
-9999 -9999 -9999 -9999 -9999 -9999 -9999 -9999 -9999 -9999 -9999 -9999 2977 2976 2975 2971 2967 2961 2955 2944 2939 2935 2937 2941 2936 2935 2927 2918 2914 2915 2921 2926 2914 2917 2908 2912 2918 2943 2966 2973 2965 2969 2964 2963 2967 2976 2981 2984 2989 3000 3010 3018 3028 3027 3027 3035 3046 3049 3045 3054 3050 3055 3052 3058 3067 3074 3078 3070 3062 3061 3071 3072 3073 3068 3080 3082 3081 3075 3068 3060 3048 3039
-9999 -9999 -9999 -9999 -9999 -9999 -9999 -9999 -9999 -9999 -9999 -9999 2976 2978 2975 2974 2972 2967 2960 2954 2939 2932 2931 2923 2929 2928 2918 2906 2895 2893 2893 2900 2908 2901 2905 2898 2909 2939 2966 2965 2959 2958 2965 2966 2972 2977 2981 2983 2993 3005 3011 3019 3019 3017 3017 3031 3039 3040 3046 3038 3041 3045 3043 3046 3056 3063 3065 3061 3048 3051 3051 3063 3061 3060 3069 3081 3080 3075 3073 3071 3067 3061
-9999 -9999 -9999 -9999 -9999 -9999 -9999 -9999 -9999 -9999 -9999 -9999 -9999 2983 2981 2975 2972 2969 2964 2957 2946 2935 2922 2914 2912 2919 2912 2902 2892 2879 2861 2864 2874 2885 2898 2903 2910 2937 2959 2963 2957 2959 2965 2972 2975 2977 2978 2980 2982 2990 2998 3004 3009 3005 3011 3018 3023 3030 3024 3024 3022 3032 3039 3038 3044 3049 3059 3058 3049 3041 3043 3048 3055 3053 3061 3072 3076 3073 3072 3073 3071 3066
-9999 -9999 -9999 -9999 -9999 -9999 -9999 -9999 -9999 -9999 -9999 -9999 -9999 2989 2984 2981 2977 2971 2968 2963 2956 2945 2930 2915 2906 2906 2897 2892 2890 2869 2853 2837 2837 2851 2875 2894 2915 2934 2955 2962 2957 2958 2962 2970 2973 2971 2970 2967 2968 2973 2985 2993 2990 2991 2997 3006 3006 3013 3017 3002 3007 3024 3031 3027 3034 3042 3050 3056 3049 3041 3036 3044 3049 3046 3054 3062 3065 3064 3066 3069 3064 3060
-9999 -9999 -9999 -9999 -9999 -9999 -9999 -9999 -9999 -9999 -9999 -9999 -9999 -9999 2989 2986 2983 2977 2971 2968 2965 2961 2949 2933 2923 2912 2895 2890 2882 2872 2851 2828 2816 2817 2844 2874 2903 2936 2946 2953 2956 2956 2961 2966 2966 2964 2964 2964 2963 2972 2974 2970 2968 2974 2984 2991 2997 3005 3002 2992 2996 3009 3014 3023 3021 3035 3044 3047 3044 3033 3037 3038 3042 3044 3042 3052 3053 3049 3053 3059 3053 3051
-9999 -9999 -9999 -9999 -9999 -9999 -9999 -9999 -9999 -9999 -9999 -9999 -9999 -9999 -9999 2989 2986 2980 2977 2971 2969 2969 2959 2953 2938 2927 2918 2905 2899 2877 2849 2821 2799 2798 2820 2853 2895 2924 2937 2949 2958 2969 2969 2968 2963 2955 2961 2972 2977 2977 2968 2953 2951 2959 2974 2978 2985 2987 2989 2978 2986 2993 3004 3003 3018 3012 3026 3040 3039 3024 3026 3033 3036 3032 3033 3033 3034 3035 3040 3046 3045 3038
-9999 -9999 -9999 -9999 -9999 -9999 -9999 -9999 -9999 -9999 -9999 -9999 -9999 -9999 -9999 2988 2988 2986 2982 2975 2972 2970 2969 2957 2943 2929 2906 2905 2892 2876 2846 2818 2801 2805 2821 2856 2896 2933 2945 2967 2979 2987 2988 2979 2957 2951 2956 2966 2985 2994 2990 2964 2951 2952 2958 2960 2962 2968 2966 2968 2971 2975 2978 2991 2990 2995 3011 3031 3032 3017 3016 3024 3029 3029 3027 3023 3024 3022 3030 3036 3034 3031
-9999 -9999 -9999 -9999 -9999 -9999 -9999 -9999 -9999 -9999 -9999 -9999 -9999 -9999 -9999 -9999 2987 2988 2985 2977 2971 2968 2962 2960 2945 2917 2902 2883 2890 2868 2856 2840 2840 2837 2860 2884 2924 2946 2969 2982 2997 3001 3004 2989 2974 2968 2968 2972 2982 3013 3013 2987 2964 2960 2953 2952 2944 2938 2949 2953 2955 2949 2946 2950 2969 2976 2997 3021 3025 3013 3011 3015 3019 3028 3025 3024 3016 3016 3017 3024 3021 3018
-9999 -9999 -9999 -9999 -9999 -9999 -9999 -9999 -9999 -9999 -9999 -9999 -9999 -9999 -9999 -9999 2987 2987 2985 2979 2965 2953 2948 2950 2937 2922 2908 2908 2904 2906 2896 2900 2896 2900 2909 2934 2959 2985 2987 3005 3002 3009 3003 2993 2976 2990 2997 2982 2995 3020 3027 3000 2986 2970 2959 2942 2937 2933 2942 2952 2953 2941 2933 2937 2956 2966 2983 2999 3017 3012 3002 3006 3014 3019 3027 3022 3018 3014 3013 3014 3011 3003
-9999 -9999 -9999 -9999 -9999 -9999 -9999 -9999 -9999 -9999 -9999 -9999 -9999 -9999 -9999 -9999 -9999 2987 2987 2978 2965 2948 2943 2944 2931 2925 2930 2934 2942 2939 2946 2952 2950 2951 2958 2976 2998 3005 3010 3012 3016 3014 3016 3001 2992 3012 3011 2994 3001 3030 3028 3017 2993 2968 2934 2921 2931 2941 2947 2961 2954 2950 2948 2960 2986 2994 2991 3002 3024 3020 3000 2991 3001 3016 3019 3013 3009 3009 3007 3010 3005 2999
-9999 -9999 -9999 -9999 -9999 -9999 -9999 -9999 -9999 -9999 -9999 -9999 -9999 -9999 -9999 -9999 -9999 -9999 2986 2986 2977 2968 2963 2954 2951 2945 2958 2961 2965 2965 2974 2980 2987 2984 2994 3004 3015 3022 3021 3022 3024 3027 3027 3021 3017 3022 3017 2997 3005 3027 3043 3016 2998 2950 2915 2911 2926 2948 2963 2976 2969 2953 2958 2971 3004 3021 3021 3023 3036 3026 2997 2984 2982 2994 3000 2998 2994 2997 3004 3004 3005 2998
-9999 -9999 -9999 -9999 -9999 -9999 -9999 -9999 -9999 -9999 -9999 -9999 -9999 -9999 -9999 -9999 -9999 -9999 -9999 2985 2985 2982 2974 2976 2971 2983 2991 2990 2988 2987 2989 2993 2997 3002 3002 3009 3021 3025 3030 3028 3029 3033 3036 3038 3033 3040 3029 3013 3009 3026 3036 3036 2994 2962 2937 2932 2930 2936 2960 2987 2979 2957 2949 2973 3007 3044 3054 3052 3051 3035 3011 2988 2981 2979 2981 2981 2984 2988 2995 3004 2999 2996
-9999 -9999 -9999 -9999 -9999 -9999 -9999 -9999 -9999 -9999 -9999 -9999 -9999 -9999 -9999 -9999 -9999 -9999 -9999 -9999 2986 2986 2985 2982 2992 2994 3000 3001 3003 3002 3002 2998 3002 3006 3009 3010 3016 3027 3034 3035 3034 3036 3040 3043 3046 3048 3048 3037 3025 3031 3054 3048 3031 3001 2993 2979 2956 2947 2956 2999 2991 2971 2969 2993 3031 3056 3070 3068 3062 3033 3007 3000 2994 2992 2991 2982 2976 2980 2980 2981 2984 2985
-9999 -9999 -9999 -9999 -9999 -9999 -9999 -9999 -9999 -9999 -9999 -9999 -9999 -9999 -9999 -9999 -9999 -9999 -9999 -9999 -9999 2987 2988 2990 2991 2996 3000 3001 3003 3008 3007 3003 3002 3012 3014 3015 3017 3024 3039 3040 3037 3037 3041 3044 3048 3051 3052 3048 3042 3049 3066 3073 3062 3048 3040 3021 2993 2974 2983 3015 3028 3012 3010 3044 3059 3068 3055 3063 3052 3021 3002 3003 3016 3026 3005 2988 2980 2978 2970 2966 2973 2967
-9999 -9999 -9999 -9999 -9999 -9999 -9999 -9999 -9999 -9999 -9999 -9999 -9999 -9999 -9999 -9999 -9999 -9999 -9999 -9999 -9999 -9999 -9999 -9999 -9999 -9999 3003 3004 3005 3008 3013 3009 3013 3013 3019 3020 3020 3027 3036 3044 3039 3037 3040 3046 3049 3052 3051 3047 3051 3061 3073 3076 3081 3083 3071 3055 3029 3022 3025 3051 3058 3052 3052 3065 3067 3054 3039 3047 3051 3030 3027 3031 3047 3041 3029 3006 3007 3011 3003 2994 2996 2999
-9999 -9999 -9999 -9999 -9999 -9999 -9999 -9999 -9999 -9999 -9999 -9999 -9999 -9999 -9999 -9999 -9999 -9999 -9999 -9999 -9999 -9999 -9999 -9999 -9999 -9999 -9999 -9999 3016 3009 3013 3020 3018 3023 3019 3023 3025 3028 3035 3042 3042 3039 3041 3045 3049 3050 3052 3053 3056 3064 3063 3067 3076 3080 3087 3068 3066 3066 3057 3066 3063 3056 3053 3053 3038 3024 3006 3007 3013 3013 3027 3041 3037 3048 3041 3037 3031 3033 3024 3029 3032 3031
-9999 -9999 -9999 -9999 -9999 -9999 -9999 -9999 -9999 -9999 -9999 -9999 -9999 -9999 -9999 -9999 -9999 -9999 -9999 -9999 -9999 -9999 -9999 -9999 -9999 -9999 -9999 -9999 3027 3023 3014 3019 3028 3026 3029 3026 3030 3034 3037 3043 3045 3042 3042 3045 3048 3052 3052 3056 3060 3062 3057 3059 3062 3072 3058 3057 3062 3070 3070 3056 3040 3028 3020 3014 3000 3003 2983 2970 2956 2974 2996 3009 3003 3005 3022 3024 3016 2996 3000 3016 3019 3030
-9999 -9999 -9999 -9999 -9999 -9999 -9999 -9999 -9999 -9999 -9999 -9999 -9999 -9999 -9999 -9999 -9999 -9999 -9999 -9999 -9999 -9999 -9999 -9999 -9999 -9999 -9999 -9999 3044 3033 3021 3020 3025 3033 3033 3032 3033 3038 3042 3046 3048 3046 3043 3045 3047 3048 3052 3051 3053 3055 3055 3054 3062 3056 3052 3030 3037 3046 3046 3053 3036 3005 2988 2967 2965 2976 2963 2943 2929 2933 2963 2969 2959 2966 2986 3006 2997 2976 2966 2970 2982 2982
-9999 -9999 -9999 -9999 -9999 -9999 -9999 -9999 -9999 -9999 -9999 -9999 -9999 -9999 -9999 -9999 -9999 -9999 -9999 -9999 -9999 -9999 -9999 -9999 -9999 -9999 -9999 -9999 -9999 3040 3030 3021 3025 3032 3037 3037 3033 3040 3044 3047 3048 3048 3047 3044 3045 3046 3045 3043 3040 3044 3042 3045 3044 3050 3052 3040 3021 3013 3018 3029 3028 3010 2976 2952 2937 2943 2940 2929 2912 2912 2911 2921 2922 2933 2954 2977 2984 2972 2946 2953 2941 2958
-9999 -9999 -9999 -9999 -9999 -9999 -9999 -9999 -9999 -9999 -9999 -9999 -9999 -9999 -9999 -9999 -9999 -9999 -9999 -9999 -9999 -9999 -9999 -9999 -9999 -9999 -9999 -9999 -9999 3051 3039 3034 3026 3031 3040 3041 3039 3040 3047 3047 3047 3047 3048 3046 3044 3044 3046 3040 3035 3033 3033 3028 3019 3016 3036 3040 3029 3003 2993 2997 3001 2992 2974 2944 2926 2916 2908 2904 2901 2883 2869 2883 2904 2928 2942 2955 2964 2952 2937 2929 2933 2944
-9999 -9999 -9999 -9999 -9999 -9999 -9999 -9999 -9999 -9999 -9999 -9999 -9999 -9999 -9999 -9999 -9999 -9999 -9999 -9999 -9999 -9999 -9999 -9999 -9999 -9999 -9999 -9999 -9999 -9999 3051 3041 3038 3033 3039 3044 3041 3042 3047 3048 3046 3046 3047 3047 3045 3044 3043 3040 3037 3030 3019 3009 2989 2976 2996 3021 3021 3016 2984 2961 2950 2944 2943 2937 2917 2912 2896 2895 2888 2878 2855 2865 2898 2924 2940 2941 2943 2935 2916 2917 2926 2954
-9999 -9999 -9999 -9999 -9999 -9999 -9999 -9999 -9999 -9999 -9999 -9999 -9999 -9999 -9999 -9999 -9999 -9999 -9999 -9999 -9999 -9999 -9999 -9999 -9999 -9999 -9999 -9999 -9999 -9999 -9999 3053 3045 3042 3039 3044 3043 3043 3046 3047 3047 3044 3045 3045 3044 3040 3037 3035 3032 3019 3004 2982 2963 2935 2949 2971 3000 3006 2993 2965 2937 2923 2926 2922 2921 2907 2900 2881 2879 2873 2849 2864 2894 2921 2925 2932 2928 2919 2902 2910 2933 2960
