Data/tmax/PRISM_tmax_pr_1963-1995_normal_450mM1_11_asc.asc
ncols 557
nrows 164
xllcorner -67.31875000000
yllcorner 17.86875000000
cellsize 0.00416666667
NODATA_value -9999
[rows 108 to 143 of 164, columns 164 to 245 of 557]
2798 2797 2813 2795 2767 2782 2787 2790 2817 2867 2913 2949 2983 3012 2987 2972 2962 2967 2934 2882 2877 2937 2982 2961 2920 2892 2904 2937 2992 3037 3068 3089 3086 3068 3047 3024 3012 3011 3013 3014 3013 3015 3009 3008 2998 2961 2927 2898 2892 2891 2894 2893 2905 2936 2962 2955 2940 2920 2889 2884 2909 2922 2938 2946 2973 2987 2977 2981 2979 2966 2949 2940 2915 2893 2872 2879 2909 2918 2910 2890 2847 2828
2840 2844 2851 2836 2811 2824 2834 2812 2832 2884 2928 2962 3001 3017 2994 2963 2981 2991 2969 2913 2909 2963 3000 2987 2948 2909 2890 2922 2977 3032 3073 3090 3082 3060 3025 2983 2954 2949 2949 2959 2966 2965 2973 2983 2983 2957 2922 2916 2932 2944 2940 2935 2927 2949 2981 2971 2960 2958 2944 2935 2943 2961 2951 2948 2974 2992 2984 2987 2983 2965 2944 2934 2908 2874 2864 2887 2921 2924 2907 2880 2847 2843
2865 2862 2891 2871 2845 2856 2859 2829 2818 2861 2919 2965 3001 3028 3001 2982 3003 3017 2985 2940 2924 2977 3015 3005 2960 2916 2894 2909 2974 3035 3076 3097 3084 3046 2998 2946 2902 2875 2866 2869 2879 2894 2914 2941 2956 2959 2953 2959 2978 2984 2982 2973 2973 2984 2995 2981 2972 2984 2992 2979 2980 2986 2983 2977 2991 3012 3005 2999 2995 2978 2965 2956 2930 2906 2900 2926 2947 2946 2918 2890 2866 2862
2887 2887 2907 2905 2880 2885 2895 2844 2817 2824 2865 2919 2981 3015 3011 2989 3022 3037 3000 2954 2965 2987 3029 3035 2988 2945 2924 2932 2980 3032 3082 3102 3092 3048 3005 2952 2907 2859 2823 2800 2794 2811 2839 2879 2925 2955 2977 2990 3001 3010 3001 3012 3007 2999 2999 2982 2978 3003 3015 3012 3004 3004 3005 2995 3007 3027 3024 3021 3009 2997 2989 2986 2972 2955 2951 2959 2961 2956 2933 2915 2889 2892
2940 2929 2934 2941 2916 2929 2936 2897 2845 2830 2835 2878 2943 3015 3000 2995 3024 3042 3018 2987 2986 3007 3028 3045 3022 2984 2959 2956 2989 3038 3085 3112 3106 3081 3044 3009 2965 2915 2860 2816 2788 2782 2805 2839 2885 2938 2977 3000 3015 3025 3033 3027 3014 2988 2975 2975 2980 3003 3024 3030 3029 3027 3023 3020 3019 3036 3043 3026 3004 2993 2986 2991 2984 2969 2970 2961 2953 2949 2945 2935 2926 2921
2991 2964 2959 2963 2955 2972 2972 2942 2912 2880 2870 2894 2960 3010 3022 2991 3027 3058 3039 3024 3025 3021 3035 3055 3038 3007 2985 2976 3012 3057 3095 3122 3117 3100 3083 3056 3018 2971 2919 2867 2832 2820 2827 2849 2883 2925 2972 3010 3026 3049 3047 3041 3011 2977 2962 2960 2959 2976 3005 3035 3045 3048 3046 3040 3040 3052 3054 3030 2999 2985 2987 2984 2982 2980 2970 2967 2949 2945 2941 2940 2931 2925
3018 2989 2966 2980 2984 2990 3001 2987 2967 2946 2932 2958 3000 3046 3023 3009 3031 3053 3062 3049 3056 3057 3060 3073 3062 3038 3014 3007 3031 3064 3101 3114 3110 3099 3086 3061 3040 3002 2957 2915 2884 2875 2882 2895 2903 2936 2985 3024 3048 3063 3061 3050 3027 3000 2987 2972 2957 2961 2990 3026 3051 3058 3051 3055 3056 3071 3064 3033 3004 2988 2979 2984 2984 2981 2984 2973 2958 2942 2933 2923 2918 2906
3037 3001 2980 2991 3003 3007 3026 3018 3018 3005 3001 3020 3054 3052 3044 3030 3046 3070 3077 3079 3080 3082 3084 3089 3083 3069 3061 3053 3070 3096 3115 3120 3110 3089 3062 3040 3016 3005 2983 2961 2937 2928 2937 2937 2937 2951 2999 3044 3067 3071 3068 3054 3041 3023 3017 3004 2981 2969 2980 3015 3047 3057 3058 3059 3074 3078 3069 3036 3004 2984 2962 2966 2974 2978 2978 2975 2955 2938 2919 2915 2910 2903
3039 3012 2992 3009 3003 3014 3028 3044 3042 3044 3050 3071 3071 3059 3035 3046 3070 3080 3091 3092 3093 3093 3094 3099 3096 3096 3094 3097 3110 3125 3125 3115 3095 3071 3045 3011 2999 3004 3018 3004 2989 2983 2989 2990 2973 2976 3004 3045 3066 3083 3069 3066 3050 3037 3033 3026 3005 2977 2977 3008 3046 3069 3069 3080 3080 3072 3056 3025 2990 2952 2935 2933 2954 2959 2968 2966 2952 2925 2907 2902 2911 2893
3039 3023 3008 3021 3017 3004 3025 3045 3061 3065 3077 3084 3089 3058 3042 3056 3074 3088 3093 3098 3100 3102 3102 3105 3109 3107 3113 3121 3131 3135 3129 3110 3088 3070 3049 3031 3021 3033 3038 3033 3016 3018 3034 3036 3021 3004 3012 3033 3062 3075 3083 3074 3063 3051 3047 3044 3030 3010 3004 3027 3053 3073 3083 3086 3071 3059 3042 3021 2986 2950 2920 2928 2922 2939 2947 2959 2940 2916 2888 2891 2891 2860
3053 3040 3038 3032 3032 3006 3018 3036 3060 3082 3077 3094 3094 3082 3074 3077 3090 3093 3097 3100 3104 3106 3108 3109 3112 3114 3118 3127 3135 3138 3136 3124 3105 3086 3080 3072 3060 3061 3056 3037 3020 3036 3056 3066 3053 3039 3033 3047 3066 3083 3090 3085 3076 3065 3060 3056 3052 3045 3044 3048 3061 3076 3085 3088 3077 3058 3055 3040 3013 2982 2960 2933 2922 2904 2913 2930 2932 2911 2892 2889 2877 2831
3059 3062 3051 3055 3042 3046 3026 3033 3062 3075 3090 3093 3106 3098 3094 3095 3096 3099 3101 3103 3106 3109 3111 3111 3115 3116 3119 3127 3133 3136 3137 3132 3121 3112 3107 3103 3095 3085 3078 3057 3045 3047 3068 3073 3054 3033 3037 3052 3068 3088 3093 3091 3077 3067 3062 3054 3060 3063 3064 3062 3062 3079 3090 3093 3086 3073 3060 3045 3031 3011 2985 2956 2911 2896 2883 2909 2938 2935 2926 2908 2880 2841
3052 3066 3075 3064 3075 3069 3065 3052 3063 3090 3094 3107 3112 3107 3104 3100 3099 3101 3102 3106 3108 3111 3113 3114 3115 3115 3117 3126 3131 3134 3135 3135 3130 3126 3123 3116 3101 3094 3090 3089 3075 3074 3081 3072 3044 3023 3027 3048 3076 3094 3100 3088 3071 3053 3041 3035 3048 3063 3065 3062 3066 3079 3094 3098 3087 3069 3042 3035 3017 3015 2995 2959 2934 2915 2906 2925 2956 2969 2949 2929 2896 2869
3055 3066 3086 3088 3088 3099 3090 3079 3088 3097 3107 3114 3115 3107 3101 3097 3095 3094 3098 3104 3110 3112 3114 3115 3114 3110 3111 3120 3130 3132 3134 3135 3135 3134 3128 3120 3104 3092 3099 3103 3101 3101 3098 3089 3063 3043 3043 3058 3081 3099 3106 3097 3079 3059 3040 3029 3032 3057 3070 3074 3077 3089 3100 3098 3080 3056 3034 3004 3005 2997 2983 2965 2957 2960 2948 2949 2976 2982 2967 2933 2921 2913
3079 3076 3087 3099 3106 3111 3111 3106 3104 3111 3115 3117 3113 3098 3089 3087 3085 3088 3090 3098 3108 3113 3115 3115 3111 3105 3104 3113 3124 3132 3133 3132 3133 3131 3127 3119 3105 3097 3100 3114 3116 3112 3106 3093 3084 3070 3064 3074 3093 3108 3108 3102 3094 3081 3067 3049 3054 3064 3076 3087 3088 3096 3101 3094 3081 3056 3023 3002 2976 2971 2957 2960 2974 2996 2984 2977 2981 2989 2948 2932 2936 2952
3099 3087 3092 3101 3113 3119 3117 3115 3116 3118 3119 3118 3106 3097 3089 3093 3092 3095 3095 3100 3108 3113 3115 3115 3112 3108 3106 3108 3118 3130 3132 3130 3124 3128 3125 3121 3111 3100 3105 3117 3123 3116 3105 3096 3089 3077 3067 3069 3092 3105 3111 3104 3095 3090 3084 3079 3073 3081 3086 3085 3085 3093 3104 3096 3078 3053 3016 2990 2978 2962 2957 2963 2987 3005 3005 2986 2987 2973 2946 2928 2965 2987
3077 3078 3074 3091 3108 3121 3122 3119 3121 3122 3122 3114 3103 3095 3096 3098 3099 3098 3103 3104 3110 3114 3116 3116 3116 3116 3114 3110 3117 3126 3130 3119 3114 3117 3126 3127 3121 3112 3109 3121 3126 3121 3112 3103 3102 3091 3072 3078 3081 3097 3113 3110 3100 3092 3086 3085 3086 3091 3089 3084 3078 3077 3100 3095 3069 3030 2997 2989 2998 3000 2992 2992 3001 3013 3017 3014 2997 2984 2965 2971 3001 3025
3066 3062 3061 3075 3101 3118 3125 3124 3124 3124 3121 3106 3094 3096 3099 3103 3102 3107 3108 3111 3114 3115 3116 3116 3117 3119 3120 3119 3120 3126 3125 3116 3105 3112 3122 3128 3125 3120 3116 3122 3128 3125 3119 3114 3110 3102 3091 3080 3077 3083 3103 3114 3105 3095 3089 3083 3085 3091 3100 3098 3082 3088 3094 3094 3060 3020 2989 2993 3012 3030 3030 3032 3029 3037 3040 3031 3007 2985 2983 3004 3028 3044
3080 3074 3069 3079 3101 3121 3126 3126 3126 3124 3110 3099 3090 3104 3110 3113 3113 3112 3115 3116 3117 3117 3117 3117 3118 3119 3121 3122 3123 3124 3125 3120 3113 3114 3121 3125 3127 3124 3124 3126 3130 3127 3124 3119 3117 3109 3101 3098 3081 3084 3104 3115 3108 3103 3095 3094 3089 3095 3103 3106 3104 3095 3101 3088 3070 3040 3015 3006 3016 3022 3034 3046 3063 3059 3055 3048 3022 3009 3021 3036 3053 3060
3105 3100 3086 3095 3111 3125 3128 3127 3126 3120 3112 3096 3100 3112 3120 3120 3119 3118 3120 3120 3120 3120 3119 3119 3119 3120 3122 3122 3122 3123 3125 3126 3124 3123 3125 3128 3128 3130 3129 3130 3131 3131 3127 3124 3121 3117 3111 3106 3099 3096 3110 3115 3114 3106 3105 3101 3101 3101 3105 3107 3105 3102 3099 3095 3084 3075 3058 3041 3017 3010 3018 3032 3062 3070 3064 3055 3047 3044 3057 3065 3069 3070
3127 3121 3116 3119 3126 3130 3129 3128 3127 3126 3119 3117 3116 3124 3126 3126 3124 3123 3123 3123 3122 3122 3121 3121 3121 3121 3123 3123 3123 3124 3124 3126 3127 3127 3129 3129 3131 3131 3132 3132 3133 3134 3134 3132 3130 3128 3124 3122 3115 3118 3120 3125 3119 3116 3111 3107 3107 3106 3107 3106 3104 3102 3100 3098 3098 3095 3086 3072 3053 3039 3031 3047 3059 3051 3055 3058 3056 3065 3075 3079 3080 3075
3133 3133 3132 3132 3132 3131 3131 3130 3128 3128 3127 3126 3128 3129 3130 3129 3128 3126 3126 3125 3124 3124 3123 3123 3123 3123 3123 3124 3124 3125 3126 3127 3127 3129 3130 3131 3132 3132 3132 3133 3134 3136 3138 3138 3137 3135 3132 3130 3130 3128 3127 3124 3124 3119 3108 3107 3110 3110 3110 3108 3106 3105 3102 3101 3101 3101 3099 3094 3084 3078 3079 3071 3061 3038 3033 3048 3058 3072 3081 3087 3089 3085
3134 3136 3136 3135 3133 3132 3131 3130 3129 3129 3129 3129 3129 3131 3131 3131 3130 3129 3128 3127 3126 3125 3124 3124 3124 3124 3124 3124 3125 3126 3127 3128 3128 3129 3131 3132 3133 3133 3133 3133 3134 3136 3138 3139 3138 3137 3135 3134 3133 3131 3128 3126 3124 3116 3108 3106 3112 3114 3113 3110 3108 3107 3107 3105 3105 3106 3105 3103 3099 3096 3094 3091 3076 3043 3041 3049 3051 3055 3075 3090 3094 3094
3135 3137 3137 3136 3134 3133 3132 3131 3131 3130 3130 3130 3130 3131 3131 3131 3131 3130 3129 3128 3127 3126 3126 3126 3125 3125 3125 3125 3125 3126 3127 3128 3129 3130 3131 3132 3133 3134 3134 3134 3135 3136 3138 3138 3138 3137 3136 3135 3134 3132 3130 3129 3126 3121 3114 3114 3117 3116 3115 3112 3110 3109 3109 3109 3108 3111 3110 3106 3103 3100 3098 3096 3094 3081 3079 3072 3055 3048 3056 3076 3097 3099
3136 3137 3137 3136 3135 3134 3133 3132 3132 3131 3131 3131 3132 3132 3132 3132 3132 3131 3130 3129 3128 3127 3127 3127 3126 3126 3126 3126 3126 3127 3128 3129 3130 3131 3132 3133 3134 3134 3134 3134 3135 3136 3137 3137 3137 3137 3137 3136 3135 3134 3133 3130 3126 3122 3120 3119 3118 3117 3116 3114 3112 3111 3111 3111 3112 3113 3113 3109 3105 3102 3100 3099 3097 3098 3099 3100 3089 3073 3073 3084 3092 3098
3136 3137 3137 3136 3135 3135 3134 3133 3133 3132 3133 3133 3133 3133 3132 3132 3132 3132 3131 3130 3129 3128 3128 3127 3127 3127 3127 3127 3128 3128 3128 3129 3130 3131 3132 3133 3134 3134 3134 3134 3135 3136 3137 3137 3137 3137 3137 3136 3135 3135 3134 3130 3127 3124 3122 3121 3119 3117 3116 3115 3114 3113 3113 3113 3113 3114 3113 3111 3109 3105 3103 3100 3098 3097 3097 3100 3103 3105 3101 3095 3099 3099
3137 3138 3138 3137 3136 3136 3135 3134 3133 3134 3134 3134 3134 3134 3133 3133 3133 3132 3131 3131 3130 3129 3128 3128 3128 3128 3128 3128 3129 3129 3129 3130 3131 3132 3132 3133 3133 3134 3134 3135 3135 3136 3136 3136 3136 3136 3137 3136 3136 3135 3133 3130 3126 3125 3123 3121 3120 3118 3117 3116 3115 3115 3115 3115 3114 3115 3116 3115 3113 3110 3107 3105 3102 3099 3097 3098 3103 3107 3110 3109 3106 3105
3139 3139 3139 3138 3138 3137 3137 3136 3135 3135 3135 3135 3135 3135 3134 3134 3133 3133 3132 3132 3131 3130 3130 3130 3130 3129 3129 3130 3130 3131 3131 3133 3133 3134 3134 3135 3134 3136 3137 3137 3137 3139 3138 3136 3136 3136 3136 3137 3137 3136 3132 3129 3126 3125 3123 3121 3120 3119 3118 3117 3116 3116 3116 3116 3115 3116 3116 3117 3115 3114 3113 3112 3110 3109 3107 3109 3109 3112 3113 3112 3111 3110
3139 3139 3139 3138 3138 3137 3137 3136 3136 3136 3136 3135 3135 3135 3134 3134 3133 3133 3133 3132 3132 3131 3131 3131 3131 3131 3131 3131 3133 3133 3135 3137 3139 3139 3140 3138 3139 3142 3144 3143 3145 3144 3142 3140 3137 3135 3136 3135 3136 3134 3132 3128 3126 3125 3123 3122 3121 3120 3119 3118 3118 3118 3118 3117 3117 3117 3119 3119 3119 3118 3119 3118 3117 3116 3116 3116 3116 3116 3115 3113 3112 3111
3139 3139 3138 3138 3137 3137 3137 3137 3136 3136 3136 3136 3135 3135 3134 3134 3133 3133 3133 3133 3133 3132 3132 3132 3132 3133 3133 3135 3136 3138 3138 3141 3141 -9999 -9999 -9999 -9999 3147 3148 -9999 -9999 -9999 -9999 3143 3142 3140 3134 3134 3132 3132 3129 3128 3127 3125 3124 3122 3121 3121 3120 3119 3119 3120 3119 3119 3118 3119 3121 3123 3122 3121 3121 3120 3120 3118 3118 3118 3117 3117 3115 3114 3112 3111
3141 3139 3138 3138 3137 3137 3137 3137 3136 3136 3136 3136 3136 3135 3135 3134 3134 3133 3133 3133 3133 3133 3133 3134 3135 3136 3138 3138 3140 3141 -9999 -9999 -9999 -9999 -9999 -9999 -9999 -9999 -9999 -9999 -9999 -9999 -9999 -9999 3146 3142 3138 3134 3131 3130 3129 3128 3127 3125 3124 3123 3122 3122 3121 3121 3121 3120 3121 3121 3121 3121 3123 3123 3125 3125 3126 3126 3124 3122 3119 3117 3117 3116 3115 3114 3113 3112
-9999 3138 3138 3138 3137 3137 3137 3137 3136 3136 3136 3136 3136 3135 3135 3134 3134 3134 3135 3135 3135 3135 3135 3137 3138 3140 3140 -9999 -9999 -9999 -9999 -9999 -9999 -9999 -9999 -9999 -9999 -9999 -9999 -9999 -9999 -9999 -9999 -9999 -9999 3146 3147 3144 3139 3132 3131 3130 3128 3127 3126 3125 3124 3123 3123 3123 3122 3123 3124 3125 3128 3129 3129 3132 3134 3137 3137 3135 3132 3126 3121 3117 3116 3116 3115 3115 3114 3114
-9999 -9999 3138 3138 3138 3138 3138 3138 3138 3138 3137 3137 3136 3136 3135 3135 3136 3137 3138 3139 3138 3138 3138 3140 3140 -9999 -9999 -9999 -9999 -9999 -9999 -9999 -9999 -9999 -9999 -9999 -9999 -9999 -9999 -9999 -9999 -9999 -9999 -9999 -9999 -9999 3159 3160 3152 3142 3137 3134 3132 3131 3130 3129 3128 3127 3127 3128 3129 3129 3131 3133 3136 3140 3141 3142 3144 3143 3143 3139 3136 -9999 -9999 3115 3115 3115 3115 3114 3114 3113
-9999 -9999 -9999 3138 3140 3141 3141 3142 3142 3141 3141 3140 3138 3137 3137 3138 3139 3141 3142 3141 -9999 -9999 -9999 -9999 -9999 -9999 -9999 -9999 -9999 -9999 -9999 -9999 -9999 -9999 -9999 -9999 -9999 -9999 -9999 -9999 -9999 -9999 -9999 -9999 -9999 -9999 3163 3164 3159 3150 3144 3138 3136 3134 3136 3135 3131 3131 3132 3135 3138 3139 3140 3142 3145 3147 3148 3147 3147 3146 -9999 -9999 -9999 -9999 -9999 -9999 3114 3115 3114 3114 3113 3113
-9999 -9999 -9999 -9999 3146 3146 3146 3144 -9999 -9999 -9999 3142 -9999 3140 3141 3141 3143 3143 -9999 -9999 -9999 -9999 -9999 -9999 -9999 -9999 -9999 -9999 -9999 -9999 -9999 -9999 -9999 -9999 -9999 -9999 -9999 -9999 -9999 -9999 -9999 -9999 -9999 -9999 -9999 -9999 -9999 3165 3166 3162 3156 3151 3145 3148 3150 3150 3145 3142 3138 3141 3142 3143 3146 3150 3150 3152 3150 3150 -9999 -9999 -9999 -9999 -9999 -9999 -9999 -9999 -9999 3115 3115 3114 3113 3112
-9999 -9999 -9999 -9999 -9999 -9999 -9999 -9999 -9999 -9999 -9999 -9999 -9999 -9999 3142 -9999 -9999 -9999 -9999 -9999 -9999 -9999 -9999 -9999 -9999 -9999 -9999 -9999 -9999 -9999 -9999 -9999 -9999 -9999 -9999 -9999 -9999 -9999 -9999 -9999 -9999 -9999 -9999 -9999 -9999 -9999 -9999 -9999 3169 3171 3172 3167 3166 3167 3169 3166 3160 3155 3150 3146 3146 3148 3150 3151 3153 -9999 -9999 -9999 -9999 -9999 -9999 -9999 -9999 -9999 -9999 -9999 -9999 -9999 -9999 3114 3114 3112
