Data/tmax/PRISM_tmax_pr_1963-1995_normal_450mM1_11_asc.asc
ncols 557
nrows 164
xllcorner -67.31875000000
yllcorner 17.86875000000
cellsize 0.00416666667
NODATA_value -9999
[rows 36 to 71 of 164, columns 164 to 245 of 557]
3000 2997 2995 2993 2992 2993 2991 2990 2985 2986 2987 2984 2980 2980 2980 2980 2977 2977 2978 2978 2977 2977 2979 2979 2980 2979 2978 2977 2975 2976 2977 3000 3022 3022 2998 2963 2957 2955 2956 2961 2962 2962 2962 2961 2960 2956 2958 2955 2954 2953 2959 2964 2966 2965 2963 2963 2975 2998 2989 2971 2972 2970 2973 2973 2971 2968 2967 2972 2990 3018 3007 2986 2975 2979 2972 2971 2968 2979 2979 2974 2968 2963
2996 2995 2991 2990 2988 2991 2990 2986 2984 2982 2982 2981 2982 2979 2979 2977 2977 2975 2976 2976 2976 2976 2975 2974 2974 2975 2974 2972 2969 2967 2969 2981 3009 3025 3007 2979 2956 2954 2954 2954 2956 2954 2955 2956 2955 2953 2953 2950 2947 2947 2952 2955 2958 2959 2954 2956 2972 2994 2976 2961 2958 2962 2956 2955 2954 2955 2962 2977 3000 3009 2993 2976 2975 2975 2976 2967 2964 2964 2960 2957 2951 2957
2995 2991 2988 2985 2986 2986 2986 2983 2981 2980 2979 2982 2983 2983 2980 2978 2978 2975 2976 2976 2976 2973 2969 2967 2968 2972 2973 2970 2966 2962 2959 2968 2997 3021 3020 2991 2970 2955 2946 2947 2946 2946 2947 2948 2948 2949 2947 2942 2940 2939 2941 2945 2951 2949 2947 2947 2967 2991 2970 2952 2950 2952 2945 2937 2937 2946 2967 2995 3007 2997 2972 2962 2963 2967 2967 2958 2956 2952 2955 2957 2965 2972
2991 2987 2984 2982 2983 2984 2981 2980 2979 2980 2981 2982 2984 2984 2978 2977 2975 2972 2971 2973 2974 2973 2969 2965 2966 2969 2969 2966 2962 2959 2958 2968 2995 3019 3025 3008 2987 2966 2945 2940 2939 2939 2941 2942 2943 2942 2942 2935 2931 2932 2938 2943 2946 2945 2943 2946 2964 2992 2973 2952 2948 2948 2940 2927 2927 2941 2971 3003 3012 2980 2958 2953 2951 2953 2949 2952 2955 2960 2966 2979 2984 2993
2988 2985 2980 2979 2980 2980 2977 2973 2976 2979 2981 2982 2982 2978 2979 2979 2978 2974 2973 2973 2973 2971 2968 2967 2967 2966 2964 2960 2955 2954 2956 2966 2990 3012 3022 3018 3003 2981 2952 2939 2937 2935 2935 2933 2935 2935 2934 2925 2919 2922 2936 2938 2939 2936 2941 2947 2962 2989 2975 2958 2950 2948 2935 2927 2922 2937 2965 2987 2997 2968 2949 2947 2945 2941 2940 2945 2957 2963 2971 2980 2980 2984
2984 2984 2979 2974 2975 2974 2972 2972 2975 2980 2981 2980 2974 2975 2973 2977 2979 2976 2976 2974 2971 2967 2966 2965 2965 2965 2964 2961 2956 2954 2953 2959 2974 2994 3015 3019 3013 2990 2958 2939 2931 2927 2926 2924 2923 2924 2920 2913 2907 2914 2926 2930 2917 2923 2934 2945 2960 2987 2976 2963 2952 2945 2936 2925 2925 2935 2944 2966 2979 2959 2945 2942 2939 2940 2933 2941 2945 2949 2954 2959 2961 2964
2983 2980 2977 2973 2969 2970 2971 2971 2976 2979 2979 2980 2978 2979 2980 2980 2980 2975 2973 2970 2966 2963 2960 2963 2963 2962 2964 2962 2956 2951 2950 2951 2959 2977 3004 3020 3014 2996 2963 2939 2924 2922 2922 2921 2921 2918 2920 2916 2918 2924 2936 2928 2921 2921 2936 2945 2967 2977 2969 2951 2943 2936 2929 2926 2927 2930 2936 2946 2973 2954 2945 2943 2935 2927 2930 2927 2926 2926 2931 2944 2943 2948
2978 2976 2971 2968 2969 2969 2970 2972 2973 2975 2979 2979 2983 2983 2985 2984 2976 2974 2967 2964 2961 2958 2958 2960 2962 2963 2965 2963 2958 2952 2949 2949 2951 2967 2994 3013 3017 3003 2976 2954 2941 2933 2938 2941 2940 2940 2936 2936 2936 2940 2942 2942 2935 2946 2955 2970 2973 2980 2965 2949 2930 2922 2921 2922 2926 2929 2926 2948 2966 2964 2955 2961 2950 2950 2951 2948 2938 2930 2936 2948 2944 2940
2976 2975 2969 2968 2973 2978 2980 2979 2978 2980 2981 2984 2981 2986 2985 2983 2981 2975 2972 2968 2965 2958 2958 2959 2960 2965 2968 2966 2959 2955 2949 2946 2946 2957 2984 3009 3017 3010 2990 2971 2955 2945 2944 2948 2948 2949 2951 2948 2948 2948 2948 2948 2951 2960 2976 2978 2979 2971 2967 2953 2931 2915 2910 2915 2917 2922 2944 2956 2979 2957 2958 2953 2957 2962 2975 2972 2961 2959 2967 2968 2972 2949
2980 2979 2974 2973 2982 2987 2989 2989 2987 2985 2987 2982 2985 2983 2988 2986 2982 2980 2976 2972 2960 2957 2958 2960 2960 2964 2970 2966 2962 2956 2953 2947 2943 2953 2980 3004 3019 3012 2994 2971 2958 2947 2946 2948 2948 2948 2949 2950 2951 2950 2951 2952 2951 2965 2969 2975 2966 2953 2959 2953 2928 2909 2903 2906 2910 2927 2950 2976 2972 2962 2942 2936 2931 2943 2948 2945 2949 2959 2969 2985 2983 2966
2983 2983 2977 2979 2987 2989 2988 2986 2988 2982 2985 2978 2978 2983 2986 2984 2979 2982 2979 2971 2964 2958 2962 2963 2959 2965 2968 2963 2960 2958 2952 2940 2938 2949 2974 3002 3011 3017 3002 2986 2963 2951 2951 2950 2947 2944 2944 2946 2948 2949 2948 2951 2955 2955 2961 2959 2954 2943 2944 2947 2926 2905 2900 2900 2906 2917 2940 2958 2970 2972 2966 2948 2929 2912 2912 2910 2917 2938 2960 2975 2996 2984
2980 2981 2977 2978 2979 2977 2972 2974 2972 2981 2973 2975 2975 2982 2984 2977 2977 2976 2978 2969 2961 2956 2958 2952 2951 2955 2954 2952 2948 2945 2939 2930 2925 2939 2969 2987 3001 3006 3013 3002 2984 2962 2953 2948 2945 2941 2939 2941 2943 2941 2943 2947 2947 2949 2945 2949 2949 2935 2938 2943 2920 2900 2894 2900 2907 2908 2908 2915 2938 2962 2979 2975 2947 2923 2909 2903 2903 2919 2950 2971 2995 2993
2970 2975 2975 2975 2971 2964 2960 2963 2968 2964 2973 2965 2969 2973 2974 2972 2961 2966 2960 2960 2949 2947 2944 2944 2947 2951 2948 2943 2942 2936 2923 2913 2913 2925 2950 2973 2977 2984 3006 3014 2995 2967 2947 2939 2935 2938 2936 2937 2936 2934 2935 2938 2938 2937 2939 2941 2939 2931 2930 2939 2923 2899 2897 2890 2892 2885 2870 2879 2894 2930 2966 2987 2973 2959 2944 2930 2915 2920 2948 2968 2982 2981
2956 2963 2965 2967 2962 2958 2956 2952 2953 2960 2959 2958 2961 2962 2968 2958 2957 2948 2956 2949 2949 2943 2944 2943 2941 2939 2931 2930 2934 2926 2908 2903 2902 2910 2935 2952 2954 2968 2995 3013 3002 2972 2943 2927 2929 2931 2932 2931 2929 2925 2925 2928 2933 2937 2937 2935 2929 2916 2925 2938 2928 2919 2911 2895 2879 2867 2860 2858 2887 2922 2964 2984 2985 2975 2982 2969 2954 2943 2950 2958 2967 2970
2942 2944 2950 2953 2955 2952 2951 2946 2942 2946 2953 2954 2954 2960 2952 2954 2949 2945 2944 2952 2947 2943 2951 2937 2932 2918 2905 2912 2923 2914 2900 2890 2889 2900 2910 2928 2937 2961 2997 3009 3004 2981 2946 2923 2919 2921 2922 2922 2920 2918 2920 2930 2931 2931 2929 2917 2904 2904 2906 2914 2914 2920 2919 2899 2880 2862 2855 2870 2898 2944 2973 2980 2965 2973 2981 2995 2979 2966 2949 2936 2940 2947
2935 2941 2945 2954 2955 2949 2945 2941 2939 2946 2948 2949 2950 2947 2946 2943 2945 2941 2937 2934 2929 2930 2925 2927 2916 2912 2908 2907 2907 2903 2888 2882 2881 2883 2896 2911 2941 2978 2998 3003 3004 2986 2950 2922 2912 2908 2911 2913 2914 2916 2927 2932 2930 2918 2911 2900 2889 2885 2887 2887 2897 2912 2923 2907 2882 2865 2853 2870 2910 2951 2965 2961 2949 2959 2982 2982 2990 2975 2951 2928 2911 2908
2939 2946 2960 2976 2977 2965 2949 2945 2948 2953 2955 2941 2937 2938 2936 2936 2936 2932 2922 2922 2919 2908 2912 2907 2907 2903 2902 2901 2895 2889 2882 2886 2878 2880 2891 2926 2966 2990 2993 2992 2999 2993 2962 2920 2900 2900 2901 2910 2912 2920 2929 2936 2926 2913 2901 2892 2881 2878 2879 2877 2890 2913 2919 2914 2905 2878 2875 2882 2913 2929 2937 2927 2940 2962 2971 2972 2970 2983 2965 2925 2904 2885
2958 2971 2991 3010 3013 2999 2984 2974 2978 2984 2976 2966 2950 2942 2940 2934 2934 2923 2919 2911 2902 2894 2887 2886 2885 2884 2887 2890 2891 2881 2885 2885 2875 2881 2906 2958 2978 2981 2964 2972 2990 2993 2973 2920 2888 2886 2902 2914 2921 2922 2924 2927 2922 2909 2900 2886 2877 2869 2868 2874 2889 2903 2907 2910 2906 2898 2888 2901 2901 2903 2899 2913 2934 2968 2976 2953 2959 2972 2953 2921 2895 2887
3001 3008 3012 3015 3024 3025 3019 3012 3008 3002 2996 2989 2981 2958 2942 2932 2926 2923 2911 2904 2895 2883 2874 2877 2868 2865 2866 2876 2875 2871 2871 2876 2871 2880 2926 2966 2973 2946 2933 2939 2953 2979 2963 2912 2891 2896 2919 2939 2940 2929 2915 2907 2903 2902 2894 2886 2875 2863 2860 2866 2884 2893 2893 2894 2899 2891 2891 2894 2894 2880 2885 2905 2929 2960 2961 2943 2946 2952 2930 2898 2891 2891
3007 2995 2983 2983 2996 3020 3026 3017 2995 2970 2958 2969 2979 2962 2933 2917 2909 2902 2895 2894 2889 2879 2873 2865 2861 2856 2856 2863 2865 2865 2866 2880 2884 2903 2936 2954 2944 2923 2910 2911 2930 2957 2960 2917 2915 2936 2954 2970 2959 2931 2908 2898 2887 2886 2883 2879 2869 2856 2850 2857 2869 2874 2879 2880 2886 2883 2875 2885 2882 2873 2883 2895 2912 2930 2932 2918 2928 2932 2902 2887 2894 2904
2958 2951 2940 2946 2976 3010 3009 3003 2987 2950 2926 2940 2966 2961 2943 2907 2891 2875 2869 2868 2876 2868 2859 2856 2852 2852 2850 2857 2860 2859 2883 2910 2920 2937 2947 2934 2902 2895 2889 2892 2932 2974 2963 2940 2958 2977 2988 2981 2953 2920 2894 2881 2871 2867 2859 2854 2848 2839 2837 2838 2846 2853 2859 2864 2868 2866 2866 2873 2883 2878 2877 2885 2886 2890 2895 2881 2889 2894 2880 2863 2890 2893
2922 2918 2917 2928 2961 2991 2990 2977 2968 2952 2938 2936 2950 2956 2950 2931 2895 2871 2852 2858 2865 2870 2860 2857 2851 2849 2853 2867 2875 2888 2913 2930 2928 2931 2931 2900 2875 2863 2868 2892 2952 2996 2988 2970 2989 3007 3005 2993 2964 2928 2899 2873 2852 2839 2837 2831 2829 2822 2813 2826 2827 2831 2842 2839 2835 2836 2837 2863 2873 2868 2869 2873 2856 2866 2857 2845 2847 2859 2854 2848 2858 2866
2897 2897 2892 2909 2953 2982 2965 2938 2933 2933 2937 2944 2944 2943 2947 2944 2918 2885 2859 2850 2863 2865 2869 2863 2864 2868 2881 2906 2912 2919 2926 2925 2906 2893 2896 2878 2852 2848 2860 2893 2956 3011 3010 2991 2992 3007 3017 3005 2989 2969 2930 2888 2847 2842 2843 2852 2844 2811 2794 2794 2803 2805 2816 2812 2803 2796 2805 2823 2837 2833 2845 2843 2840 2826 2825 2808 2803 2830 2837 2824 2837 2834
2928 2902 2889 2908 2949 2961 2942 2909 2893 2897 2911 2932 2928 2923 2934 2938 2933 2898 2872 2859 2859 2868 2856 2863 2869 2886 2913 2926 2922 2915 2905 2894 2879 2872 2869 2869 2858 2857 2878 2909 2954 2998 3006 2977 2951 2961 2993 2990 2983 2985 2954 2907 2879 2876 2891 2896 2871 2812 2763 2769 2782 2789 2788 2785 2774 2772 2776 2787 2786 2793 2806 2818 2805 2802 2796 2789 2793 2811 2821 2809 2814 2811
2972 2927 2894 2916 2943 2931 2900 2877 2871 2869 2886 2886 2888 2879 2887 2921 2930 2923 2897 2887 2890 2876 2863 2860 2872 2895 2923 2928 2916 2898 2876 2860 2857 2854 2862 2894 2904 2901 2935 2947 2971 2994 2998 2955 2905 2904 2943 2938 2942 2965 2937 2899 2897 2920 2930 2925 2899 2825 2775 2792 2807 2815 2792 2765 2749 2751 2752 2752 2757 2756 2770 2768 2775 2778 2780 2784 2781 2791 2798 2788 2797 2796
2972 2898 2864 2897 2934 2912 2880 2864 2850 2857 2859 2861 2832 2825 2833 2874 2920 2933 2923 2918 2909 2898 2874 2876 2884 2902 2914 2914 2906 2885 2862 2859 2860 2863 2893 2933 2946 2963 2967 2983 2992 3003 2989 2939 2874 2866 2887 2876 2890 2930 2917 2889 2903 2917 2920 2927 2903 2853 2836 2829 2841 2851 2822 2780 2757 2739 2732 2733 2733 2733 2727 2727 2734 2762 2765 2769 2771 2774 2779 2778 2781 2782
2940 2846 2819 2867 2914 2909 2882 2861 2853 2837 2843 2835 2812 2790 2789 2821 2874 2910 2906 2893 2897 2889 2880 2886 2897 2901 2892 2887 2891 2879 2874 2895 2909 2919 2934 2950 2944 2953 2963 2963 2979 2990 2948 2898 2846 2835 2856 2826 2836 2902 2916 2909 2898 2889 2881 2892 2888 2883 2855 2830 2827 2843 2831 2814 2782 2754 2728 2718 2721 2716 2714 2705 2711 2726 2735 2742 2745 2756 2758 2768 2770 2773
2897 2799 2791 2837 2874 2880 2855 2851 2849 2843 2832 2818 2804 2775 2759 2777 2825 2863 2868 2856 2847 2856 2858 2874 2885 2883 2874 2874 2888 2885 2907 2947 2956 2943 2936 2927 2894 2907 2912 2921 2965 2961 2916 2851 2807 2804 2816 2783 2784 2842 2887 2896 2856 2817 2814 2841 2846 2848 2837 2804 2806 2826 2829 2829 2827 2789 2754 2727 2718 2726 2737 2734 2714 2722 2724 2727 2730 2732 2739 2737 2752 2765
2838 2774 2773 2811 2843 2832 2812 2821 2842 2842 2822 2802 2789 2773 2747 2744 2769 2818 2842 2819 2803 2802 2815 2835 2856 2860 2865 2878 2882 2893 2919 2964 2942 2895 2879 2878 2851 2855 2857 2886 2936 2957 2906 2841 2787 2774 2775 2745 2749 2793 2847 2844 2794 2753 2767 2776 2765 2769 2758 2753 2792 2783 2768 2802 2833 2828 2800 2770 2755 2760 2779 2769 2755 2749 2750 2744 2737 2727 2725 2729 2730 2737
2788 2736 2750 2792 2808 2802 2786 2797 2821 2813 2784 2758 2765 2765 2737 2716 2727 2771 2806 2799 2761 2748 2757 2786 2803 2821 2856 2869 2866 2879 2925 2954 2929 2855 2828 2835 2816 2821 2835 2875 2937 2958 2910 2845 2785 2750 2740 2734 2748 2790 2832 2804 2741 2722 2725 2730 2696 2692 2694 2732 2776 2749 2707 2736 2789 2818 2822 2803 2784 2778 2773 2773 2758 2764 2742 2724 2700 2699 2713 2726 2721 2725
2775 2723 2728 2749 2775 2756 2748 2766 2779 2765 2728 2701 2721 2733 2710 2684 2697 2737 2786 2772 2745 2719 2708 2726 2756 2793 2829 2853 2865 2897 2943 2961 2924 2857 2810 2802 2794 2812 2853 2891 2930 2949 2913 2850 2783 2739 2715 2705 2727 2776 2801 2774 2713 2692 2688 2667 2644 2651 2673 2727 2772 2752 2698 2691 2736 2777 2801 2801 2782 2755 2737 2725 2726 2721 2703 2673 2663 2663 2686 2706 2706 2702
2767 2713 2686 2705 2721 2706 2711 2729 2737 2714 2669 2645 2675 2705 2696 2680 2690 2727 2756 2748 2719 2690 2667 2682 2724 2763 2815 2831 2861 2927 2949 2947 2899 2836 2796 2780 2778 2823 2864 2894 2922 2942 2928 2873 2802 2742 2705 2691 2704 2740 2782 2743 2696 2672 2639 2621 2616 2644 2682 2721 2769 2733 2684 2658 2686 2727 2759 2771 2755 2737 2714 2702 2690 2679 2660 2654 2651 2668 2679 2688 2702 2709
2774 2700 2655 2649 2668 2678 2691 2705 2705 2673 2628 2606 2644 2688 2687 2666 2666 2698 2717 2704 2682 2653 2627 2639 2680 2740 2772 2806 2846 2906 2938 2920 2868 2820 2783 2766 2768 2793 2837 2860 2885 2922 2942 2902 2833 2782 2750 2721 2709 2715 2726 2702 2660 2637 2611 2594 2594 2628 2666 2715 2730 2728 2662 2629 2647 2680 2710 2723 2724 2718 2711 2704 2686 2681 2666 2654 2653 2658 2670 2684 2709 2731
2771 2683 2622 2599 2632 2651 2667 2676 2671 2643 2602 2578 2605 2647 2649 2630 2642 2669 2700 2672 2639 2610 2582 2595 2636 2686 2740 2756 2792 2843 2891 2898 2877 2819 2781 2756 2740 2758 2784 2808 2842 2896 2932 2929 2881 2846 2819 2793 2745 2707 2693 2661 2642 2636 2618 2597 2588 2597 2621 2661 2706 2713 2670 2625 2615 2630 2662 2682 2682 2677 2677 2679 2676 2677 2675 2659 2648 2661 2677 2699 2721 2730
2754 2660 2580 2562 2589 2613 2626 2627 2624 2602 2566 2536 2548 2585 2605 2614 2631 2672 2677 2662 2616 2580 2560 2572 2614 2666 2711 2720 2724 2775 2825 2878 2869 2848 2800 2763 2736 2725 2743 2774 2821 2872 2932 2947 2912 2877 2846 2827 2784 2715 2671 2649 2637 2648 2640 2620 2601 2590 2590 2618 2660 2688 2666 2608 2582 2596 2626 2655 2648 2646 2628 2632 2628 2640 2643 2642 2647 2676 2702 2708 2713 2712
2741 2624 2541 2524 2539 2565 2576 2579 2578 2565 2536 2511 2506 2540 2578 2598 2630 2654 2664 2648 2621 2598 2577 2583 2614 2661 2695 2697 2709 2758 2818 2838 2854 2849 2843 2803 2748 2719 2717 2745 2796 2850 2899 2925 2911 2852 2810 2803 2789 2729 2673 2642 2638 2647 2638 2627 2614 2601 2612 2633 2662 2690 2659 2608 2566 2568 2595 2613 2622 2608 2601 2586 2579 2589 2600 2612 2636 2672 2681 2679 2681 2679
