Data/tmax/PRISM_tmax_pr_1963-1995_normal_450mM1_04_asc.asc
ncols 557
nrows 164
xllcorner -67.31875000000
yllcorner 17.86875000000
cellsize 0.00416666667
NODATA_value -9999
[rows 72 to 107 of 164, columns 246 to 327 of 557]
2672 2653 2640 2627 2633 2638 2640 2637 2638 2651 2660 2668 2675 2680 2689 2714 2761 2809 2851 2877 2923 2915 2866 2802 2748 2707 2687 2681 2677 2691 2699 2716 2728 2751 2777 2806 2839 2857 2848 2836 2827 2834 2851 2866 2879 2898 2921 2944 2961 2964 2974 2992 2995 2999 2992 2979 2970 2964 2967 2989 3016 3032 3034 3038 3038 3039 3041 3042 3029 3028 3024 3017 3024 3015 3014 3015 3000 2986 2989 2995 2995 3001
2670 2668 2653 2647 2644 2655 2656 2660 2666 2671 2679 2683 2697 2721 2728 2750 2771 2806 2842 2880 2898 2889 2832 2761 2708 2678 2662 2666 2675 2693 2710 2721 2741 2769 2808 2835 2854 2856 2847 2842 2830 2830 2846 2867 2890 2916 2940 2956 2956 2953 2964 2983 2994 3005 3005 3002 2996 2988 2986 2998 3019 3032 3035 3036 3037 3036 3038 3040 3037 3031 3017 3006 3000 2991 2984 2988 2970 2942 2938 2947 2942 2972
2662 2669 2668 2661 2666 2667 2667 2674 2675 2679 2682 2692 2722 2755 2783 2802 2815 2835 2869 2888 2899 2878 2814 2751 2708 2692 2689 2698 2716 2742 2753 2766 2776 2802 2836 2860 2859 2850 2833 2823 2814 2816 2835 2849 2878 2909 2927 2931 2922 2906 2926 2957 2984 3002 3012 3014 3016 3014 3016 3018 3029 3031 3032 3034 3033 3034 3036 3037 3036 3029 3011 2986 2983 2978 2970 2974 2953 2916 2909 2907 2912 2931
2656 2672 2679 2678 2672 2670 2670 2669 2668 2669 2677 2685 2700 2733 2756 2783 2804 2849 2892 2907 2896 2884 2847 2798 2771 2758 2746 2747 2756 2769 2771 2779 2781 2796 2832 2853 2847 2836 2811 2800 2792 2799 2814 2830 2857 2876 2883 2881 2868 2857 2882 2929 2969 2996 3008 3015 3019 3022 3024 3027 3028 3027 3027 3029 3032 3033 3034 3036 3034 3027 3003 2969 2955 2962 2966 2954 2931 2913 2898 2906 2904 2922
2662 2677 2691 2689 2679 2679 2681 2680 2675 2674 2679 2683 2699 2722 2743 2754 2782 2834 2889 2885 2883 2893 2879 2847 2819 2807 2778 2756 2749 2745 2743 2741 2747 2765 2805 2828 2818 2808 2796 2776 2769 2780 2799 2808 2826 2834 2825 2824 2818 2823 2859 2910 2960 2990 3000 3013 3017 3020 3023 3025 3024 3023 3024 3028 3031 3032 3034 3035 3034 3027 3006 2961 2939 2946 2944 2934 2910 2898 2895 2898 2909 2925
2673 2692 2707 2713 2704 2712 2725 2732 2725 2718 2705 2707 2738 2778 2808 2820 2835 2877 2896 2881 2866 2894 2880 2839 2812 2791 2772 2746 2728 2719 2713 2725 2734 2760 2792 2814 2795 2783 2771 2756 2747 2768 2785 2798 2800 2781 2770 2771 2780 2800 2838 2892 2941 2973 2995 3005 3010 3013 3017 3019 3020 3019 3023 3029 3031 3034 3035 3036 3033 3027 3015 2988 2952 2947 2944 2924 2910 2909 2906 2901 2912 2923
2685 2701 2721 2739 2753 2764 2789 2799 2806 2802 2774 2761 2790 2823 2864 2886 2904 2902 2895 2854 2851 2882 2857 2797 2754 2744 2735 2724 2712 2701 2714 2735 2761 2773 2796 2804 2778 2765 2752 2734 2733 2754 2776 2781 2769 2749 2730 2731 2759 2790 2838 2881 2929 2966 2987 3002 3006 3008 3013 3015 3016 3018 3024 3029 3031 3032 3033 3034 3032 3028 3023 3008 2989 2975 2965 2957 2945 2937 2921 2913 2917 2914
2687 2695 2711 2751 2780 2806 2803 2810 2835 2844 2836 2817 2827 2847 2884 2909 2910 2889 2842 2818 2833 2864 2834 2768 2716 2694 2690 2688 2676 2682 2709 2741 2757 2763 2770 2778 2764 2738 2737 2727 2723 2740 2753 2755 2749 2733 2711 2719 2753 2806 2843 2895 2942 2968 2987 2999 3002 3008 3011 3014 3014 3017 3025 3028 3026 3025 3025 3025 3028 3030 3026 3017 2991 2978 2970 2972 2950 2938 2917 2917 2918 2910
2676 2680 2679 2711 2756 2764 2762 2772 2809 2859 2870 2870 2867 2880 2907 2918 2908 2854 2811 2792 2829 2863 2833 2773 2719 2692 2681 2670 2673 2685 2714 2729 2730 2723 2738 2758 2747 2734 2723 2725 2725 2726 2733 2738 2732 2722 2714 2731 2784 2830 2878 2921 2947 2965 2974 2989 3000 3005 3010 3012 3015 3018 3022 3024 3019 3016 3013 3001 3014 3021 3026 3006 2983 2964 2966 2965 2965 2942 2937 2942 2944 2913
2662 2658 2660 2681 2703 2703 2696 2719 2774 2826 2875 2889 2901 2896 2920 2915 2896 2858 2801 2803 2838 2853 2822 2780 2741 2710 2698 2699 2695 2702 2718 2706 2690 2690 2713 2748 2752 2738 2738 2723 2717 2719 2721 2723 2719 2719 2717 2748 2803 2859 2898 2930 2939 2927 2943 2968 2990 3001 3006 3014 3014 3014 3017 3013 3003 3000 2992 2984 2984 3003 3010 3013 2994 2989 2988 2993 2981 2970 2969 2975 2969 2940
2641 2658 2662 2671 2681 2665 2649 2682 2734 2794 2849 2884 2902 2913 2906 2903 2881 2851 2815 2813 2846 2833 2796 2758 2723 2699 2692 2692 2690 2699 2698 2694 2683 2688 2716 2738 2751 2750 2730 2724 2721 2719 2727 2727 2720 2724 2737 2767 2807 2845 2883 2900 2891 2890 2908 2950 2980 2995 3006 3010 3010 3010 3001 2994 2975 2971 2981 2958 2960 2959 2980 2998 3005 3006 3010 3008 3001 2994 2989 2994 2985 2963
2630 2657 2665 2678 2677 2655 2657 2694 2755 2806 2834 2867 2898 2904 2891 2868 2848 2812 2806 2825 2843 2823 2772 2735 2704 2676 2678 2670 2679 2682 2696 2700 2705 2721 2727 2742 2751 2743 2741 2727 2731 2738 2736 2727 2726 2740 2755 2784 2811 2828 2839 2853 2852 2850 2881 2923 2963 2992 3005 3009 2998 2997 2988 2959 2931 2934 2943 2930 2913 2916 2925 2957 2976 2983 2998 3012 3009 3007 3008 3000 2989 2975
2617 2643 2664 2673 2673 2660 2671 2720 2777 2810 2826 2847 2887 2891 2869 2847 2808 2785 2797 2823 2850 2823 2782 2751 2724 2713 2694 2693 2692 2704 2708 2709 2715 2719 2727 2734 2739 2745 2737 2737 2740 2740 2736 2731 2729 2742 2762 2794 2823 2842 2851 2852 2850 2845 2867 2902 2951 2985 3001 2990 2986 2985 2971 2940 2904 2896 2907 2889 2877 2879 2887 2905 2923 2930 2964 2988 3002 3006 3009 3002 2992 2981
2598 2628 2649 2666 2669 2664 2689 2736 2783 2816 2839 2865 2885 2887 2851 2827 2804 2774 2776 2817 2827 2819 2795 2780 2779 2754 2734 2720 2720 2720 2711 2700 2700 2711 2718 2728 2744 2742 2743 2741 2743 2741 2740 2736 2741 2750 2770 2802 2846 2863 2874 2885 2879 2888 2895 2934 2966 2989 2994 2978 2962 2963 2951 2920 2880 2877 2881 2867 2864 2865 2864 2879 2879 2894 2929 2972 2989 3002 3005 3001 2995 2986
2619 2626 2644 2659 2662 2670 2709 2756 2794 2828 2846 2875 2891 2862 2825 2802 2800 2774 2768 2775 2802 2774 2756 2757 2768 2768 2760 2738 2733 2722 2700 2698 2700 2716 2727 2737 2740 2742 2741 2742 2745 2749 2748 2751 2750 2761 2785 2818 2834 2844 2851 2860 2879 2889 2927 2953 2979 2987 2984 2963 2940 2934 2916 2895 2867 2863 2873 2870 2865 2866 2877 2875 2899 2903 2936 2967 2986 2995 2998 3000 2996 2990
2651 2653 2659 2669 2677 2691 2736 2781 2810 2817 2830 2867 2874 2859 2804 2779 2775 2764 2736 2750 2764 2733 2691 2695 2721 2754 2761 2755 2730 2717 2715 2707 2723 2732 2741 2739 2741 2740 2738 2740 2745 2749 2756 2760 2762 2773 2789 2806 2815 2803 2819 2843 2866 2902 2934 2965 2976 2985 2983 2961 2941 2921 2909 2888 2862 2858 2868 2869 2870 2881 2889 2909 2918 2940 2949 2969 2981 2987 2992 2996 2997 2990
2693 2701 2719 2724 2718 2722 2746 2777 2789 2796 2822 2861 2880 2863 2831 2782 2762 2733 2713 2707 2729 2705 2665 2665 2696 2730 2760 2751 2742 2735 2732 2735 2735 2741 2742 2740 2737 2737 2739 2738 2738 2736 2738 2750 2757 2769 2778 2782 2769 2784 2816 2860 2891 2921 2950 2963 2970 2977 2986 2976 2963 2951 2935 2913 2877 2858 2854 2862 2877 2900 2931 2934 2952 2958 2962 2969 2979 2984 2990 2997 2997 2992
2735 2748 2778 2795 2790 2778 2780 2778 2777 2782 2830 2865 2862 2856 2850 2810 2748 2727 2693 2679 2701 2699 2678 2681 2687 2711 2730 2747 2738 2750 2745 2743 2740 2741 2742 2734 2730 2729 2732 2738 2734 2722 2718 2718 2730 2745 2759 2753 2760 2781 2837 2877 2900 2921 2943 2953 2949 2965 2974 2976 2975 2968 2954 2935 2897 2857 2839 2851 2876 2914 2942 2951 2963 2971 2971 2977 2983 2986 2992 2995 2990 2984
2776 2791 2804 2815 2837 2828 2819 2818 2801 2799 2833 2843 2817 2819 2840 2827 2781 2750 2726 2694 2689 2695 2689 2680 2682 2679 2704 2718 2739 2735 2747 2744 2739 2740 2742 2736 2729 2727 2729 2734 2733 2722 2710 2704 2700 2723 2735 2742 2750 2793 2835 2856 2857 2874 2902 2915 2920 2930 2942 2958 2969 2956 2945 2929 2898 2859 2848 2861 2890 2914 2936 2942 2951 2969 2976 2984 2989 2993 2992 2988 2972 2960
2798 2792 2778 2781 2787 2799 2789 2808 2827 2838 2853 2834 2789 2794 2816 2833 2827 2808 2783 2731 2705 2691 2684 2681 2668 2674 2686 2712 2713 2727 2732 2738 2733 2730 2735 2728 2722 2724 2721 2730 2731 2722 2714 2697 2694 2708 2725 2729 2745 2777 2805 2807 2796 2809 2842 2868 2879 2886 2900 2930 2948 2924 2900 2873 2863 2845 2850 2876 2895 2910 2921 2926 2942 2956 2968 2980 2985 2986 2983 2972 2958 2938
2764 2748 2720 2715 2745 2746 2745 2761 2813 2842 2858 2831 2813 2798 2822 2844 2851 2825 2793 2756 2711 2684 2678 2670 2667 2664 2682 2693 2704 2705 2716 2720 2716 2715 2717 2707 2706 2709 2710 2717 2724 2721 2711 2700 2692 2716 2728 2732 2734 2742 2748 2748 2738 2754 2789 2818 2838 2845 2866 2899 2921 2893 2837 2812 2792 2794 2820 2859 2881 2898 2912 2926 2935 2949 2960 2969 2973 2972 2970 2967 2947 2936
2719 2702 2693 2694 2715 2732 2721 2729 2757 2798 2823 2824 2826 2844 2845 2855 2844 2798 2763 2727 2709 2691 2681 2685 2680 2676 2679 2690 2692 2700 2703 2706 2702 2699 2704 2693 2686 2693 2703 2708 2715 2712 2706 2693 2699 2717 2738 2737 2722 2701 2686 2686 2688 2718 2746 2769 2788 2808 2826 2868 2904 2875 2821 2768 2742 2733 2774 2834 2869 2888 2908 2922 2932 2942 2951 2965 2958 2962 2958 2954 2949 2930
2691 2690 2682 2683 2694 2708 2712 2706 2716 2741 2770 2795 2839 2859 2866 2864 2841 2793 2737 2708 2704 2721 2720 2732 2728 2712 2697 2692 2693 2702 2712 2712 2711 2716 2715 2700 2695 2701 2704 2715 2712 2708 2707 2706 2716 2735 2744 2737 2703 2663 2632 2630 2657 2695 2716 2730 2758 2781 2817 2861 2900 2891 2838 2774 2719 2707 2757 2804 2840 2869 2895 2912 2921 2926 2947 2951 2948 2934 2928 2935 2937 2934
2683 2687 2688 2685 2684 2690 2694 2691 2693 2698 2721 2752 2807 2853 2862 2866 2856 2816 2768 2709 2725 2762 2779 2779 2779 2745 2725 2707 2706 2724 2739 2748 2750 2743 2735 2720 2714 2711 2724 2721 2720 2714 2719 2729 2741 2748 2746 2731 2692 2640 2603 2612 2646 2687 2697 2721 2764 2814 2858 2882 2909 2887 2838 2778 2721 2711 2740 2767 2794 2829 2869 2892 2901 2920 2935 2951 2932 2914 2900 2914 2931 2931
2665 2672 2677 2685 2683 2681 2679 2680 2676 2679 2691 2716 2772 2820 2833 2832 2845 2847 2812 2767 2769 2811 2816 2806 2796 2770 2758 2747 2741 2752 2772 2774 2772 2765 2751 2736 2733 2735 2735 2741 2728 2730 2732 2747 2752 2745 2741 2724 2688 2644 2625 2633 2670 2680 2685 2718 2778 2836 2867 2875 2872 2848 2818 2780 2728 2705 2720 2734 2757 2802 2843 2870 2893 2911 2935 2945 2936 2919 2910 2924 2933 2920
2647 2641 2655 2672 2679 2679 2677 2673 2671 2665 2672 2688 2741 2783 2789 2780 2804 2843 2850 2825 2822 2841 2834 2824 2808 2797 2795 2788 2764 2770 2774 2780 2771 2771 2765 2757 2757 2754 2757 2753 2752 2744 2752 2751 2755 2744 2730 2719 2687 2661 2657 2679 2688 2684 2688 2734 2783 2830 2850 2840 2825 2810 2796 2771 2724 2715 2731 2749 2788 2826 2857 2883 2904 2919 2932 2938 2936 2925 2926 2933 2931 2918
2640 2638 2646 2666 2671 2676 2676 2676 2671 2663 2660 2667 2710 2758 2753 2750 2768 2819 2845 2843 2839 2841 2839 2834 2829 2811 2807 2790 2780 2774 2785 2769 2772 2761 2771 2772 2771 2772 2771 2769 2763 2767 2756 2758 2746 2742 2736 2725 2711 2688 2695 2695 2692 2682 2698 2734 2770 2817 2828 2822 2818 2803 2787 2756 2725 2727 2764 2793 2818 2848 2881 2902 2911 2920 2929 2929 2915 2909 2912 2928 2919 2904
2655 2645 2651 2664 2667 2666 2671 2667 2665 2657 2652 2654 2680 2703 2715 2696 2741 2792 2805 2822 2826 2810 2813 2824 2822 2797 2782 2775 2776 2787 2778 2770 2751 2758 2761 2773 2773 2779 2777 2772 2767 2766 2765 2755 2753 2747 2745 2739 2730 2719 2702 2698 2688 2684 2695 2716 2753 2788 2803 2787 2773 2777 2748 2723 2710 2751 2798 2817 2835 2853 2871 2885 2897 2917 2925 2915 2889 2866 2890 2905 2898 2889
2657 2649 2650 2665 2663 2661 2651 2643 2640 2636 2637 2643 2650 2663 2651 2676 2729 2767 2782 2793 2815 2792 2784 2802 2800 2787 2759 2756 2772 2780 2774 2756 2753 2739 2753 2759 2770 2777 2782 2777 2773 2772 2771 2770 2762 2758 2752 2735 2739 2724 2715 2697 2692 2688 2680 2688 2725 2770 2760 2726 2710 2718 2704 2694 2719 2775 2831 2851 2858 2858 2859 2863 2877 2907 2927 2909 2874 2851 2862 2886 2880 2864
2653 2642 2640 2655 2661 2650 2631 2624 2618 2614 2617 2625 2630 2623 2632 2660 2704 2745 2738 2768 2796 2783 2759 2770 2777 2772 2761 2747 2759 2770 2775 2761 2752 2743 2738 2751 2763 2776 2782 2783 2778 2777 2773 2768 2757 2750 2729 2721 2719 2716 2697 2681 2674 2668 2650 2648 2692 2731 2712 2669 2663 2683 2679 2700 2744 2802 2845 2869 2880 2885 2880 2877 2885 2909 2925 2916 2883 2852 2858 2874 2869 2862
2655 2654 2641 2650 2662 2651 2636 2622 2620 2611 2601 2599 2599 2599 2620 2631 2671 2682 2700 2727 2777 2779 2764 2756 2756 2764 2760 2753 2755 2763 2768 2767 2760 2753 2753 2757 2767 2775 2779 2780 2778 2773 2760 2752 2735 2713 2698 2683 2683 2666 2646 2627 2625 2624 2608 2598 2632 2675 2648 2633 2637 2660 2673 2715 2770 2818 2845 2854 2873 2889 2901 2903 2904 2919 2921 2914 2886 2854 2844 2854 2862 2862
2688 2675 2657 2653 2655 2657 2646 2640 2638 2629 2620 2600 2591 2588 2601 2625 2623 2644 2658 2681 2728 2771 2777 2775 2751 2744 2755 2754 2760 2767 2769 2761 2762 2761 2761 2764 2767 2769 2764 2762 2773 2757 2729 2703 2690 2676 2649 2643 2629 2609 2581 2562 2565 2575 2562 2544 2564 2589 2587 2593 2628 2658 2684 2732 2784 2809 2816 2811 2823 2850 2879 2899 2910 2914 2917 2907 2890 2860 2842 2839 2848 2852
2724 2709 2676 2659 2652 2643 2642 2636 2637 2648 2648 2640 2619 2600 2601 2592 2596 2611 2625 2633 2666 2721 2761 2762 2749 2730 2725 2746 2757 2765 2764 2760 2757 2753 2754 2753 2747 2740 2722 2733 2750 2746 2702 2682 2677 2664 2647 2632 2613 2576 2546 2527 2524 2541 2539 2524 2518 2526 2529 2572 2630 2666 2706 2742 2762 2773 2765 2756 2772 2808 2851 2884 2903 2911 2904 2896 2877 2857 2840 2835 2836 2847
2778 2752 2714 2700 2670 2639 2615 2610 2612 2641 2670 2677 2657 2627 2610 2586 2573 2585 2600 2602 2631 2679 2717 2746 2750 2733 2732 2724 2745 2754 2759 2752 2742 2727 2723 2719 2702 2689 2674 2702 2734 2741 2726 2708 2688 2687 2670 2655 2627 2596 2564 2541 2537 2543 2554 2539 2517 2508 2507 2554 2612 2654 2690 2709 2715 2714 2713 2726 2758 2796 2844 2881 2898 2903 2896 2870 2846 2834 2826 2825 2834 2837
2816 2790 2769 2756 2719 2662 2624 2602 2607 2640 2681 2688 2665 2632 2614 2590 2576 2590 2600 2600 2617 2656 2694 2717 2732 2739 2727 2722 2721 2735 2737 2729 2705 2678 2673 2666 2647 2644 2659 2690 2716 2714 2728 2719 2701 2694 2686 2676 2652 2617 2588 2575 2565 2573 2571 2562 2541 2515 2509 2536 2567 2602 2636 2651 2650 2653 2677 2710 2750 2790 2839 2876 2891 2896 2885 2864 2845 2833 2828 2827 2833 2836
2841 2820 2799 2801 2761 2702 2657 2628 2627 2666 2703 2695 2659 2618 2595 2590 2594 2613 2616 2604 2612 2652 2683 2693 2704 2706 2721 2716 2705 2704 2704 2694 2661 2624 2610 2608 2610 2632 2664 2690 2681 2688 2715 2727 2719 2711 2691 2662 2640 2621 2593 2590 2591 2597 2596 2575 2567 2556 2545 2544 2556 2569 2591 2600 2602 2613 2634 2671 2718 2762 2820 2865 2873 2876 2876 2862 2851 2850 2839 2832 2830 2830
