Data/tmax/PRISM_tmax_pr_1963-1995_normal_450mM1_06_asc.asc
ncols 557
nrows 164
xllcorner -67.31875000000
yllcorner 17.86875000000
cellsize 0.00416666667
NODATA_value -9999
[rows 36 to 71 of 164, columns 164 to 245 of 557]
3164 3162 3160 3158 3159 3159 3158 3157 3154 3155 3156 3154 3151 3152 3152 3153 3151 3152 3153 3154 3155 3156 3158 3160 3160 3160 3159 3160 3159 3160 3163 3180 3197 3199 3181 3156 3152 3152 3153 3156 3157 3156 3156 3157 3157 3156 3158 3159 3158 3157 3161 3165 3165 3164 3161 3159 3164 3179 3172 3158 3159 3157 3158 3158 3156 3153 3151 3153 3164 3180 3170 3152 3141 3141 3133 3130 3126 3131 3129 3124 3118 3112
3162 3160 3157 3157 3155 3158 3157 3154 3153 3152 3152 3151 3154 3151 3152 3151 3151 3150 3152 3153 3153 3154 3155 3155 3155 3156 3157 3155 3154 3153 3155 3165 3188 3202 3189 3166 3149 3148 3149 3150 3151 3151 3153 3154 3155 3154 3156 3156 3155 3155 3158 3160 3161 3161 3159 3157 3166 3176 3164 3153 3151 3154 3149 3149 3147 3147 3150 3159 3172 3177 3163 3148 3145 3142 3140 3131 3128 3125 3120 3117 3110 3112
3162 3159 3156 3153 3154 3153 3153 3151 3150 3150 3149 3153 3154 3156 3154 3152 3152 3150 3152 3153 3154 3151 3149 3147 3150 3154 3156 3154 3150 3147 3145 3153 3179 3201 3201 3177 3159 3148 3141 3143 3144 3145 3147 3148 3148 3150 3150 3150 3150 3150 3151 3154 3157 3156 3154 3154 3162 3174 3159 3149 3148 3148 3144 3138 3138 3142 3156 3173 3179 3170 3150 3142 3140 3141 3138 3130 3126 3122 3121 3120 3123 3126
3160 3157 3153 3151 3152 3153 3149 3148 3148 3149 3151 3153 3156 3156 3152 3151 3150 3148 3148 3151 3152 3151 3148 3146 3147 3151 3152 3149 3145 3142 3142 3152 3178 3201 3209 3194 3175 3157 3140 3137 3138 3140 3142 3143 3145 3145 3146 3145 3144 3145 3149 3151 3153 3152 3151 3152 3161 3171 3162 3151 3149 3149 3142 3134 3133 3142 3160 3180 3184 3161 3144 3138 3135 3134 3130 3130 3130 3130 3132 3138 3138 3142
3158 3154 3149 3148 3149 3149 3147 3143 3146 3149 3152 3154 3155 3151 3152 3153 3153 3150 3149 3150 3150 3148 3146 3146 3147 3147 3146 3143 3138 3137 3140 3150 3174 3197 3208 3205 3192 3170 3145 3135 3135 3136 3137 3136 3138 3140 3141 3139 3137 3139 3147 3148 3148 3147 3149 3152 3158 3170 3162 3155 3151 3150 3142 3135 3131 3140 3158 3171 3176 3154 3140 3137 3134 3129 3128 3129 3134 3135 3138 3141 3139 3139
3154 3154 3149 3143 3144 3144 3142 3142 3145 3150 3152 3151 3147 3148 3147 3151 3153 3151 3151 3150 3147 3144 3144 3143 3145 3146 3146 3143 3139 3137 3137 3144 3159 3181 3203 3208 3203 3180 3149 3133 3129 3129 3129 3129 3129 3131 3131 3130 3129 3134 3141 3143 3137 3140 3145 3151 3156 3169 3163 3157 3152 3149 3144 3136 3135 3141 3145 3157 3167 3150 3140 3136 3133 3131 3126 3129 3129 3129 3130 3131 3130 3130
3153 3150 3146 3142 3138 3139 3140 3140 3145 3149 3150 3151 3150 3152 3154 3153 3154 3150 3148 3146 3142 3140 3138 3142 3142 3143 3146 3145 3138 3134 3134 3135 3145 3164 3194 3212 3206 3187 3154 3133 3122 3124 3126 3127 3127 3127 3130 3131 3135 3139 3146 3142 3139 3139 3146 3149 3161 3165 3162 3152 3148 3145 3141 3139 3138 3138 3141 3147 3164 3150 3142 3140 3133 3125 3125 3121 3120 3118 3118 3123 3121 3123
3147 3145 3140 3136 3138 3138 3139 3141 3142 3145 3150 3149 3154 3155 3159 3158 3150 3148 3142 3140 3137 3134 3136 3138 3141 3144 3147 3146 3141 3134 3132 3133 3136 3154 3185 3208 3212 3197 3168 3146 3136 3131 3137 3140 3141 3142 3141 3143 3145 3147 3149 3149 3145 3151 3155 3163 3164 3169 3162 3153 3143 3138 3138 3138 3139 3140 3135 3148 3162 3156 3152 3155 3146 3142 3141 3137 3129 3123 3122 3130 3123 3120
3144 3144 3138 3136 3142 3147 3149 3149 3148 3150 3152 3156 3152 3158 3159 3158 3156 3150 3147 3144 3141 3134 3135 3137 3139 3145 3150 3148 3140 3136 3131 3127 3129 3143 3174 3205 3214 3206 3183 3163 3149 3141 3141 3145 3147 3149 3152 3151 3151 3152 3152 3151 3153 3158 3167 3169 3170 3167 3165 3157 3144 3135 3133 3135 3136 3136 3147 3153 3167 3153 3155 3152 3152 3154 3159 3157 3147 3142 3146 3144 3146 3128
3150 3148 3143 3141 3152 3158 3160 3161 3157 3157 3159 3154 3157 3156 3163 3161 3157 3156 3152 3147 3136 3133 3134 3137 3139 3143 3152 3147 3144 3138 3134 3128 3124 3137 3170 3198 3216 3208 3189 3164 3152 3142 3143 3146 3147 3148 3150 3152 3153 3153 3153 3154 3154 3162 3165 3170 3165 3157 3161 3157 3142 3132 3129 3131 3132 3141 3150 3165 3162 3155 3145 3142 3138 3142 3145 3139 3141 3145 3148 3159 3153 3142
3153 3153 3146 3148 3157 3160 3159 3157 3160 3153 3157 3149 3150 3155 3160 3158 3153 3157 3155 3146 3138 3133 3138 3140 3136 3145 3150 3144 3140 3138 3131 3117 3116 3130 3159 3193 3207 3214 3198 3181 3158 3147 3148 3148 3146 3145 3147 3149 3151 3152 3152 3154 3157 3157 3162 3161 3158 3152 3152 3154 3141 3129 3127 3127 3130 3135 3151 3156 3162 3161 3158 3151 3137 3128 3121 3123 3125 3137 3147 3153 3163 3153
3150 3151 3146 3147 3149 3146 3140 3143 3142 3152 3143 3145 3145 3154 3157 3149 3151 3149 3153 3142 3134 3129 3132 3125 3125 3132 3130 3129 3124 3119 3112 3103 3098 3116 3152 3175 3194 3202 3212 3200 3181 3158 3150 3147 3145 3143 3144 3146 3148 3147 3149 3152 3153 3154 3152 3155 3155 3146 3149 3152 3138 3126 3123 3126 3130 3133 3131 3137 3145 3157 3166 3163 3152 3134 3127 3123 3126 3132 3147 3152 3161 3160
3137 3143 3143 3143 3139 3131 3126 3130 3135 3131 3141 3132 3137 3143 3145 3143 3131 3138 3131 3132 3119 3116 3113 3114 3118 3122 3121 3115 3114 3107 3093 3082 3083 3098 3128 3157 3164 3176 3203 3213 3193 3164 3144 3138 3136 3141 3142 3144 3144 3143 3144 3146 3147 3147 3148 3150 3149 3144 3143 3149 3139 3125 3124 3120 3122 3118 3112 3115 3125 3141 3161 3172 3163 3155 3145 3140 3132 3134 3146 3153 3156 3155
3119 3127 3130 3133 3127 3122 3120 3115 3116 3124 3123 3123 3127 3129 3137 3125 3125 3115 3125 3117 3118 3109 3112 3109 3107 3108 3097 3098 3103 3095 3075 3070 3069 3080 3110 3132 3136 3156 3190 3212 3202 3170 3141 3127 3131 3135 3139 3139 3138 3136 3137 3140 3144 3147 3147 3146 3142 3135 3140 3149 3143 3137 3132 3122 3114 3109 3105 3105 3122 3141 3159 3170 3170 3164 3168 3163 3153 3145 3147 3148 3151 3151
3100 3103 3111 3115 3117 3113 3111 3106 3100 3106 3115 3117 3117 3125 3116 3120 3114 3110 3108 3119 3112 3108 3116 3103 3099 3083 3070 3077 3089 3081 3066 3055 3055 3068 3081 3103 3118 3147 3192 3208 3204 3180 3145 3123 3123 3128 3131 3133 3131 3131 3133 3142 3143 3143 3142 3134 3125 3126 3128 3134 3133 3137 3137 3123 3111 3104 3100 3111 3129 3152 3168 3167 3159 3163 3168 3175 3166 3156 3145 3138 3139 3141
3089 3098 3103 3113 3114 3107 3102 3097 3096 3105 3108 3109 3110 3108 3107 3104 3107 3103 3099 3096 3092 3092 3091 3092 3081 3078 3071 3070 3072 3068 3052 3046 3046 3050 3065 3087 3120 3168 3192 3201 3204 3186 3149 3122 3116 3117 3122 3125 3126 3129 3138 3143 3141 3133 3128 3120 3113 3111 3113 3115 3122 3132 3139 3129 3114 3105 3101 3111 3135 3156 3162 3160 3151 3156 3168 3167 3170 3160 3147 3135 3125 3123
3092 3101 3119 3138 3139 3124 3105 3101 3104 3111 3114 3098 3093 3095 3093 3093 3095 3090 3081 3082 3080 3069 3074 3070 3069 3065 3064 3064 3058 3051 3044 3050 3042 3046 3063 3101 3152 3179 3188 3188 3198 3194 3161 3119 3106 3110 3113 3122 3124 3131 3139 3146 3138 3128 3120 3113 3105 3104 3105 3105 3116 3132 3136 3133 3126 3113 3112 3117 3134 3143 3147 3141 3148 3158 3162 3162 3159 3164 3153 3133 3121 3109
3113 3130 3155 3179 3185 3169 3149 3137 3142 3148 3139 3128 3109 3100 3098 3091 3091 3080 3077 3071 3062 3054 3047 3046 3045 3044 3047 3053 3054 3042 3047 3049 3040 3051 3078 3137 3162 3170 3152 3165 3188 3193 3173 3121 3095 3098 3112 3124 3131 3132 3134 3138 3135 3125 3118 3108 3102 3095 3094 3101 3114 3124 3127 3130 3127 3120 3116 3125 3125 3123 3121 3129 3140 3161 3165 3151 3152 3158 3146 3128 3115 3108
3168 3174 3181 3186 3196 3198 3190 3182 3176 3170 3163 3155 3145 3120 3101 3090 3084 3081 3069 3064 3054 3042 3032 3035 3026 3022 3024 3036 3036 3032 3032 3040 3039 3050 3099 3142 3155 3129 3116 3127 3145 3176 3161 3109 3095 3102 3125 3144 3145 3137 3125 3119 3118 3118 3113 3107 3098 3088 3087 3092 3108 3116 3117 3118 3120 3114 3113 3116 3114 3105 3108 3122 3138 3158 3156 3147 3146 3147 3134 3112 3108 3107
3175 3162 3147 3148 3162 3190 3194 3184 3163 3133 3120 3133 3143 3124 3091 3073 3065 3059 3052 3052 3047 3036 3030 3022 3016 3012 3013 3022 3025 3024 3029 3044 3051 3073 3108 3129 3121 3101 3089 3092 3118 3151 3154 3109 3111 3136 3154 3169 3161 3136 3118 3110 3102 3102 3101 3098 3089 3079 3074 3081 3093 3098 3104 3104 3108 3103 3095 3102 3099 3092 3101 3112 3126 3137 3140 3128 3137 3137 3114 3102 3106 3111
3115 3107 3097 3103 3138 3175 3175 3168 3148 3109 3083 3097 3127 3122 3101 3062 3044 3029 3024 3024 3032 3024 3014 3011 3007 3007 3006 3015 3019 3021 3046 3077 3088 3107 3117 3106 3075 3066 3062 3073 3118 3168 3156 3132 3153 3174 3185 3177 3150 3122 3100 3093 3086 3083 3078 3072 3068 3057 3057 3062 3070 3076 3082 3084 3085 3081 3080 3085 3093 3087 3088 3097 3099 3106 3108 3100 3102 3107 3093 3078 3100 3100
3068 3067 3066 3079 3119 3154 3151 3139 3129 3109 3093 3094 3108 3115 3109 3086 3051 3025 3006 3012 3020 3025 3015 3011 3005 3003 3010 3026 3036 3050 3077 3093 3095 3098 3101 3068 3041 3032 3040 3072 3139 3190 3182 3162 3181 3198 3198 3185 3158 3126 3101 3082 3065 3058 3051 3048 3043 3036 3028 3043 3047 3049 3058 3054 3046 3046 3044 3069 3076 3073 3073 3079 3071 3082 3076 3066 3064 3071 3066 3056 3069 3072
3042 3041 3036 3060 3108 3140 3124 3096 3089 3088 3093 3101 3100 3100 3103 3103 3074 3042 3013 3004 3017 3020 3023 3017 3019 3024 3039 3067 3074 3083 3088 3090 3071 3061 3063 3044 3018 3014 3029 3070 3141 3201 3203 3181 3179 3193 3202 3192 3181 3163 3129 3088 3054 3048 3051 3057 3052 3017 3002 3005 3014 3014 3025 3019 3005 2999 3008 3024 3038 3033 3046 3044 3048 3039 3044 3026 3019 3036 3036 3027 3039 3035
3078 3048 3037 3057 3104 3116 3095 3061 3043 3047 3063 3086 3082 3075 3090 3095 3092 3054 3026 3013 3012 3019 3012 3016 3024 3043 3074 3089 3085 3078 3070 3058 3044 3034 3034 3034 3025 3025 3049 3084 3132 3183 3192 3161 3133 3142 3173 3170 3168 3178 3146 3100 3073 3076 3091 3097 3073 3013 2966 2973 2988 2993 2990 2981 2966 2960 2968 2981 2983 2993 3000 3014 3005 3007 3000 2996 2990 3001 3011 2996 3005 2999
3126 3077 3043 3070 3096 3085 3050 3024 3016 3015 3035 3035 3037 3029 3040 3078 3086 3079 3052 3040 3041 3029 3016 3016 3027 3054 3085 3091 3078 3059 3036 3022 3018 3016 3026 3060 3071 3069 3104 3121 3147 3173 3176 3133 3083 3084 3121 3115 3123 3150 3124 3085 3084 3108 3122 3120 3093 3019 2970 2991 3005 3012 2987 2955 2927 2927 2925 2932 2940 2945 2960 2959 2965 2970 2971 2966 2965 2974 2978 2968 2976 2973
3123 3045 3012 3047 3084 3063 3027 3007 2994 3001 3004 3008 2979 2972 2982 3027 3073 3086 3077 3072 3064 3050 3029 3030 3040 3060 3075 3076 3067 3045 3023 3019 3021 3025 3059 3102 3113 3129 3137 3156 3169 3180 3166 3114 3051 3045 3064 3053 3068 3110 3099 3070 3079 3094 3098 3105 3086 3041 3026 3018 3031 3038 3007 2960 2932 2907 2899 2899 2907 2910 2911 2909 2918 2934 2935 2934 2935 2943 2946 2950 2951 2954
3086 2991 2962 3011 3061 3054 3027 3006 2997 2980 2987 2979 2957 2936 2937 2971 3024 3062 3058 3047 3051 3043 3033 3040 3053 3059 3051 3046 3051 3039 3034 3056 3071 3082 3099 3116 3112 3120 3132 3135 3152 3164 3119 3070 3019 3004 3025 2996 3010 3076 3092 3084 3071 3056 3046 3056 3057 3058 3034 3013 3008 3023 3007 2990 2954 2921 2890 2880 2881 2884 2882 2878 2875 2892 2893 2896 2899 2907 2914 2923 2932 2939
3042 2942 2931 2978 3014 3023 2997 2994 2994 2987 2977 2962 2950 2920 2905 2925 2973 3012 3017 3007 3000 3007 3008 3024 3039 3038 3030 3031 3044 3045 3069 3108 3117 3106 3098 3090 3058 3073 3077 3087 3132 3128 3082 3018 2973 2966 2977 2948 2954 3011 3058 3066 3023 2985 2978 2999 3005 3014 3006 2976 2977 2995 2996 2996 2998 2957 2916 2885 2879 2884 2899 2890 2875 2875 2878 2878 2878 2879 2883 2886 2901 2918
2983 2915 2912 2950 2987 2971 2954 2964 2986 2984 2966 2947 2934 2919 2892 2886 2913 2962 2987 2969 2953 2952 2961 2980 3004 3014 3016 3032 3037 3050 3081 3126 3104 3057 3039 3037 3012 3018 3019 3048 3099 3116 3069 3004 2950 2932 2935 2908 2915 2960 3012 3009 2961 2923 2931 2936 2925 2931 2922 2915 2957 2945 2927 2964 2998 2993 2963 2929 2912 2920 2936 2927 2910 2904 2902 2894 2885 2873 2870 2871 2870 2884
2930 2876 2887 2932 2948 2943 2927 2940 2962 2954 2924 2900 2909 2909 2877 2857 2865 2914 2950 2947 2911 2894 2902 2929 2951 2969 3007 3020 3018 3036 3086 3116 3088 3015 2986 2992 2974 2980 2995 3035 3094 3115 3069 3007 2945 2907 2896 2891 2905 2948 2992 2966 2905 2886 2887 2889 2857 2854 2851 2890 2932 2908 2866 2891 2946 2977 2980 2962 2943 2936 2932 2928 2914 2917 2894 2874 2848 2845 2857 2869 2861 2864
2915 2860 2863 2886 2915 2896 2888 2907 2922 2905 2870 2842 2863 2874 2852 2822 2837 2876 2928 2916 2888 2862 2850 2869 2901 2942 2975 3006 3018 3053 3102 3121 3082 3012 2969 2955 2946 2968 3009 3051 3090 3105 3071 3008 2940 2892 2868 2853 2879 2930 2957 2931 2869 2848 2841 2825 2802 2808 2830 2877 2927 2908 2852 2844 2889 2932 2955 2957 2940 2913 2893 2880 2880 2874 2854 2823 2811 2809 2831 2850 2848 2842
2905 2850 2821 2842 2860 2846 2851 2868 2879 2858 2812 2785 2815 2843 2834 2819 2827 2867 2895 2889 2859 2829 2807 2823 2867 2908 2963 2983 3016 3081 3107 3102 3054 2993 2949 2933 2927 2974 3018 3050 3080 3099 3083 3026 2956 2895 2853 2839 2854 2892 2936 2897 2847 2820 2789 2772 2769 2797 2832 2873 2920 2887 2836 2806 2836 2878 2911 2922 2909 2891 2867 2855 2843 2831 2811 2804 2799 2815 2825 2833 2845 2850
2909 2835 2792 2785 2804 2814 2827 2839 2846 2816 2767 2744 2779 2823 2822 2802 2803 2836 2856 2842 2819 2790 2764 2780 2822 2883 2915 2956 2997 3060 3090 3074 3021 2972 2936 2911 2915 2942 2990 3013 3040 3078 3096 3055 2985 2932 2896 2868 2857 2865 2879 2854 2809 2784 2755 2738 2737 2774 2817 2864 2885 2880 2813 2777 2795 2832 2859 2872 2872 2865 2860 2853 2837 2833 2817 2804 2802 2807 2817 2830 2853 2874
2902 2815 2754 2731 2761 2783 2798 2806 2805 2779 2738 2709 2739 2779 2785 2765 2778 2806 2837 2809 2775 2744 2717 2733 2777 2827 2881 2900 2940 2993 3045 3049 3029 2969 2928 2901 2886 2904 2932 2960 2996 3050 3084 3082 3033 2995 2965 2940 2892 2856 2842 2810 2788 2780 2762 2739 2730 2742 2772 2815 2859 2865 2819 2772 2762 2780 2810 2828 2827 2824 2822 2826 2824 2827 2827 2811 2799 2810 2825 2843 2866 2875
2887 2789 2709 2690 2717 2743 2756 2754 2756 2739 2698 2670 2680 2719 2739 2748 2766 2809 2814 2798 2750 2713 2692 2708 2753 2807 2851 2863 2871 2924 2977 3029 3020 2996 2947 2909 2881 2870 2889 2924 2972 3022 3083 3099 3066 3029 2995 2975 2930 2859 2818 2793 2781 2792 2784 2763 2743 2735 2740 2770 2811 2838 2813 2753 2728 2741 2771 2799 2793 2788 2774 2777 2777 2793 2797 2795 2799 2827 2850 2851 2855 2852
2873 2755 2673 2657 2671 2698 2706 2711 2710 2698 2670 2640 2638 2672 2711 2731 2765 2789 2800 2784 2756 2731 2710 2718 2751 2802 2836 2839 2854 2905 2967 2987 3001 2995 2989 2947 2893 2858 2858 2891 2945 2998 3051 3078 3064 3003 2960 2950 2932 2871 2816 2786 2781 2791 2782 2770 2758 2744 2758 2779 2811 2839 2806 2753 2710 2713 2738 2759 2764 2753 2745 2733 2727 2741 2754 2764 2789 2825 2831 2822 2820 2818
