Data/tmax/PRISM_tmax_pr_1963-1995_normal_450mM1_11_asc.asc
ncols 557
nrows 164
xllcorner -67.31875000000
yllcorner 17.86875000000
cellsize 0.00416666667
NODATA_value -9999
[rows 108 to 143 of 164, columns 82 to 163 of 557]
3105 3099 3089 3077 3061 3073 3072 3042 3054 3068 3040 2995 2946 2926 2946 2983 3004 2960 2951 2968 2962 2972 2985 3006 3035 3057 3055 3049 3031 3017 3003 2971 2954 2951 2940 2911 2882 2843 2826 2807 2780 2789 2860 2911 2915 2873 2812 2761 2714 2676 2651 2665 2656 2631 2632 2633 2655 2702 2718 2686 2662 2644 2637 2692 2781 2839 2862 2867 2877 2853 2801 2752 2768 2820 2847 2863 2832 2790 2812 2872 2894 2842
3116 3106 3100 3082 3067 3087 3097 3090 3091 3085 3055 3008 2979 2967 2970 3005 3014 2978 2958 2977 2968 2986 3014 3023 3036 3042 3058 3048 3029 3015 2982 2971 2964 2954 2957 2953 2947 2944 2916 2885 2841 2846 2899 2950 2918 2852 2800 2764 2717 2670 2653 2676 2703 2710 2713 2714 2722 2778 2797 2763 2741 2720 2701 2728 2792 2853 2902 2930 2929 2902 2853 2812 2818 2869 2894 2893 2876 2827 2830 2878 2919 2886
3126 3117 3108 3094 3083 3094 3108 3106 3106 3086 3046 3017 2990 2979 2984 3006 3032 2992 2978 2988 2969 2980 3003 3010 3005 3018 3030 3025 2987 2955 2951 2956 2975 2958 2956 2961 2972 2988 2989 2962 2923 2903 2949 2980 2949 2889 2862 2832 2778 2718 2690 2705 2737 2758 2775 2778 2779 2820 2863 2844 2821 2798 2770 2793 2838 2873 2918 2967 2975 2946 2900 2849 2860 2899 2915 2915 2911 2883 2854 2885 2927 2907
3133 3127 3120 3117 3108 3111 3116 3115 3102 3079 3048 3024 3006 2994 2980 2999 3029 3008 3003 2996 2964 2967 2986 2992 3002 3014 3042 3033 2988 2952 2938 2972 2980 2966 2951 2954 2969 3002 3022 3019 2999 2982 3003 3026 2994 2952 2931 2897 2837 2795 2778 2769 2787 2802 2803 2821 2830 2870 2900 2921 2894 2858 2829 2851 2887 2903 2931 2981 3008 2989 2948 2906 2904 2938 2948 2932 2946 2937 2904 2896 2933 2928
3142 3137 3133 3133 3128 3123 3123 3118 3111 3087 3064 3048 3040 3022 2994 3001 3025 3023 3014 3013 2978 2983 2992 3007 3015 3035 3058 3058 3029 2991 2980 2991 3017 2987 2978 2970 2967 2996 3027 3040 3044 3034 3045 3065 3039 3006 2991 2955 2899 2869 2861 2849 2850 2829 2818 2825 2860 2901 2953 2957 2951 2907 2889 2907 2943 2955 2965 3009 3024 3010 2980 2953 2960 2983 2975 2955 2970 2982 2943 2914 2939 2955
3147 3145 3142 3140 3137 3129 3129 3124 3119 3109 3091 3069 3053 3038 3012 3008 3032 3023 3020 3025 3018 3017 3017 3023 3038 3046 3062 3070 3058 3034 3015 3024 3023 3007 2974 2962 2971 2981 2991 3019 3039 3048 3063 3072 3062 3046 3036 3010 2965 2938 2932 2913 2904 2872 2836 2831 2886 2950 2991 3018 2992 2969 2954 2968 2994 3013 3020 3038 3029 3001 2992 2986 3003 3012 3006 2976 2983 3006 2986 2944 2952 2989
3148 3147 3146 3142 3140 3138 3133 3132 3127 3118 3096 3069 3049 3035 3030 3027 3047 3037 3030 3035 3044 3054 3041 3036 3041 3044 3037 3047 3073 3072 3051 3046 3030 2980 2956 2963 2988 2977 2960 2974 3014 3035 3058 3074 3076 3068 3066 3047 3020 3002 2989 2969 2959 2936 2908 2913 2943 3009 3048 3060 3047 3021 3019 3025 3037 3050 3060 3057 3024 3005 3005 3015 3030 3041 3033 3014 3005 3021 3016 2980 2975 3008
3146 3142 3140 3139 3136 3134 3132 3126 3123 3121 3104 3081 3058 3056 3049 3052 3060 3051 3037 3050 3052 3071 3061 3054 3046 3033 3015 3027 3065 3084 3063 3054 3035 2995 2971 2999 3017 2984 2950 2961 2991 3023 3044 3061 3071 3081 3083 3073 3056 3051 3041 3023 3013 3007 3004 2998 3028 3064 3092 3102 3091 3075 3068 3071 3076 3079 3078 3068 3038 3022 3029 3040 3046 3052 3054 3040 3025 3027 3037 3016 2997 3023
3129 3123 3121 3120 3116 3117 3110 3100 3100 3107 3101 3091 3081 3069 3072 3071 3067 3066 3058 3060 3071 3081 3080 3066 3066 3059 3045 3049 3087 3088 3077 3078 3061 3037 3030 3041 3040 3009 2987 2996 3017 3033 3052 3051 3064 3078 3088 3085 3075 3075 3070 3055 3052 3053 3059 3058 3074 3097 3115 3116 3118 3109 3097 3102 3100 3095 3095 3084 3060 3043 3043 3044 3061 3064 3064 3062 3034 3025 3037 3025 3000 3019
3119 3115 3111 3105 3102 3100 3092 3083 3085 3090 3092 3087 3080 3067 3061 3075 3086 3078 3073 3085 3083 3095 3088 3082 3082 3088 3086 3087 3102 3108 3094 3094 3083 3065 3065 3076 3066 3050 3050 3049 3056 3071 3081 3075 3074 3085 3094 3089 3080 3082 3079 3068 3061 3071 3082 3086 3091 3109 3112 3116 3121 3122 3113 3111 3111 3103 3100 3094 3068 3043 3026 3044 3060 3074 3073 3066 3055 3032 3045 3042 3015 3020
3124 3128 3125 3119 3102 3111 3101 3094 3099 3103 3088 3084 3072 3051 3047 3065 3078 3087 3083 3077 3088 3098 3096 3089 3095 3099 3099 3103 3110 3109 3111 3102 3082 3073 3080 3079 3080 3082 3085 3083 3081 3094 3104 3100 3093 3098 3101 3094 3091 3094 3090 3070 3055 3064 3079 3091 3084 3098 3101 3103 3121 3135 3128 3122 3119 3109 3107 3089 3057 3024 3017 3034 3064 3079 3074 3070 3067 3046 3054 3066 3047 3039
3134 3135 3137 3125 3122 3116 3116 3108 3116 3115 3102 3079 3054 3046 3041 3043 3064 3076 3082 3071 3075 3091 3101 3101 3102 3108 3109 3107 3110 3116 3115 3112 3103 3086 3076 3073 3066 3081 3098 3098 3101 3102 3105 3095 3087 3084 3088 3092 3093 3104 3088 3050 3034 3031 3058 3072 3071 3063 3066 3067 3096 3134 3137 3128 3114 3101 3087 3062 3038 3012 3015 3038 3059 3084 3081 3076 3068 3047 3057 3077 3064 3046
3146 3148 3147 3148 3139 3143 3130 3129 3128 3132 3114 3070 3053 3049 3047 3053 3047 3080 3094 3088 3083 3102 3107 3107 3111 3113 3114 3115 3114 3112 3112 3116 3104 3087 3072 3050 3045 3062 3086 3097 3107 3108 3103 3090 3070 3059 3056 3062 3078 3089 3076 3036 3006 3022 3042 3059 3048 3042 3028 3040 3074 3122 3132 3110 3082 3055 3037 3030 3018 3011 3015 3024 3038 3067 3089 3073 3064 3047 3063 3085 3070 3044
3152 3151 3151 3156 3156 3153 3151 3145 3148 3139 3113 3085 3067 3078 3082 3066 3070 3074 3090 3103 3103 3107 3108 3109 3114 3118 3118 3120 3120 3114 3103 3110 3101 3081 3073 3061 3051 3058 3077 3091 3104 3116 3116 3108 3076 3040 3027 3033 3049 3072 3078 3036 3033 3048 3066 3069 3047 3037 3046 3059 3093 3126 3115 3072 3029 2995 2986 2999 3021 3020 3017 3014 3021 3058 3077 3072 3055 3054 3075 3096 3078 3058
3152 3150 3148 3152 3156 3156 3156 3157 3154 3146 3129 3107 3106 3111 3108 3106 3092 3084 3094 3095 3111 3113 3110 3109 3117 3120 3121 3125 3124 3113 3110 3113 3108 3093 3089 3084 3074 3079 3095 3102 3111 3119 3125 3109 3070 3041 3033 3032 3050 3066 3077 3060 3055 3084 3105 3090 3069 3063 3080 3106 3118 3115 3077 3027 2987 2952 2955 2987 3023 3032 3022 3026 3027 3062 3092 3088 3082 3071 3088 3103 3096 3083
3151 3148 3146 3148 3152 3154 3155 3156 3156 3153 3147 3139 3133 3126 3122 3122 3121 3113 3102 3110 3107 3120 3105 3106 3116 3122 3122 3125 3127 3126 3120 3133 3126 3119 3116 3107 3093 3086 3098 3100 3102 3106 3122 3108 3075 3061 3060 3063 3068 3086 3096 3087 3085 3106 3104 3093 3071 3083 3107 3126 3120 3091 3040 3010 2979 2960 2956 2991 3029 3033 3023 3024 3030 3057 3094 3108 3097 3077 3080 3101 3111 3101
3152 3151 3149 3151 3152 3152 3153 3154 3154 3155 3155 3151 3146 3135 3131 3128 3130 3125 3123 3100 3107 3111 3104 3098 3107 3122 3122 3124 3129 3130 3135 3138 3136 3133 3127 3109 3087 3066 3060 3065 3064 3077 3109 3120 3101 3093 3083 3069 3083 3096 3113 3116 3118 3102 3096 3071 3067 3086 3124 3136 3124 3078 3045 3025 3012 2987 2989 3009 3038 3046 3030 3026 3032 3043 3076 3105 3104 3076 3079 3104 3108 3094
3151 3151 3151 3151 3151 3152 3153 3153 3153 3153 3155 3156 3152 3143 3133 3135 3128 3130 3112 3101 3092 3116 3112 3105 3114 3121 3124 3122 3126 3129 3134 3136 3138 3137 3126 3108 3079 3046 3042 3040 3042 3061 3100 3125 3123 3113 3093 3075 3082 3099 3114 3127 3118 3102 3080 3070 3065 3085 3120 3138 3124 3086 3067 3058 3042 3014 3007 3017 3039 3047 3046 3047 3038 3034 3054 3083 3098 3088 3086 3103 3106 3078
3152 3151 3151 3150 3151 3151 3152 3153 3153 3154 3156 3156 3152 3141 3133 3132 3139 3128 3123 3094 3099 3117 3124 3123 3123 3127 3123 3117 3112 3113 3121 3129 3136 3138 3125 3100 3081 3061 3048 3053 3063 3075 3108 3131 3134 3126 3111 3095 3100 3109 3121 3128 3115 3089 3078 3077 3065 3076 3105 3135 3126 3105 3077 3073 3038 3020 3005 3003 3008 3041 3052 3062 3064 3040 3043 3071 3094 3102 3103 3110 3113 3093
3151 3151 3151 3151 3150 3150 3151 3151 3153 3154 3156 3158 3157 3148 3144 3148 3144 3141 3125 3113 3109 3119 3130 3133 3132 3128 3119 3104 3088 3084 3099 3117 3131 3131 3114 3086 3078 3070 3074 3074 3079 3093 3113 3133 3137 3136 3126 3120 3117 3123 3127 3129 3115 3091 3085 3080 3074 3069 3101 3128 3136 3104 3093 3064 3052 3037 3035 3014 3011 3011 3040 3051 3054 3056 3049 3064 3095 3113 3119 3119 3126 3118
3150 3150 3150 3150 3150 3150 3150 3152 3152 3154 3156 3157 3158 3158 3156 3155 3154 3149 3145 3137 3130 3130 3132 3135 3132 3123 3109 3091 3078 3072 3092 3114 3131 3135 3110 3083 3079 3085 3090 3091 3095 3098 3118 3131 3138 3139 3138 3133 3134 3133 3135 3133 3116 3101 3094 3093 3087 3088 3110 3132 3130 3114 3085 3075 3064 3068 3060 3044 3011 3011 3021 3035 3055 3051 3067 3063 3089 3113 3126 3129 3131 3129
3149 3149 3150 3149 3150 3150 3151 3151 3152 3153 3154 3156 3157 3158 3158 3157 3155 3155 3153 3150 3148 3140 3140 3137 3125 3100 3091 3084 3081 3090 3103 3123 3133 3125 3101 3071 3069 3080 3090 3100 3103 3115 3125 3137 3139 3140 3140 3140 3138 3137 3138 3124 3108 3099 3094 3097 3102 3113 3124 3136 3129 3101 3085 3080 3077 3077 3073 3049 3028 3011 3023 3043 3053 3078 3074 3072 3082 3107 3119 3130 3131 3132
3147 3148 3148 3148 3148 3149 3150 3151 3151 3152 3153 3154 3155 3155 3153 3152 3156 3154 3148 3143 3147 3147 3145 3137 3111 3092 3076 3076 3079 3085 3102 3114 3128 3122 3097 3075 3074 3086 3099 3107 3118 3126 3137 3140 3140 3141 3141 3140 3139 3138 3131 3119 3108 3106 3110 3115 3124 3129 3136 3137 3131 3112 3096 3084 3081 3074 3064 3051 3029 3010 3015 3027 3045 3066 3087 3078 3080 3092 3111 3126 3132 3133
3146 3145 3144 3145 3146 3145 3145 3148 3150 3151 3152 3152 3152 3149 3144 3145 3149 3140 3133 3132 3138 3145 3145 3136 3119 3092 3085 3074 3060 3059 3070 3091 3121 3129 3111 3089 3088 3094 3109 3120 3126 3137 3140 3140 3141 3141 3141 3140 3139 3139 3136 3126 3124 3129 3130 3133 3136 3137 3137 3137 3134 3123 3095 3076 3053 3050 3038 3024 3009 2998 3001 3013 3028 3056 3081 3077 3074 3078 3098 3121 3133 3134
3143 3142 3140 3141 3139 3133 3131 3135 3141 3149 3149 3150 3151 3148 3143 3143 3142 3140 3136 3138 3147 3142 3138 3127 3104 3085 3076 3066 3053 3049 3057 3088 3117 3124 3100 3085 3080 3097 3113 3130 3138 3141 3141 3141 3141 3141 3140 3139 3139 3139 3139 3137 3136 3138 3137 3138 3138 3138 3138 3138 3138 3126 3109 3075 3062 3050 3049 3035 3019 3015 3022 3031 3041 3062 3084 3086 3087 3094 3106 3127 3134 3135
3135 3132 3136 3138 3132 3122 3113 3115 3120 3134 3142 3145 3148 3148 3147 3146 3148 3142 3147 3150 3143 3132 3119 3106 3092 3079 3073 3073 3063 3063 3074 3100 3127 3113 3093 3080 3090 3104 3125 3136 3140 3142 3142 3142 3142 3141 3140 3140 3140 3140 3140 3139 3139 3139 3139 3139 3139 3139 3138 3139 3139 3137 3125 3105 3080 3070 3065 3055 3045 3040 3047 3058 3065 3075 3087 3093 3100 3113 3124 3133 3136 3136
3121 3125 3129 3135 3132 3122 3115 3107 3109 3117 3122 3129 3139 3145 3145 3148 3147 3148 3150 3149 3137 3122 3111 3099 3089 3084 3084 3080 3084 3079 3091 3115 3125 3120 3103 3103 3109 3120 3130 3139 3141 3142 3142 3142 3142 3142 3141 3141 3141 3141 3141 3141 3141 3141 3141 3141 3141 3141 3140 3140 3141 3141 3137 3124 3104 3083 3071 3067 3054 3056 3065 3075 3089 3096 3100 3102 3115 3125 3132 3136 3138 3138
3123 3125 3133 3136 3133 3129 3121 3117 3110 3110 3109 3116 3128 3137 3142 3145 3147 3148 3148 3138 3120 3104 3099 3085 3074 3077 3078 3082 3092 3101 3097 3112 3121 3123 3123 3122 3131 3134 3139 3141 3142 3142 3142 3142 3142 3139 3142 3142 3142 3142 3142 3143 3143 3143 3143 3144 3144 3144 3143 3143 3143 3142 3142 3137 3125 3104 3083 3066 3072 3068 3075 3086 3093 3100 3111 3119 3127 3135 3138 3139 3139 3139
3131 3133 3134 3135 3133 3129 3124 3120 3117 3112 3115 3116 3123 3131 3141 3144 3145 3146 3145 3135 3115 3104 3089 3065 3055 3057 3062 3065 3078 3083 3074 3073 3080 3094 3098 3116 3129 3139 3141 3142 3142 3142 3142 3142 3137 3136 3140 3144 3145 3145 3145 3146 3147 3147 3148 3150 3150 3150 3149 3147 3145 3143 3141 3141 3138 3122 3099 3088 3085 3092 3086 3091 3094 3104 3119 3130 3136 3139 3139 3139 3139 3139
3136 3135 3134 3132 3130 3126 3119 3119 3109 3106 3104 3109 3106 3117 3131 3142 3143 3144 3140 3129 3113 3098 3075 3049 3035 3041 3043 3038 3048 3050 3041 3038 3045 3057 3073 3092 3121 3130 3141 3143 3143 3140 3141 3138 3136 3137 3144 3150 3151 3152 3150 3150 3149 3149 3151 3151 -9999 -9999 -9999 -9999 -9999 -9999 3141 3142 3141 3139 3127 3117 3118 3112 3110 3108 3111 3118 3131 3137 3139 3139 3142 3141 3141 3140
3138 3136 3133 3127 3122 3109 3105 3105 3108 3105 3118 3122 3125 3129 3140 3142 3142 3141 3126 3107 3085 3067 3049 3033 3036 3043 3045 3038 3039 3047 3048 3052 3060 3069 3073 3090 3100 3115 3128 3145 3143 3136 3137 3136 3137 3140 3149 3151 -9999 -9999 3152 3151 3151 3152 3152 -9999 -9999 -9999 -9999 -9999 -9999 -9999 -9999 3143 3143 3142 3141 3137 3135 3135 3132 3133 3132 3135 3140 3143 3143 3145 3146 3148 3147 3144
3137 3132 3124 3118 3107 3097 3089 3099 3108 3116 3127 3138 3141 3141 3142 3143 3143 3137 3122 3091 3070 3054 3042 3046 3055 3059 3065 3061 3058 3067 3074 3083 3089 3092 3093 3094 3098 3104 3126 3137 3140 3137 3138 3142 3143 3148 3149 -9999 -9999 -9999 -9999 3152 3153 3153 -9999 -9999 -9999 -9999 -9999 -9999 -9999 -9999 -9999 -9999 -9999 3143 3142 3142 3142 3142 3140 3142 3143 3146 3148 3152 3153 3151 3152 3149 3149 -9999
3132 3124 3113 3105 3099 3095 3095 3102 3114 3121 3131 3138 3139 3141 3143 3143 3143 3130 3106 3085 3069 3060 3057 3066 3076 3081 3086 3088 3091 3098 3107 3106 3106 3104 3102 3103 3104 3114 3125 3140 3143 3140 3146 3147 3148 3148 -9999 -9999 -9999 -9999 -9999 -9999 3154 -9999 -9999 -9999 -9999 -9999 -9999 -9999 -9999 -9999 -9999 -9999 -9999 -9999 -9999 3146 3146 3144 3146 3152 3156 3155 3155 3155 3156 -9999 -9999 -9999 -9999 -9999
3129 3121 3112 3103 3100 3099 3101 3105 3116 3127 3134 3136 3130 3128 3133 3141 3135 3112 3092 3078 3075 3077 3078 3090 3098 3103 3110 3116 3121 3125 3125 3120 3115 3112 3112 3114 3119 3126 3136 3142 3146 3147 3148 3149 3149 -9999 -9999 -9999 -9999 -9999 -9999 -9999 -9999 -9999 -9999 -9999 -9999 -9999 -9999 -9999 -9999 -9999 -9999 -9999 -9999 -9999 -9999 -9999 -9999 -9999 -9999 3161 3159 3157 3154 3153 -9999 -9999 -9999 -9999 -9999 -9999
3125 3122 3116 3108 3104 3109 3108 3110 3119 3130 3131 3124 3110 3106 3116 3127 3134 3116 3101 3100 3103 3106 3111 3118 3125 3127 3133 3136 3138 3139 3135 3130 3125 3123 3124 3129 3133 3138 3143 3146 3147 3148 -9999 -9999 -9999 -9999 -9999 -9999 -9999 -9999 -9999 -9999 -9999 -9999 -9999 -9999 -9999 -9999 -9999 -9999 -9999 -9999 -9999 -9999 -9999 -9999 -9999 -9999 -9999 -9999 -9999 -9999 3156 3153 3152 -9999 -9999 -9999 -9999 -9999 -9999 -9999
3134 3132 3126 3116 3113 3118 3118 3118 3125 3128 3127 3119 3113 3111 3116 3129 3136 3130 3128 3130 3132 3135 3137 3140 3140 3142 3142 3143 3143 3143 3143 3139 3137 3135 3136 3140 3143 3144 3146 3147 -9999 -9999 -9999 -9999 -9999 -9999 -9999 -9999 -9999 -9999 -9999 -9999 -9999 -9999 -9999 -9999 -9999 -9999 -9999 -9999 -9999 -9999 -9999 -9999 -9999 -9999 -9999 -9999 -9999 -9999 -9999 -9999 -9999 -9999 -9999 -9999 -9999 -9999 -9999 -9999 -9999 -9999
