Data/tmax/PRISM_tmax_pr_1963-1995_normal_450mM1_12_asc.asc
ncols 557
nrows 164
xllcorner -67.31875000000
yllcorner 17.86875000000
cellsize 0.00416666667
NODATA_value -9999
[rows 72 to 107 of 164, columns 164 to 245 of 557]
2614 2498 2429 2387 2390 2388 2393 2397 2397 2391 2381 2363 2363 2392 2419 2438 2466 2488 2485 2486 2471 2468 2457 2445 2464 2506 2550 2554 2589 2660 2675 2660 2637 2653 2675 2673 2619 2561 2552 2585 2637 2675 2719 2762 2758 2705 2645 2635 2638 2592 2540 2510 2495 2499 2498 2488 2474 2475 2492 2528 2549 2570 2558 2497 2450 2430 2436 2441 2445 2459 2447 2433 2422 2435 2452 2472 2502 2525 2517 2506 2514 2525
2665 2587 2507 2462 2414 2381 2360 2350 2354 2345 2338 2337 2351 2369 2387 2402 2428 2450 2438 2424 2424 2435 2438 2428 2441 2491 2535 2549 2593 2649 2662 2605 2548 2554 2613 2637 2612 2565 2539 2571 2610 2641 2666 2718 2746 2709 2650 2623 2603 2567 2522 2488 2472 2478 2488 2483 2477 2476 2506 2528 2551 2574 2567 2529 2483 2469 2458 2450 2438 2441 2432 2413 2402 2413 2428 2459 2494 2500 2481 2478 2489 2511
2736 2675 2601 2532 2474 2407 2356 2348 2347 2338 2324 2327 2353 2359 2359 2369 2396 2414 2397 2390 2389 2417 2432 2438 2458 2498 2526 2539 2567 2627 2651 2607 2546 2505 2530 2586 2579 2540 2547 2590 2637 2657 2681 2717 2736 2704 2647 2597 2563 2511 2481 2461 2434 2444 2462 2471 2481 2497 2527 2556 2561 2575 2567 2530 2506 2502 2513 2494 2470 2457 2431 2412 2391 2395 2421 2452 2482 2485 2450 2442 2467 2487
2757 2718 2648 2586 2522 2445 2400 2393 2413 2396 2379 2379 2407 2400 2380 2375 2381 2380 2378 2392 2408 2430 2449 2458 2472 2489 2506 2521 2558 2609 2654 2647 2580 2508 2494 2510 2504 2483 2506 2580 2648 2689 2695 2719 2704 2652 2588 2520 2466 2430 2416 2411 2405 2410 2431 2451 2477 2515 2551 2563 2561 2569 2559 2538 2525 2536 2544 2539 2528 2501 2479 2447 2418 2404 2412 2443 2477 2474 2449 2444 2452 2482
2754 2714 2661 2616 2560 2507 2475 2487 2497 2479 2454 2457 2485 2483 2463 2435 2407 2380 2364 2373 2402 2413 2418 2434 2434 2441 2470 2529 2579 2611 2652 2647 2605 2530 2479 2470 2445 2415 2458 2539 2622 2663 2665 2648 2631 2579 2521 2462 2405 2372 2357 2372 2372 2389 2412 2441 2482 2527 2556 2553 2537 2536 2546 2543 2546 2549 2556 2560 2543 2539 2520 2501 2468 2448 2444 2457 2480 2485 2472 2459 2471 2485
2737 2699 2664 2632 2599 2567 2559 2560 2565 2544 2534 2531 2559 2557 2532 2494 2438 2378 2339 2337 2338 2356 2353 2374 2368 2385 2433 2522 2579 2582 2586 2603 2599 2550 2475 2443 2399 2365 2397 2488 2574 2620 2600 2568 2519 2482 2439 2399 2375 2341 2330 2340 2350 2375 2415 2455 2502 2536 2560 2536 2512 2511 2511 2508 2517 2528 2543 2545 2542 2524 2528 2520 2488 2467 2460 2474 2494 2492 2476 2478 2484 2503
2725 2700 2675 2662 2641 2627 2616 2614 2613 2598 2586 2592 2605 2591 2563 2506 2438 2365 2306 2260 2265 2256 2277 2298 2308 2329 2400 2499 2549 2516 2499 2514 2555 2522 2457 2397 2368 2330 2348 2419 2508 2571 2577 2542 2477 2413 2374 2349 2333 2318 2309 2312 2325 2348 2399 2454 2487 2531 2534 2520 2499 2495 2475 2460 2470 2496 2525 2541 2516 2503 2512 2505 2484 2453 2442 2467 2490 2491 2482 2475 2492 2506
2726 2718 2697 2689 2685 2669 2662 2659 2656 2638 2622 2623 2625 2609 2573 2531 2473 2410 2346 2295 2242 2215 2192 2232 2251 2293 2367 2468 2528 2491 2429 2442 2495 2494 2407 2372 2354 2320 2308 2345 2417 2490 2549 2551 2506 2440 2394 2371 2346 2322 2307 2308 2302 2332 2383 2433 2464 2496 2512 2485 2471 2461 2437 2413 2436 2475 2509 2522 2501 2475 2485 2490 2473 2450 2432 2449 2473 2487 2483 2483 2494 2514
2702 2708 2705 2699 2708 2699 2688 2686 2679 2650 2620 2612 2625 2613 2588 2549 2518 2479 2436 2377 2316 2234 2184 2174 2215 2270 2349 2439 2504 2480 2401 2373 2432 2440 2373 2320 2335 2325 2294 2303 2349 2423 2504 2552 2546 2504 2438 2396 2363 2334 2319 2317 2310 2330 2378 2415 2434 2468 2474 2445 2419 2413 2388 2371 2400 2443 2474 2496 2479 2456 2458 2450 2446 2432 2425 2425 2449 2474 2483 2471 2493 2507
2670 2704 2702 2710 2709 2704 2683 2671 2649 2613 2573 2567 2586 2595 2563 2538 2527 2516 2486 2441 2376 2293 2210 2174 2200 2265 2333 2415 2484 2482 2391 2331 2361 2389 2333 2291 2315 2328 2299 2285 2318 2371 2438 2491 2535 2503 2431 2367 2335 2314 2307 2299 2293 2310 2354 2391 2408 2446 2448 2413 2385 2364 2348 2345 2369 2401 2437 2463 2465 2432 2423 2403 2392 2399 2399 2412 2416 2455 2466 2457 2471 2485
2659 2702 2720 2704 2712 2696 2683 2652 2613 2567 2526 2514 2545 2550 2521 2490 2498 2506 2486 2433 2361 2280 2204 2151 2167 2225 2307 2380 2456 2480 2398 2312 2303 2325 2301 2277 2305 2322 2291 2259 2280 2318 2361 2415 2477 2497 2416 2352 2327 2297 2273 2264 2253 2274 2316 2356 2387 2419 2415 2390 2356 2349 2333 2327 2343 2365 2396 2442 2436 2406 2385 2358 2339 2362 2394 2407 2420 2444 2448 2445 2447 2465
2672 2706 2716 2704 2680 2674 2657 2625 2578 2528 2487 2484 2498 2508 2478 2439 2446 2465 2458 2408 2334 2258 2189 2136 2134 2189 2264 2351 2433 2467 2408 2313 2268 2260 2262 2267 2299 2316 2276 2238 2232 2264 2304 2360 2441 2470 2430 2373 2342 2305 2267 2249 2234 2252 2287 2337 2370 2402 2382 2358 2349 2340 2337 2324 2321 2341 2383 2420 2415 2376 2368 2335 2318 2332 2380 2416 2436 2442 2451 2435 2439 2439
2663 2690 2699 2672 2652 2634 2613 2579 2530 2485 2458 2456 2458 2461 2436 2405 2393 2429 2438 2402 2343 2289 2237 2179 2155 2187 2263 2342 2419 2461 2410 2334 2266 2244 2243 2270 2304 2318 2289 2236 2218 2219 2259 2322 2397 2454 2446 2408 2376 2326 2283 2266 2252 2264 2285 2322 2365 2380 2357 2343 2328 2333 2332 2312 2310 2344 2389 2420 2408 2384 2383 2369 2337 2342 2364 2407 2434 2449 2451 2456 2439 2423
2653 2669 2665 2646 2616 2596 2571 2533 2482 2436 2414 2418 2406 2401 2397 2366 2370 2390 2414 2380 2331 2290 2255 2224 2201 2233 2296 2353 2414 2443 2391 2323 2264 2225 2228 2255 2290 2316 2301 2270 2236 2221 2232 2284 2351 2419 2450 2449 2417 2362 2319 2293 2286 2296 2303 2319 2345 2355 2333 2322 2314 2304 2302 2299 2307 2355 2404 2431 2430 2418 2417 2410 2396 2388 2400 2423 2449 2454 2462 2470 2441 2420
2636 2637 2634 2598 2574 2550 2525 2485 2434 2385 2365 2368 2351 2345 2348 2345 2342 2370 2382 2345 2287 2242 2210 2200 2191 2228 2278 2332 2393 2409 2368 2296 2240 2203 2199 2232 2275 2309 2313 2289 2265 2238 2241 2277 2334 2377 2430 2449 2444 2416 2360 2332 2321 2328 2315 2315 2323 2324 2307 2301 2297 2289 2290 2289 2315 2359 2402 2426 2443 2433 2433 2427 2435 2442 2441 2462 2476 2466 2477 2479 2466 2436
2586 2590 2583 2555 2521 2498 2463 2422 2382 2328 2302 2313 2294 2279 2280 2286 2305 2308 2316 2312 2254 2194 2157 2141 2131 2148 2209 2282 2352 2388 2335 2273 2224 2196 2192 2219 2262 2297 2298 2284 2257 2232 2227 2268 2301 2322 2355 2403 2435 2432 2415 2375 2363 2352 2332 2317 2331 2331 2302 2290 2275 2272 2278 2298 2322 2366 2388 2414 2429 2431 2410 2422 2440 2441 2454 2469 2479 2473 2483 2501 2494 2480
2519 2518 2524 2500 2467 2430 2388 2341 2299 2261 2231 2242 2231 2202 2193 2198 2217 2223 2238 2262 2234 2162 2111 2090 2069 2102 2164 2243 2324 2352 2317 2264 2233 2222 2214 2222 2243 2273 2283 2282 2265 2230 2221 2237 2256 2262 2299 2356 2397 2425 2411 2397 2385 2379 2344 2336 2348 2343 2317 2292 2275 2270 2282 2312 2349 2375 2391 2402 2423 2408 2395 2396 2418 2430 2444 2467 2469 2462 2484 2506 2509 2508
2459 2455 2453 2436 2395 2358 2301 2256 2225 2179 2151 2178 2171 2131 2109 2122 2149 2159 2192 2236 2215 2150 2085 2053 2059 2091 2157 2228 2292 2334 2319 2279 2265 2253 2238 2217 2213 2231 2261 2295 2309 2271 2249 2239 2236 2230 2272 2326 2365 2374 2362 2353 2374 2379 2370 2357 2358 2341 2319 2303 2295 2293 2298 2324 2351 2367 2378 2393 2400 2395 2389 2389 2411 2418 2441 2465 2467 2464 2487 2509 2520 2529
2418 2406 2387 2363 2321 2274 2239 2198 2162 2123 2104 2110 2111 2079 2065 2088 2140 2171 2190 2223 2212 2144 2083 2067 2064 2108 2162 2221 2279 2322 2309 2278 2252 2235 2225 2204 2191 2202 2241 2319 2367 2351 2328 2302 2272 2262 2286 2329 2361 2361 2331 2317 2337 2369 2377 2369 2370 2340 2307 2306 2295 2303 2319 2336 2348 2360 2361 2370 2376 2389 2400 2416 2421 2424 2440 2459 2472 2477 2501 2519 2535 2561
2388 2370 2344 2311 2277 2250 2219 2189 2159 2139 2105 2103 2082 2035 2031 2062 2115 2150 2171 2183 2168 2123 2077 2066 2090 2114 2167 2234 2276 2308 2292 2255 2215 2194 2206 2206 2204 2217 2247 2342 2428 2447 2429 2396 2349 2322 2339 2359 2389 2398 2361 2333 2339 2360 2363 2360 2347 2333 2319 2305 2307 2329 2347 2372 2378 2367 2366 2364 2364 2387 2423 2425 2445 2440 2450 2468 2480 2493 2502 2517 2539 2576
2369 2359 2329 2300 2275 2255 2237 2208 2189 2189 2175 2138 2092 2050 2029 2052 2082 2119 2136 2148 2149 2113 2088 2097 2104 2130 2182 2223 2260 2278 2274 2265 2224 2208 2225 2251 2267 2281 2303 2381 2483 2523 2521 2469 2409 2384 2396 2426 2457 2458 2417 2380 2368 2371 2368 2353 2347 2342 2335 2334 2330 2346 2391 2422 2432 2427 2407 2386 2377 2387 2402 2417 2427 2441 2456 2466 2484 2494 2503 2522 2546 2558
2378 2371 2347 2324 2305 2297 2275 2248 2238 2247 2230 2179 2127 2079 2078 2075 2083 2094 2120 2132 2130 2116 2103 2117 2140 2160 2181 2210 2225 2258 2297 2310 2298 2272 2290 2306 2334 2358 2368 2431 2512 2573 2579 2519 2458 2432 2458 2498 2532 2534 2483 2435 2417 2414 2399 2383 2387 2387 2372 2357 2349 2375 2418 2464 2494 2500 2469 2424 2398 2392 2382 2384 2405 2411 2430 2444 2471 2498 2506 2521 2540 2535
2398 2379 2371 2366 2354 2344 2330 2306 2293 2301 2284 2242 2182 2156 2169 2140 2112 2110 2119 2116 2118 2099 2105 2134 2155 2170 2175 2177 2212 2266 2322 2386 2375 2351 2349 2372 2393 2418 2436 2473 2534 2601 2610 2567 2510 2492 2509 2539 2578 2589 2557 2509 2482 2466 2440 2421 2431 2437 2412 2391 2391 2414 2445 2473 2518 2549 2516 2470 2449 2412 2388 2376 2388 2403 2406 2421 2449 2480 2486 2491 2503 2503
2427 2401 2398 2413 2420 2410 2397 2373 2353 2359 2354 2326 2279 2286 2274 2235 2184 2161 2142 2130 2132 2125 2131 2155 2182 2182 2167 2184 2235 2295 2367 2425 2453 2421 2415 2438 2465 2493 2506 2531 2575 2628 2650 2606 2567 2555 2532 2528 2555 2592 2597 2579 2545 2522 2468 2444 2468 2480 2462 2441 2462 2492 2502 2505 2543 2583 2565 2520 2495 2450 2393 2377 2389 2405 2418 2420 2442 2462 2467 2459 2475 2486
2475 2431 2439 2459 2486 2492 2483 2446 2421 2419 2426 2411 2383 2391 2388 2330 2285 2243 2216 2203 2191 2181 2172 2195 2215 2210 2202 2222 2277 2336 2405 2467 2500 2487 2468 2503 2537 2564 2582 2607 2635 2684 2690 2660 2628 2602 2558 2505 2506 2549 2603 2621 2602 2552 2499 2469 2482 2515 2508 2498 2525 2569 2588 2579 2604 2634 2607 2576 2543 2486 2433 2389 2389 2406 2421 2432 2446 2469 2467 2470 2470 2484
2530 2483 2470 2512 2534 2558 2544 2500 2460 2474 2483 2478 2464 2471 2461 2407 2347 2319 2299 2282 2270 2240 2222 2237 2262 2249 2244 2274 2311 2378 2444 2508 2552 2541 2531 2561 2602 2632 2648 2670 2704 2723 2722 2703 2679 2652 2586 2519 2494 2523 2588 2645 2641 2599 2547 2513 2511 2526 2539 2549 2580 2631 2651 2648 2648 2662 2648 2612 2575 2527 2477 2425 2397 2403 2409 2426 2443 2459 2475 2476 2480 2473
2589 2554 2545 2549 2598 2606 2583 2533 2496 2500 2521 2533 2533 2546 2514 2461 2406 2364 2369 2336 2300 2292 2279 2294 2304 2286 2296 2336 2363 2411 2494 2550 2597 2601 2594 2624 2663 2686 2703 2726 2735 2738 2739 2736 2716 2685 2636 2576 2542 2549 2605 2664 2663 2630 2595 2575 2547 2546 2561 2589 2640 2686 2691 2663 2645 2645 2635 2606 2558 2531 2507 2460 2423 2404 2415 2421 2432 2450 2468 2483 2484 2482
2610 2610 2611 2622 2626 2648 2629 2572 2521 2509 2506 2538 2568 2591 2563 2515 2455 2434 2411 2347 2317 2331 2348 2355 2351 2321 2346 2397 2415 2459 2530 2592 2638 2658 2661 2691 2722 2737 2745 2746 2734 2728 2751 2772 2758 2737 2707 2671 2636 2628 2656 2673 2649 2607 2588 2583 2577 2570 2576 2604 2671 2711 2706 2661 2622 2605 2592 2563 2550 2553 2555 2515 2469 2436 2427 2438 2441 2453 2471 2493 2494 2495
2554 2607 2634 2649 2658 2655 2660 2624 2560 2520 2504 2524 2592 2625 2605 2567 2517 2484 2449 2379 2353 2396 2424 2434 2418 2380 2400 2460 2483 2518 2575 2631 2682 2709 2724 2751 2769 2769 2760 2734 2700 2715 2761 2798 2791 2774 2752 2718 2680 2667 2674 2662 2606 2562 2545 2561 2561 2557 2555 2587 2652 2713 2723 2688 2635 2589 2554 2552 2557 2599 2622 2584 2523 2472 2456 2455 2456 2470 2484 2495 2501 2501
2509 2563 2628 2670 2676 2686 2690 2666 2611 2564 2542 2551 2610 2657 2647 2613 2573 2537 2508 2452 2438 2473 2498 2510 2489 2449 2460 2523 2554 2587 2637 2681 2729 2760 2772 2789 2796 2776 2748 2712 2701 2729 2794 2825 2812 2792 2751 2702 2657 2636 2641 2633 2586 2550 2545 2555 2543 2525 2530 2566 2640 2706 2738 2727 2672 2614 2571 2567 2599 2639 2665 2636 2578 2517 2479 2469 2479 2480 2488 2496 2497 2498
2496 2528 2593 2671 2707 2722 2740 2709 2659 2636 2603 2596 2634 2684 2686 2663 2625 2589 2572 2540 2537 2551 2572 2567 2553 2509 2526 2573 2617 2657 2696 2737 2772 2795 2795 2802 2805 2779 2748 2720 2726 2777 2824 2840 2822 2788 2742 2686 2632 2600 2614 2631 2627 2609 2606 2602 2561 2523 2522 2565 2636 2698 2747 2757 2728 2675 2631 2636 2654 2686 2706 2679 2627 2569 2533 2510 2516 2510 2496 2494 2499 2503
2522 2526 2565 2632 2693 2735 2758 2751 2717 2695 2672 2633 2660 2706 2718 2693 2652 2618 2600 2583 2597 2622 2630 2629 2607 2581 2587 2637 2671 2711 2755 2783 2814 2823 2814 2814 2818 2801 2770 2742 2759 2810 2850 2855 2822 2782 2728 2670 2610 2576 2601 2649 2675 2681 2676 2660 2612 2562 2553 2582 2640 2697 2750 2780 2775 2729 2689 2689 2715 2736 2745 2715 2666 2634 2599 2581 2579 2562 2532 2519 2520 2517
2571 2534 2547 2593 2643 2711 2764 2770 2773 2761 2716 2682 2689 2734 2734 2701 2663 2629 2615 2608 2635 2673 2691 2681 2657 2637 2659 2692 2726 2766 2802 2832 2856 2864 2849 2842 2845 2832 2797 2764 2781 2828 2871 2870 2835 2788 2740 2685 2623 2594 2612 2669 2713 2736 2732 2712 2664 2624 2608 2619 2660 2712 2760 2801 2799 2772 2733 2735 2755 2773 2770 2737 2704 2680 2673 2647 2642 2628 2598 2581 2567 2569
2613 2571 2572 2604 2637 2696 2742 2776 2794 2802 2775 2737 2746 2771 2767 2733 2706 2682 2661 2651 2680 2725 2739 2727 2702 2689 2712 2747 2777 2815 2851 2879 2896 2891 2879 2868 2874 2861 2833 2804 2818 2860 2891 2885 2845 2800 2764 2721 2665 2624 2637 2681 2739 2775 2780 2753 2715 2673 2657 2660 2697 2743 2791 2818 2829 2804 2778 2776 2786 2798 2794 2770 2745 2734 2724 2700 2698 2690 2681 2662 2645 2622
2630 2602 2617 2630 2631 2665 2693 2724 2774 2805 2816 2807 2811 2827 2816 2795 2775 2753 2725 2696 2714 2758 2776 2765 2736 2726 2759 2792 2821 2853 2891 2920 2922 2910 2895 2898 2904 2904 2880 2864 2872 2899 2910 2894 2861 2825 2801 2768 2721 2684 2683 2715 2772 2809 2810 2785 2745 2711 2688 2695 2730 2770 2810 2840 2848 2835 2819 2815 2817 2823 2813 2800 2777 2767 2747 2732 2732 2736 2738 2729 2694 2667
2640 2636 2659 2651 2629 2640 2661 2679 2729 2779 2818 2841 2861 2875 2865 2838 2828 2809 2774 2733 2732 2791 2819 2801 2771 2764 2784 2828 2856 2888 2927 2953 2957 2938 2925 2917 2924 2923 2913 2904 2911 2913 2913 2899 2876 2851 2827 2795 2763 2735 2733 2757 2786 2825 2834 2810 2790 2751 2728 2725 2750 2786 2807 2834 2856 2855 2839 2845 2844 2840 2825 2807 2792 2769 2750 2744 2758 2767 2769 2757 2716 2685
