Data/tmax/PRISM_tmax_pr_1963-1995_normal_450mM1_01_asc.asc
ncols 557
nrows 164
xllcorner -67.31875000000
yllcorner 17.86875000000
cellsize 0.00416666667
NODATA_value -9999
[rows 72 to 107 of 164, columns 246 to 327 of 557]
2494 2474 2459 2446 2452 2458 2460 2456 2458 2472 2483 2493 2501 2510 2523 2552 2601 2650 2696 2723 2768 2760 2712 2647 2592 2550 2528 2520 2517 2530 2539 2556 2567 2594 2617 2646 2679 2695 2685 2671 2661 2667 2684 2699 2713 2733 2757 2780 2797 2801 2810 2828 2831 2835 2828 2815 2806 2800 2802 2822 2849 2864 2866 2869 2869 2870 2871 2872 2859 2859 2855 2848 2856 2847 2848 2850 2839 2828 2834 2842 2844 2852
2489 2487 2470 2464 2462 2474 2476 2481 2488 2493 2502 2508 2525 2550 2561 2586 2608 2646 2684 2724 2742 2732 2676 2605 2549 2518 2501 2506 2516 2534 2550 2561 2582 2609 2648 2675 2692 2693 2682 2676 2663 2662 2678 2700 2723 2750 2775 2790 2792 2788 2800 2819 2830 2840 2840 2837 2831 2823 2820 2831 2851 2864 2867 2867 2868 2867 2868 2870 2867 2861 2848 2838 2833 2825 2819 2825 2810 2788 2785 2797 2795 2825
2478 2485 2485 2478 2484 2486 2487 2495 2497 2502 2506 2517 2549 2586 2615 2635 2651 2673 2711 2730 2739 2719 2655 2591 2547 2529 2526 2537 2559 2583 2593 2605 2613 2640 2675 2697 2695 2685 2667 2655 2645 2647 2666 2681 2711 2741 2758 2762 2755 2741 2760 2792 2819 2837 2847 2848 2850 2848 2849 2851 2861 2863 2864 2865 2865 2865 2867 2868 2866 2860 2842 2820 2818 2813 2807 2812 2796 2763 2759 2760 2767 2787
2470 2487 2496 2495 2490 2489 2489 2489 2489 2491 2501 2508 2528 2563 2587 2615 2637 2686 2730 2746 2735 2722 2686 2637 2607 2592 2584 2586 2596 2608 2607 2613 2616 2629 2667 2688 2684 2669 2643 2631 2622 2628 2644 2662 2686 2707 2712 2711 2698 2690 2716 2763 2804 2830 2842 2849 2853 2855 2857 2860 2861 2859 2859 2861 2863 2864 2865 2867 2865 2858 2835 2805 2792 2799 2805 2795 2776 2763 2750 2760 2760 2779
2475 2492 2507 2505 2496 2496 2500 2500 2496 2496 2502 2508 2528 2555 2577 2587 2617 2668 2725 2724 2720 2731 2718 2685 2655 2642 2614 2593 2586 2580 2577 2577 2580 2598 2638 2663 2651 2641 2625 2604 2597 2608 2629 2637 2656 2662 2653 2654 2648 2652 2691 2743 2794 2824 2834 2847 2850 2853 2856 2858 2857 2855 2856 2860 2862 2864 2865 2866 2865 2859 2840 2797 2778 2786 2786 2779 2757 2750 2749 2753 2765 2782
2486 2505 2521 2528 2519 2528 2543 2552 2546 2540 2529 2532 2566 2608 2640 2653 2669 2708 2731 2717 2704 2732 2717 2676 2647 2625 2607 2579 2561 2551 2545 2556 2567 2590 2624 2645 2627 2612 2599 2584 2574 2595 2613 2627 2626 2609 2599 2602 2610 2631 2668 2724 2774 2807 2828 2838 2844 2846 2850 2852 2853 2852 2856 2861 2863 2865 2866 2867 2865 2859 2848 2824 2790 2786 2787 2769 2759 2760 2759 2756 2768 2780
2495 2512 2535 2551 2567 2578 2604 2618 2627 2624 2597 2584 2615 2650 2693 2716 2736 2737 2728 2692 2687 2718 2692 2632 2588 2577 2566 2556 2542 2531 2544 2566 2592 2604 2626 2635 2608 2594 2579 2560 2560 2580 2603 2607 2594 2573 2554 2560 2587 2619 2668 2712 2761 2799 2820 2836 2839 2841 2847 2849 2849 2851 2857 2862 2863 2864 2864 2865 2864 2861 2856 2843 2826 2814 2807 2802 2792 2787 2773 2767 2773 2772
2495 2506 2521 2562 2590 2616 2614 2626 2653 2665 2658 2641 2653 2676 2715 2742 2745 2724 2679 2653 2668 2697 2667 2600 2549 2525 2522 2518 2507 2511 2538 2572 2588 2593 2599 2607 2592 2564 2563 2552 2548 2565 2579 2580 2572 2558 2535 2545 2580 2633 2674 2726 2774 2801 2821 2833 2836 2841 2845 2848 2847 2850 2858 2860 2859 2858 2858 2857 2861 2863 2860 2852 2829 2817 2811 2816 2798 2788 2770 2772 2774 2768
2481 2486 2487 2520 2565 2573 2572 2586 2626 2677 2690 2695 2693 2710 2738 2750 2741 2688 2645 2625 2661 2696 2664 2605 2550 2523 2511 2500 2501 2513 2543 2558 2559 2551 2565 2585 2573 2559 2548 2549 2549 2550 2558 2562 2555 2545 2538 2560 2610 2658 2707 2754 2780 2798 2807 2823 2834 2839 2844 2846 2848 2851 2855 2858 2852 2849 2846 2834 2850 2857 2861 2843 2822 2805 2808 2809 2812 2792 2790 2795 2800 2771
2464 2461 2465 2487 2512 2512 2507 2532 2588 2641 2694 2710 2727 2724 2749 2746 2726 2689 2632 2632 2670 2684 2654 2611 2573 2541 2528 2529 2524 2530 2547 2534 2517 2517 2539 2573 2576 2562 2562 2547 2541 2542 2544 2545 2540 2541 2543 2576 2632 2685 2727 2760 2771 2759 2776 2801 2824 2834 2840 2847 2847 2848 2851 2847 2838 2835 2826 2821 2823 2842 2850 2850 2833 2829 2829 2836 2827 2818 2819 2826 2823 2797
2441 2458 2463 2475 2487 2473 2460 2495 2546 2608 2666 2707 2727 2739 2733 2731 2709 2678 2643 2644 2675 2663 2625 2588 2553 2529 2521 2521 2519 2527 2525 2520 2510 2513 2541 2562 2574 2573 2553 2547 2544 2542 2549 2549 2541 2546 2560 2596 2632 2672 2711 2731 2722 2721 2740 2783 2814 2829 2840 2844 2844 2844 2835 2829 2811 2808 2818 2795 2800 2800 2820 2838 2845 2846 2851 2850 2846 2840 2837 2845 2838 2818
2426 2454 2463 2478 2479 2461 2465 2503 2565 2621 2654 2691 2723 2729 2717 2694 2673 2638 2633 2653 2672 2649 2601 2562 2533 2505 2506 2498 2507 2510 2523 2526 2531 2546 2552 2565 2574 2566 2563 2550 2553 2560 2559 2549 2548 2561 2578 2608 2637 2656 2668 2683 2683 2682 2712 2754 2795 2826 2839 2842 2832 2831 2824 2795 2768 2772 2782 2769 2753 2756 2766 2799 2818 2825 2841 2855 2853 2852 2855 2850 2841 2830
2410 2436 2459 2472 2474 2465 2479 2530 2589 2627 2648 2669 2710 2716 2693 2671 2633 2609 2622 2650 2676 2649 2608 2577 2550 2540 2521 2520 2518 2530 2534 2535 2540 2544 2551 2557 2562 2567 2558 2558 2561 2561 2558 2553 2551 2564 2583 2619 2650 2670 2680 2682 2681 2675 2697 2732 2783 2818 2835 2824 2821 2820 2807 2777 2743 2736 2747 2730 2719 2718 2729 2746 2766 2774 2808 2832 2847 2852 2856 2851 2844 2835
2388 2419 2444 2464 2470 2468 2497 2548 2597 2635 2660 2689 2708 2711 2675 2650 2627 2597 2600 2642 2653 2645 2621 2606 2606 2581 2560 2546 2546 2546 2536 2525 2524 2535 2541 2550 2566 2563 2563 2562 2563 2561 2561 2557 2562 2572 2592 2627 2673 2691 2703 2714 2710 2719 2727 2765 2798 2822 2828 2812 2798 2799 2788 2758 2719 2718 2722 2709 2707 2709 2706 2724 2724 2740 2775 2818 2835 2848 2853 2850 2846 2840
2407 2416 2437 2456 2463 2474 2516 2566 2609 2646 2668 2697 2714 2686 2647 2626 2624 2600 2593 2599 2627 2599 2582 2583 2593 2594 2585 2563 2558 2547 2524 2523 2524 2539 2549 2559 2561 2562 2561 2562 2565 2569 2569 2572 2571 2582 2607 2640 2660 2672 2679 2689 2710 2721 2759 2786 2812 2822 2818 2798 2775 2770 2753 2733 2707 2704 2715 2712 2708 2711 2722 2720 2745 2750 2782 2813 2833 2843 2847 2850 2848 2843
2439 2443 2452 2466 2477 2494 2541 2590 2623 2635 2650 2687 2695 2681 2628 2602 2600 2589 2560 2573 2588 2557 2516 2521 2546 2578 2585 2579 2554 2541 2539 2530 2546 2554 2563 2560 2562 2560 2559 2560 2564 2569 2575 2581 2583 2594 2610 2629 2638 2629 2646 2672 2697 2733 2767 2798 2810 2819 2818 2796 2777 2757 2746 2727 2703 2700 2711 2713 2714 2726 2735 2755 2766 2787 2798 2816 2829 2837 2842 2847 2849 2844
2479 2490 2511 2520 2517 2525 2551 2585 2603 2613 2641 2681 2701 2686 2654 2607 2586 2557 2537 2530 2553 2529 2490 2490 2521 2554 2584 2575 2565 2558 2555 2558 2558 2563 2563 2561 2558 2558 2559 2558 2558 2556 2558 2570 2578 2590 2600 2604 2594 2609 2643 2688 2721 2752 2782 2796 2804 2811 2821 2811 2798 2787 2771 2752 2716 2701 2698 2707 2723 2746 2775 2779 2797 2806 2810 2818 2828 2834 2841 2848 2850 2846
2519 2535 2569 2590 2589 2580 2585 2587 2591 2599 2648 2685 2685 2680 2674 2634 2572 2551 2517 2503 2525 2523 2502 2505 2511 2535 2554 2570 2562 2573 2568 2566 2562 2563 2564 2556 2551 2550 2553 2558 2554 2543 2540 2540 2552 2567 2580 2577 2583 2606 2663 2704 2730 2752 2774 2786 2783 2798 2808 2811 2810 2803 2790 2773 2738 2700 2683 2698 2722 2760 2787 2796 2808 2818 2819 2825 2832 2837 2843 2846 2843 2839
2558 2576 2594 2608 2634 2629 2623 2625 2613 2616 2651 2663 2640 2643 2663 2649 2605 2574 2550 2519 2514 2520 2514 2504 2506 2503 2529 2542 2562 2559 2570 2567 2561 2562 2563 2557 2551 2548 2549 2554 2553 2543 2533 2527 2522 2545 2558 2564 2574 2617 2660 2683 2687 2704 2733 2748 2753 2763 2776 2793 2804 2789 2783 2770 2741 2704 2693 2706 2737 2761 2782 2788 2799 2816 2824 2833 2838 2843 2844 2840 2826 2817
2576 2577 2569 2575 2584 2600 2594 2617 2639 2653 2670 2653 2611 2618 2638 2655 2648 2632 2608 2557 2531 2516 2510 2505 2493 2499 2510 2536 2538 2550 2556 2561 2556 2553 2557 2550 2544 2545 2543 2551 2552 2545 2537 2520 2517 2531 2548 2553 2569 2603 2630 2635 2626 2640 2674 2702 2712 2719 2734 2765 2782 2760 2738 2716 2708 2692 2695 2722 2742 2758 2769 2775 2791 2805 2818 2830 2835 2837 2835 2826 2814 2797
2544 2534 2513 2512 2545 2549 2554 2573 2627 2656 2672 2648 2632 2618 2644 2664 2673 2649 2619 2583 2538 2510 2503 2495 2493 2490 2508 2518 2529 2530 2540 2544 2540 2539 2541 2530 2529 2532 2532 2539 2546 2543 2534 2524 2516 2539 2552 2557 2560 2568 2577 2576 2567 2585 2622 2653 2672 2679 2700 2734 2757 2731 2677 2656 2637 2642 2668 2707 2729 2747 2761 2775 2786 2800 2811 2821 2825 2825 2824 2822 2804 2795
2503 2492 2489 2496 2519 2540 2535 2545 2572 2612 2639 2640 2645 2664 2664 2676 2666 2623 2590 2555 2536 2517 2508 2511 2506 2503 2506 2517 2518 2525 2528 2531 2528 2524 2528 2517 2511 2517 2527 2531 2538 2535 2529 2518 2523 2541 2562 2561 2550 2528 2515 2517 2520 2550 2580 2602 2623 2644 2662 2704 2742 2714 2664 2613 2590 2583 2624 2683 2719 2738 2758 2771 2783 2794 2803 2817 2812 2817 2815 2810 2806 2789
2481 2485 2482 2488 2503 2521 2529 2525 2534 2560 2589 2616 2659 2678 2686 2686 2665 2618 2564 2535 2532 2548 2547 2558 2554 2539 2524 2519 2520 2529 2538 2538 2537 2541 2539 2525 2520 2525 2528 2539 2535 2533 2532 2530 2540 2559 2568 2565 2534 2494 2464 2465 2492 2531 2550 2564 2591 2618 2654 2698 2738 2730 2682 2622 2568 2559 2610 2656 2691 2720 2748 2762 2773 2779 2800 2805 2802 2791 2786 2793 2795 2791
2479 2488 2494 2496 2499 2508 2516 2516 2518 2523 2548 2576 2631 2675 2684 2688 2680 2641 2595 2537 2552 2589 2606 2605 2604 2571 2552 2535 2533 2551 2565 2573 2575 2568 2560 2545 2539 2536 2548 2544 2544 2538 2544 2553 2564 2572 2571 2559 2527 2474 2441 2452 2487 2526 2536 2556 2601 2652 2694 2719 2746 2726 2681 2627 2571 2564 2593 2619 2646 2682 2722 2745 2754 2774 2789 2805 2788 2771 2760 2772 2788 2788
2468 2481 2491 2504 2506 2506 2507 2509 2507 2511 2522 2545 2600 2646 2658 2657 2669 2672 2638 2594 2596 2637 2642 2632 2620 2596 2585 2573 2569 2578 2597 2599 2597 2589 2576 2561 2558 2559 2559 2564 2552 2554 2556 2570 2575 2570 2567 2554 2522 2482 2465 2476 2513 2523 2527 2557 2616 2674 2704 2712 2710 2687 2662 2629 2581 2559 2575 2588 2612 2657 2698 2724 2747 2765 2790 2800 2793 2777 2768 2781 2790 2778
2456 2458 2477 2498 2508 2511 2511 2509 2508 2503 2510 2521 2572 2612 2616 2606 2629 2667 2675 2650 2648 2667 2660 2650 2633 2621 2619 2614 2591 2596 2600 2605 2597 2596 2591 2582 2582 2579 2581 2577 2576 2568 2576 2574 2579 2569 2557 2551 2523 2501 2499 2523 2533 2531 2533 2577 2623 2669 2689 2678 2664 2650 2641 2623 2580 2573 2587 2604 2643 2679 2709 2736 2757 2773 2786 2794 2792 2782 2783 2790 2788 2776
2455 2460 2474 2497 2506 2513 2516 2517 2512 2505 2501 2506 2545 2591 2583 2579 2595 2644 2670 2668 2665 2667 2665 2660 2654 2635 2631 2616 2606 2600 2612 2596 2598 2588 2597 2597 2596 2596 2595 2593 2587 2591 2581 2582 2571 2567 2564 2557 2547 2528 2538 2540 2540 2531 2547 2582 2615 2661 2670 2666 2664 2650 2639 2613 2585 2587 2622 2649 2673 2702 2734 2755 2764 2773 2784 2785 2773 2768 2770 2785 2777 2763
2474 2471 2482 2499 2506 2508 2515 2512 2510 2502 2496 2496 2520 2539 2550 2528 2572 2621 2631 2648 2652 2637 2640 2651 2648 2622 2608 2602 2603 2614 2606 2597 2580 2587 2589 2599 2599 2604 2602 2597 2592 2591 2590 2580 2578 2574 2573 2571 2566 2559 2546 2544 2538 2535 2548 2569 2604 2637 2654 2640 2628 2636 2608 2587 2572 2612 2658 2674 2691 2709 2726 2740 2751 2771 2780 2772 2750 2726 2750 2764 2758 2751
2480 2478 2484 2501 2504 2505 2498 2491 2488 2483 2484 2488 2492 2503 2488 2512 2562 2597 2611 2619 2640 2619 2612 2628 2626 2613 2587 2584 2600 2607 2602 2585 2582 2570 2583 2587 2597 2603 2607 2602 2598 2597 2596 2596 2589 2586 2582 2570 2577 2567 2562 2549 2547 2544 2538 2548 2583 2630 2619 2586 2574 2582 2572 2560 2584 2638 2691 2709 2715 2714 2716 2720 2734 2762 2782 2769 2736 2716 2725 2749 2743 2729
2481 2475 2477 2494 2504 2496 2479 2473 2468 2464 2466 2472 2476 2466 2474 2498 2539 2578 2568 2596 2622 2609 2586 2597 2603 2599 2589 2576 2588 2599 2603 2590 2582 2574 2569 2581 2592 2603 2608 2609 2604 2604 2600 2597 2589 2585 2566 2561 2563 2563 2551 2541 2538 2534 2517 2517 2561 2602 2581 2537 2532 2554 2550 2570 2611 2667 2707 2730 2739 2742 2737 2734 2742 2765 2781 2776 2748 2717 2724 2740 2734 2728
2486 2489 2481 2492 2505 2497 2484 2471 2470 2461 2451 2449 2448 2446 2465 2472 2509 2517 2534 2557 2606 2606 2592 2583 2584 2593 2589 2582 2585 2592 2597 2596 2589 2583 2583 2587 2596 2603 2606 2607 2606 2602 2592 2588 2575 2557 2546 2534 2535 2523 2508 2495 2498 2498 2486 2474 2507 2550 2522 2506 2510 2535 2546 2586 2639 2684 2711 2719 2736 2750 2759 2760 2762 2777 2780 2775 2751 2722 2713 2722 2730 2730
2519 2511 2496 2495 2499 2502 2493 2488 2486 2477 2469 2450 2439 2437 2447 2469 2465 2484 2495 2517 2559 2600 2605 2603 2581 2575 2585 2584 2589 2595 2598 2590 2591 2590 2591 2594 2597 2599 2595 2593 2603 2592 2569 2548 2540 2531 2509 2508 2497 2480 2456 2443 2447 2460 2447 2428 2443 2465 2465 2472 2508 2535 2560 2604 2655 2679 2685 2680 2692 2716 2743 2760 2770 2774 2778 2770 2757 2729 2713 2710 2718 2721
2554 2542 2515 2501 2496 2490 2489 2484 2484 2495 2495 2485 2466 2446 2449 2438 2442 2455 2467 2471 2501 2553 2591 2591 2580 2563 2558 2577 2587 2594 2594 2590 2587 2583 2584 2586 2580 2573 2558 2568 2587 2584 2547 2534 2534 2527 2516 2505 2490 2459 2433 2415 2416 2430 2430 2411 2402 2408 2410 2456 2513 2545 2581 2618 2638 2649 2638 2628 2643 2678 2719 2749 2767 2773 2768 2762 2745 2728 2712 2706 2708 2718
2607 2585 2551 2541 2514 2486 2462 2460 2461 2488 2515 2521 2501 2473 2456 2434 2420 2432 2445 2444 2469 2514 2550 2577 2581 2566 2565 2556 2576 2584 2589 2584 2574 2560 2557 2553 2536 2527 2513 2543 2574 2585 2572 2562 2549 2554 2541 2532 2509 2483 2455 2434 2430 2436 2445 2430 2407 2397 2395 2441 2498 2536 2569 2588 2594 2593 2591 2603 2634 2671 2715 2750 2765 2769 2763 2739 2717 2706 2698 2698 2706 2710
2642 2621 2607 2597 2563 2507 2471 2450 2455 2487 2524 2530 2509 2477 2461 2437 2424 2437 2445 2445 2458 2494 2529 2551 2565 2572 2561 2555 2554 2567 2571 2562 2538 2512 2508 2502 2486 2487 2505 2536 2565 2564 2582 2576 2567 2564 2561 2556 2537 2505 2479 2468 2458 2465 2462 2452 2432 2406 2399 2425 2453 2486 2516 2531 2529 2532 2558 2590 2629 2667 2715 2748 2760 2765 2755 2735 2717 2707 2702 2701 2706 2710
2667 2652 2635 2639 2603 2546 2501 2475 2474 2511 2545 2537 2503 2465 2442 2438 2441 2458 2461 2449 2456 2493 2521 2529 2540 2541 2555 2550 2540 2540 2539 2529 2496 2461 2448 2451 2456 2484 2519 2547 2540 2550 2575 2591 2586 2585 2569 2547 2529 2511 2486 2483 2482 2488 2485 2465 2457 2446 2435 2433 2444 2454 2473 2481 2483 2495 2517 2552 2599 2642 2697 2740 2746 2749 2748 2735 2724 2723 2714 2706 2704 2704
