Data/tmax/PRISM_tmax_pr_1963-1995_normal_450mM1_06_asc.asc
ncols 557
nrows 164
xllcorner -67.31875000000
yllcorner 17.86875000000
cellsize 0.00416666667
NODATA_value -9999
[rows 36 to 71 of 164, columns 328 to 409 of 557]
3138 3135 3132 3128 3126 3123 3116 3109 3102 3110 3116 3115 3114 3113 3111 3113 3115 3117 3119 3119 3120 3120 3121 3121 3121 3120 3120 3120 3120 3121 3121 3121 3122 3122 3122 3122 3120 3115 3113 3109 3110 3117 3119 3119 3124 3125 3127 3126 -9999 -9999 -9999 -9999 -9999 -9999 3128 -9999 -9999 -9999 -9999 -9999 -9999 -9999 -9999 -9999 -9999 -9999 -9999 -9999 -9999 -9999 -9999 -9999 -9999 -9999 -9999 -9999 -9999 -9999 -9999 3132 3133 -9999
3138 3135 3132 3129 3125 3122 3116 3107 3106 3111 3115 3114 3114 3112 3111 3111 3112 3115 3116 3117 3118 3119 3120 3120 3121 3120 3120 3121 3122 3122 3122 3122 3122 3122 3121 3120 3121 3120 3110 3101 3093 3094 3110 3112 3118 3122 3123 3124 3122 3123 3122 3121 3120 3122 3126 3128 -9999 -9999 -9999 -9999 -9999 -9999 -9999 -9999 -9999 -9999 -9999 -9999 -9999 -9999 -9999 -9999 -9999 -9999 -9999 -9999 -9999 -9999 3128 3130 3134 3136
3138 3135 3132 3129 3127 3123 3118 3113 3109 3114 3114 3114 3113 3113 3111 3110 3109 3110 3112 3114 3116 3117 3118 3120 3121 3122 3121 3122 3123 3123 3123 3123 3123 3122 3120 3119 3120 3121 3115 3097 3079 3076 3076 3089 3101 3115 3120 3120 3121 3123 3123 3122 3121 3122 3127 3129 3129 -9999 -9999 -9999 -9999 -9999 -9999 -9999 -9999 -9999 -9999 -9999 -9999 -9999 -9999 -9999 -9999 3124 -9999 -9999 -9999 3124 3128 3132 3136 3137
3137 3134 3131 3129 3127 3124 3121 3116 3114 3114 3113 3113 3113 3113 3112 3109 3107 3106 3108 3111 3114 3116 3116 3119 3120 3121 3120 3121 3122 3123 3123 3124 3124 3123 3121 3120 3121 3119 3115 3104 3086 3064 3051 3054 3080 3107 3118 3119 3119 3120 3120 3120 3120 3121 3125 3127 3128 3126 -9999 -9999 -9999 -9999 -9999 -9999 -9999 -9999 -9999 -9999 -9999 -9999 -9999 -9999 3123 3123 3123 -9999 3120 3123 3127 3129 3130 3137
3137 3135 3130 3129 3126 3123 3120 3118 3116 3115 3114 3113 3112 3112 3111 3109 3107 3105 3105 3109 3111 3113 3115 3115 3118 3115 3114 3115 3118 3120 3122 3123 3123 3122 3121 3121 3119 3117 3113 3106 3093 3066 3039 3039 3073 3104 3116 3118 3116 3115 3117 3118 3118 3118 3118 3122 3123 3122 3122 3123 3124 -9999 -9999 -9999 3126 -9999 -9999 -9999 -9999 -9999 -9999 3122 3122 3123 3122 3122 3121 3122 3125 3122 3128 3133
3136 3133 3129 3126 3124 3121 3118 3117 3117 3113 3111 3112 3110 3110 3106 3106 3103 3100 3104 3106 3106 3110 3110 3110 3110 3108 3108 3111 3114 3119 3122 3118 3121 3119 3119 3118 3117 3109 3103 3098 3090 3068 3049 3055 3084 3110 3116 3112 3110 3109 3110 3116 3118 3115 3110 3114 3118 3120 3122 3124 3124 3124 3122 3122 3124 3125 -9999 -9999 -9999 -9999 3123 3123 3123 3122 3122 3122 3122 3124 3129 3130 3133 3136
3137 3131 3127 3123 3120 3118 3117 3116 3114 3108 3107 3108 3109 3107 3104 3096 3093 3094 3098 3098 3102 3104 3105 3101 3101 3098 3102 3105 3112 3114 3114 3113 3114 3113 3108 3115 3103 3095 3090 3089 3086 3085 3077 3086 3104 3112 3108 3102 3102 3101 3108 3113 3116 3106 3097 3105 3113 3118 3120 3122 3122 3123 3124 3123 3125 3126 3126 3126 3125 3125 3124 3124 3123 3122 3122 3121 3121 3121 3129 3134 3136 3136
3131 3123 3120 3117 3117 3117 3117 3115 3113 3107 3106 3110 3107 3106 3099 3091 3082 3085 3091 3091 3092 3096 3100 3095 3094 3092 3091 3100 3107 3108 3104 3104 3106 3102 3104 3098 3087 3069 3066 3074 3085 3094 3099 3105 3110 3108 3100 3090 3085 3089 3096 3104 3110 3099 3091 3103 3113 3114 3117 3119 3120 3121 3123 3122 3122 3123 3126 3126 3126 3126 3125 3125 3122 3121 3121 3119 3115 3114 3128 3134 3138 3137
3113 3104 3103 3102 3108 3110 3112 3113 3112 3107 3104 3103 3102 3104 3103 3092 3079 3079 3081 3076 3074 3083 3082 3087 3088 3085 3085 3091 3104 3100 3093 3091 3101 3103 3092 3096 3067 3038 3031 3049 3067 3086 3095 3104 3103 3101 3092 3081 3063 3053 3058 3084 3100 3093 3089 3106 3107 3108 3109 3118 3120 3120 3117 3112 3115 3119 3123 3122 3125 3125 3125 3120 3117 3118 3114 3115 3103 3103 3124 3139 3140 3140
3101 3092 3084 3083 3085 3093 3096 3104 3109 3102 3094 3091 3094 3099 3100 3090 3072 3066 3066 3058 3060 3062 3071 3076 3086 3082 3083 3092 3098 3091 3081 3085 3095 3093 3094 3082 3063 3025 3005 3009 3035 3053 3079 3093 3096 3083 3088 3070 3054 3026 3037 3063 3085 3087 3092 3097 3102 3095 3100 3114 3119 3113 3107 3099 3102 3114 3111 3115 3120 3125 3120 3116 3107 3102 3108 3100 3090 3090 3119 3137 3141 3141
3107 3090 3077 3057 3059 3065 3079 3087 3101 3088 3082 3087 3095 3088 3079 3065 3051 3047 3045 3045 3046 3057 3056 3071 3076 3078 3078 3092 3095 3086 3083 3086 3089 3099 3083 3084 3064 3025 2985 2975 2992 3028 3061 3090 3089 3084 3066 3067 3056 3052 3050 3069 3084 3085 3090 3097 3089 3090 3093 3109 3115 3112 3097 3093 3101 3098 3097 3103 3117 3123 3123 3110 3099 3093 3096 3094 3089 3097 3120 3135 3139 -9999
3104 3088 3062 3043 3043 3051 3068 3087 3087 3074 3065 3073 3083 3076 3056 3043 3031 3027 3026 3028 3045 3047 3051 3059 3068 3061 3072 3085 3086 3076 3084 3085 3081 3072 3068 3049 3037 2999 2958 2936 2953 2994 3038 3074 3083 3072 3063 3039 3042 3052 3065 3073 3082 3092 3098 3089 3091 3093 3098 3111 3114 3103 3097 3095 3096 3091 3085 3098 3116 3122 3120 3111 3090 3077 3089 3097 3102 3115 3131 3136 -9999 -9999
3091 3077 3048 3038 3033 3048 3073 3090 3094 3075 3062 3060 3074 3082 3073 3056 3037 3021 3012 3026 3042 3044 3045 3053 3056 3061 3070 3081 3065 3051 3069 3072 3058 3047 3029 3009 2987 2964 2929 2906 2910 2947 2998 3035 3055 3062 3056 3033 3021 3022 3038 3055 3071 3092 3089 3087 3092 3098 3101 3102 3099 3089 3085 3090 3098 3091 3092 3107 3118 3121 3118 3107 3078 3073 3094 3108 3121 3131 3136 -9999 -9999 -9999
3088 3077 3051 3032 3031 3041 3078 3094 3095 3083 3074 3057 3055 3080 3085 3069 3045 3025 3013 3021 3040 3033 3023 3040 3053 3067 3078 3071 3040 3034 3041 3038 3014 2999 2985 2959 2939 2919 2903 2878 2872 2890 2944 2991 3010 3023 3046 3043 3012 2999 3001 3025 3057 3073 3073 3079 3082 3085 3074 3069 3063 3066 3074 3081 3091 3090 3094 3109 3112 3117 3115 3093 3077 3076 3104 3117 3124 3133 3136 -9999 -9999 -9999
3084 3073 3064 3036 3021 3038 3069 3082 3070 3073 3076 3051 3042 3058 3079 3083 3059 3037 3023 3029 3033 3012 3002 3019 3046 3064 3065 3044 3025 3017 3024 2993 2959 2940 2929 2902 2883 2873 2863 2852 2831 2838 2879 2931 2957 2974 3015 3034 3008 2968 2966 2995 3029 3041 3047 3054 3057 3044 3029 3015 3023 3040 3057 3058 3063 3075 3085 3089 3106 3112 3107 3094 3081 3096 3112 3114 3119 3131 3136 3136 -9999 -9999
3062 3080 3068 3043 3017 3021 3049 3055 3052 3058 3075 3060 3032 3031 3063 3074 3063 3033 3018 3020 3023 2992 2968 2989 3021 3036 3024 3002 2984 2994 2983 2944 2904 2878 2862 2835 2813 2809 2811 2802 2784 2775 2809 2862 2900 2937 2984 3012 2983 2944 2943 2966 3005 3022 3020 3027 3012 2999 2974 2965 2982 3014 3036 3019 3035 3056 3067 3071 3087 3110 3115 3105 3104 3113 3118 3113 3118 3129 3136 3135 -9999 -9999
3050 3061 3071 3044 3005 3001 3013 3025 3034 3060 3074 3056 3020 3023 3044 3070 3042 3013 2992 2990 2989 2965 2942 2943 2978 2989 2972 2950 2943 2947 2939 2899 2853 2819 2794 2765 2742 2739 2744 2737 2720 2711 2743 2803 2862 2911 2965 2990 2974 2940 2932 2965 2997 3014 3007 3000 2986 2963 2942 2930 2941 2984 3004 2995 3002 3042 3049 3045 3069 3102 3115 3120 3120 3124 3125 3123 3125 3134 3134 3135 -9999 -9999
3034 3044 3065 3050 3028 3003 3007 3016 3040 3064 3069 3044 3016 3018 3054 3050 3016 2974 2947 2941 2946 2942 2922 2925 2932 2948 2924 2898 2889 2898 2890 2852 2801 2758 2729 2700 2675 2663 2669 2664 2638 2636 2679 2753 2821 2882 2936 2975 2976 2955 2959 2968 3002 3010 2992 2974 2971 2961 2943 2919 2927 2960 2995 2986 2997 3030 3046 3051 3068 3097 3117 3122 3126 3128 3129 3130 3130 3134 3134 -9999 -9999 -9999
3011 3036 3051 3049 3021 3005 2999 3009 3037 3067 3066 3048 3022 3034 3058 3034 2981 2929 2895 2881 2884 2897 2906 2897 2911 2914 2883 2851 2833 2842 2832 2793 2748 2703 2665 2637 2604 2586 2587 2578 2569 2579 2636 2715 2787 2845 2899 2939 2952 2941 2943 2959 2990 3005 2974 2957 2955 2944 2925 2914 2923 2962 2999 2997 2987 3012 3047 3060 3081 3099 3117 3128 3129 3131 3132 3130 3132 3133 3132 -9999 -9999 -9999
2999 3028 3034 3015 2992 2968 2966 2979 3007 3033 3059 3055 3041 3041 3059 3033 2968 2911 2856 2824 2820 2834 2855 2869 2878 2886 2863 2816 2793 2782 2766 2726 2685 2647 2609 2577 2543 2507 2500 2500 2517 2559 2623 2712 2780 2840 2890 2907 2912 2897 2898 2910 2948 2970 2944 2924 2928 2914 2910 2907 2936 2985 3026 3031 3015 3034 3062 3089 3094 3107 3121 3129 3131 3131 3130 3120 3131 3132 3130 -9999 -9999 -9999
2998 3016 3012 2977 2945 2929 2938 2956 2989 3030 3051 3072 3044 3037 3048 3022 2960 2895 2838 2791 2766 2777 2801 2819 2840 2860 2847 2817 2772 2745 2708 2662 2621 2584 2550 2518 2481 2443 2426 2451 2498 2557 2629 2698 2769 2829 2862 2864 2847 2837 2845 2865 2900 2923 2902 2879 2889 2895 2900 2921 2956 3005 3050 3065 3060 3069 3090 3107 3113 3117 3126 3129 3129 3130 3119 3109 3119 3128 3128 3129 -9999 -9999
2997 3011 2999 2961 2926 2914 2938 2974 3017 3040 3060 3058 3032 3002 3019 2997 2935 2869 2815 2761 2740 2744 2752 2765 2790 2817 2832 2808 2763 2716 2668 2618 2570 2524 2490 2462 2422 2383 2392 2434 2505 2577 2635 2703 2757 2803 2817 2790 2769 2772 2795 2822 2860 2878 2862 2836 2840 2852 2880 2913 2954 2996 3045 3076 3081 3091 3100 3110 3118 3123 3126 3127 3128 3128 3113 3103 3117 3125 3129 3130 3132 -9999
2988 2997 2991 2959 2926 2914 2948 2998 3038 3057 3062 3045 3001 2968 2984 2978 2911 2843 2785 2751 2747 2754 2743 2732 2740 2773 2794 2779 2735 2680 2633 2587 2533 2484 2445 2418 2382 2368 2394 2455 2524 2585 2649 2703 2752 2784 2779 2728 2695 2703 2733 2768 2797 2827 2825 2806 2811 2834 2873 2917 2962 2996 3039 3074 3091 3099 3104 3113 3118 3122 3124 3125 3125 3119 3110 3102 3112 3122 3131 3133 3132 -9999
2964 2982 2986 2971 2946 2938 2965 3000 3038 3055 3051 3026 2968 2933 2950 2960 2901 2829 2781 2758 2780 2787 2756 2719 2708 2726 2746 2730 2687 2640 2591 2547 2500 2455 2434 2416 2386 2378 2421 2480 2532 2591 2641 2691 2722 2753 2743 2693 2655 2659 2672 2701 2738 2777 2805 2816 2844 2877 2915 2964 3000 3030 3058 3082 3095 3101 3104 3111 3114 3116 3118 3119 3119 3117 3107 3099 3102 3111 3127 3131 3130 -9999
2939 2953 2972 2964 2955 2963 2991 3019 3036 3048 3044 3008 2956 2911 2931 2939 2893 2833 2798 2794 2801 2792 2752 2704 2674 2681 2695 2676 2634 2589 2539 2492 2444 2424 2430 2432 2415 2401 2437 2479 2526 2575 2631 2660 2681 2705 2711 2693 2668 2658 2647 2651 2683 2730 2775 2814 2865 2911 2960 3006 3046 3064 3077 3083 3090 3092 3092 3093 3099 3101 3105 3101 3110 3112 3110 3111 3105 3115 3126 3127 3127 -9999
2919 2939 2943 2936 2926 2948 2999 3030 3051 3050 3043 3024 2970 2932 2930 2938 2903 2862 2833 2814 2796 2762 2713 2665 2627 2629 2636 2611 2573 2529 2479 2426 2384 2370 2402 2430 2431 2432 2456 2490 2506 2554 2600 2621 2626 2640 2673 2690 2703 2707 2670 2654 2658 2703 2751 2806 2862 2920 2978 3027 3062 3067 3071 3069 3068 3065 3056 3061 3065 3073 3081 3086 3088 3094 3095 3111 3117 3122 3126 3125 -9999 -9999
2897 2912 2926 2910 2892 2915 2965 3014 3041 3044 3043 3018 2982 2932 2914 2914 2895 2868 2834 2794 2754 2710 2670 2617 2579 2570 2565 2550 2514 2472 2425 2374 2330 2329 2368 2416 2443 2454 2489 2505 2508 2519 2559 2567 2557 2576 2613 2663 2707 2729 2730 2697 2695 2725 2775 2832 2890 2943 2990 3035 3056 3063 3053 3041 3033 3022 3011 3012 3027 3049 3061 3067 3082 3079 3084 3099 3114 3119 3116 -9999 -9999 -9999
2872 2879 2891 2888 2881 2885 2929 2979 3018 3033 3028 3009 2967 2922 2892 2870 2858 2844 2803 2756 2706 2665 2620 2572 2530 2507 2501 2486 2465 2434 2396 2359 2327 2334 2385 2438 2473 2485 2506 2530 2509 2501 2508 2502 2496 2516 2559 2610 2658 2723 2747 2762 2757 2790 2832 2878 2926 2969 3004 3035 3058 3046 3040 3022 3001 2979 2961 2970 3000 3028 3052 3065 3082 3089 3090 3103 3106 3105 3104 3099 -9999 -9999
2885 2867 2868 2869 2864 2871 2883 2932 2980 3006 3019 3006 2973 2941 2907 2867 2834 2807 2767 2715 2667 2618 2576 2528 2486 2457 2439 2430 2410 2387 2374 2359 2357 2370 2421 2470 2506 2506 2521 2541 2530 2493 2473 2448 2429 2449 2498 2545 2613 2689 2768 2798 2829 2858 2895 2935 2971 3002 3027 3046 3049 3040 3022 3017 2996 2961 2933 2932 2967 3006 3037 3052 3071 3085 3092 3097 3098 3095 3092 3094 3093 -9999
2954 2915 2904 2895 2885 2865 2870 2899 2943 2974 3000 2985 2961 2933 2913 2885 2838 2800 2749 2698 2648 2602 2552 2509 2465 2431 2402 2388 2360 2340 2339 2358 2385 2422 2460 2505 2536 2541 2538 2555 2546 2507 2473 2428 2394 2398 2436 2499 2584 2678 2758 2824 2857 2900 2943 2973 3005 3029 3042 3051 3045 3011 2998 2997 2988 2962 2944 2950 2975 3012 3032 3050 3056 3068 3082 3088 3089 3089 3087 3088 -9999 -9999
3022 2992 2980 2964 2941 2919 2895 2911 2934 2957 2968 2957 2916 2885 2878 2870 2844 2804 2761 2715 2668 2622 2580 2534 2500 2456 2421 2393 2358 2340 2338 2362 2411 2457 2499 2539 2576 2584 2577 2581 2573 2539 2499 2457 2404 2386 2404 2472 2567 2663 2742 2806 2864 2910 2952 2993 3022 3033 3042 3045 3030 2996 2967 2970 2968 2963 2970 2984 3009 3025 3044 3045 3053 3060 3071 3077 3080 3081 3083 3083 3084 -9999
3077 3049 3045 3027 3008 2982 2949 2935 2950 2940 2939 2912 2879 2840 2820 2829 2813 2793 2777 2739 2707 2665 2620 2585 2548 2511 2469 2439 2410 2387 2384 2391 2424 2473 2521 2570 2616 2636 2629 2625 2618 2581 2538 2495 2447 2410 2406 2448 2546 2636 2716 2782 2838 2894 2945 2987 3020 3030 3026 3030 3021 2998 2972 2962 2948 2937 2940 2959 2978 2999 3019 3041 3048 3060 3065 3068 3071 3074 3077 3077 -9999 3065
3118 3099 3085 3072 3056 3026 2985 2969 2967 2949 2915 2888 2853 2811 2785 2779 2769 2768 2767 2763 2734 2710 2670 2630 2604 2564 2529 2505 2473 2461 2452 2439 2449 2471 2527 2591 2647 2684 2694 2684 2669 2624 2574 2533 2497 2471 2462 2496 2557 2644 2724 2792 2853 2907 2957 2993 3019 3017 3010 3002 3010 3006 2998 2979 2950 2922 2912 2921 2942 2972 3009 3032 3051 3054 3058 3061 3065 3068 3070 3067 3059 3062
3138 3126 3117 3104 3087 3064 3022 3008 3016 2983 2947 2911 2878 2840 2803 2780 2757 2762 2774 2760 2762 2740 2710 2682 2656 2628 2599 2568 2544 2528 2524 2508 2487 2507 2539 2605 2674 2733 2759 2762 2729 2674 2609 2571 2545 2547 2564 2593 2640 2691 2760 2824 2882 2936 2970 2990 3007 3004 2993 2991 2985 2996 2999 2986 2960 2934 2918 2932 2959 2984 3014 3039 3044 3049 3052 3056 3061 3064 3065 3061 3058 3055
3144 3138 3132 3125 3118 3097 3073 3059 3059 3033 3000 2969 2939 2909 2866 2825 2790 2796 2788 2784 2779 2780 2754 2730 2726 2711 2679 2649 2609 2599 2592 2576 2577 2586 2628 2674 2724 2784 2827 2833 2803 2728 2667 2619 2606 2613 2652 2698 2737 2781 2826 2879 2918 2957 2976 2986 2999 3005 3007 2994 2990 2982 2981 2979 2974 2955 2940 2950 2968 2986 3011 3033 3043 3046 3050 3054 3058 3061 3062 3061 3057 3056
3143 3141 3131 3136 3134 3127 3108 3096 3092 3073 3051 3024 2997 2968 2927 2879 2849 2852 2842 2832 2844 2835 2821 2809 2808 2796 2767 2722 2689 2665 2656 2632 2636 2680 2721 2769 2815 2852 2890 2898 2859 2791 2722 2686 2671 2691 2718 2768 2820 2857 2894 2926 2944 2968 2988 2996 3017 3022 3031 3032 3004 2978 2971 2978 2990 2977 2953 2943 2947 2968 2997 3028 3043 3046 3049 3053 3056 3060 3062 3061 3059 3056
