Data/tmax/PRISM_tmax_pr_1963-1995_normal_450mM1_06_asc.asc
ncols 557
nrows 164
xllcorner -67.31875000000
yllcorner 17.86875000000
cellsize 0.00416666667
NODATA_value -9999
[rows 108 to 143 of 164, columns 164 to 245 of 557]
2882 2885 2897 2880 2849 2862 2869 2865 2891 2938 2975 3000 3031 3056 3032 3020 3017 3024 2991 2934 2931 2990 3035 3009 2973 2943 2956 2988 3038 3081 3110 3125 3124 3112 3095 3077 3064 3061 3059 3058 3063 3059 3057 3048 3037 3003 2971 2942 2943 2942 2948 2950 2962 2994 3023 3021 3018 3002 2976 2969 2999 3021 3044 3058 3093 3112 3111 3117 3115 3102 3087 3079 3053 3032 3009 3020 3054 3062 3051 3029 2977 2957
2922 2923 2931 2913 2889 2903 2910 2887 2902 2950 2988 3015 3046 3061 3039 3008 3025 3043 3014 2960 2958 3011 3046 3037 2998 2963 2937 2968 3022 3078 3115 3128 3118 3104 3070 3030 3002 2997 2995 3004 3009 3013 3016 3026 3022 2996 2962 2957 2974 2992 2989 2983 2972 2994 3031 3028 3027 3031 3019 3012 3019 3042 3040 3044 3075 3104 3106 3117 3113 3096 3074 3065 3041 3006 2997 3021 3059 3064 3046 3014 2978 2969
2941 2936 2963 2945 2919 2929 2932 2898 2883 2924 2982 3020 3049 3073 3046 3027 3050 3062 3031 2985 2969 3023 3060 3051 3010 2964 2943 2950 3018 3078 3120 3130 3122 3089 3044 2988 2946 2919 2912 2915 2924 2935 2957 2981 2997 2996 2991 2996 3015 3024 3024 3013 3013 3022 3037 3030 3023 3043 3053 3044 3049 3054 3056 3054 3076 3106 3115 3121 3122 3106 3093 3081 3056 3035 3028 3057 3079 3080 3053 3023 2995 2989
2958 2959 2978 2976 2952 2955 2965 2914 2882 2888 2927 2976 3032 3062 3057 3034 3066 3082 3043 2997 3010 3029 3071 3077 3034 2996 2969 2976 3020 3074 3120 3138 3126 3090 3047 2993 2949 2903 2867 2846 2838 2852 2880 2922 2967 2994 3013 3024 3035 3043 3035 3050 3047 3038 3039 3024 3025 3047 3061 3066 3058 3063 3066 3062 3079 3107 3119 3134 3131 3122 3112 3108 3093 3079 3077 3085 3088 3085 3063 3044 3017 3020
3011 2998 3003 3010 2985 2998 3005 2966 2913 2894 2896 2936 2995 3066 3047 3041 3068 3086 3062 3030 3029 3049 3068 3086 3065 3030 3005 2997 3029 3076 3123 3145 3138 3117 3083 3054 3008 2960 2905 2860 2830 2826 2845 2880 2924 2973 3009 3031 3042 3054 3063 3059 3051 3024 3013 3015 3022 3044 3064 3071 3073 3073 3074 3075 3080 3104 3126 3131 3119 3111 3100 3101 3095 3082 3085 3079 3073 3071 3069 3060 3053 3049
3060 3033 3026 3030 3021 3037 3036 3009 2978 2945 2932 2952 3017 3063 3069 3035 3071 3101 3081 3066 3066 3062 3076 3093 3077 3048 3023 3015 3049 3092 3128 3155 3149 3132 3121 3093 3061 3011 2960 2908 2877 2862 2866 2880 2912 2954 3001 3038 3053 3077 3076 3071 3041 3008 2996 2997 2998 3015 3046 3073 3082 3087 3086 3084 3088 3107 3126 3119 3100 3085 3084 3075 3074 3072 3068 3071 3055 3055 3051 3059 3051 3047
3086 3054 3032 3047 3049 3053 3064 3050 3031 3010 2993 3018 3057 3098 3069 3052 3074 3096 3105 3091 3098 3097 3099 3111 3099 3074 3050 3042 3065 3096 3134 3146 3142 3131 3115 3095 3066 3032 2986 2948 2919 2913 2915 2923 2925 2961 3013 3051 3076 3092 3091 3079 3055 3028 3017 3002 2990 2998 3027 3064 3088 3095 3087 3093 3095 3117 3122 3107 3081 3068 3053 3056 3058 3054 3061 3054 3040 3026 3025 3021 3025 3017
3101 3065 3045 3055 3067 3068 3084 3077 3076 3063 3061 3078 3108 3103 3089 3075 3091 3116 3122 3123 3122 3123 3125 3127 3120 3104 3096 3087 3103 3129 3148 3151 3141 3118 3091 3062 3041 3026 3006 2984 2963 2955 2963 2962 2959 2974 3025 3072 3096 3100 3098 3083 3069 3051 3044 3032 3010 2997 3012 3046 3080 3092 3093 3093 3110 3118 3118 3097 3066 3046 3023 3024 3031 3037 3037 3037 3017 3003 2987 2993 2992 2990
3104 3075 3054 3072 3065 3074 3086 3099 3095 3099 3103 3125 3122 3107 3082 3092 3117 3127 3137 3137 3138 3136 3136 3139 3134 3132 3129 3131 3144 3158 3157 3145 3122 3096 3067 3034 3018 3026 3040 3027 3011 3005 3013 3012 2993 2999 3028 3072 3094 3114 3099 3096 3079 3065 3061 3053 3031 3003 3002 3036 3076 3102 3103 3116 3114 3109 3100 3074 3042 3006 2988 2984 3005 3007 3016 3014 3001 2977 2961 2958 2969 2958
3099 3085 3069 3081 3077 3063 3083 3101 3115 3118 3130 3135 3140 3106 3090 3104 3122 3135 3140 3144 3146 3146 3145 3147 3149 3145 3150 3158 3167 3170 3162 3139 3114 3093 3070 3052 3043 3055 3061 3056 3039 3041 3058 3060 3044 3026 3037 3059 3092 3105 3114 3105 3093 3080 3076 3072 3057 3035 3030 3055 3081 3104 3116 3118 3105 3095 3081 3065 3031 2997 2969 2974 2968 2982 2989 3001 2983 2960 2934 2936 2940 2913
3112 3099 3097 3090 3090 3063 3076 3093 3115 3136 3130 3146 3145 3133 3123 3126 3139 3142 3145 3148 3152 3153 3154 3153 3155 3154 3157 3166 3173 3174 3169 3155 3133 3111 3105 3095 3083 3084 3080 3059 3043 3059 3082 3094 3079 3064 3060 3075 3096 3115 3122 3117 3108 3096 3091 3085 3081 3073 3072 3077 3090 3105 3116 3119 3110 3093 3092 3078 3053 3024 3000 2974 2961 2944 2950 2967 2970 2946 2929 2925 2916 2878
3117 3121 3109 3113 3099 3103 3082 3088 3117 3129 3144 3146 3159 3151 3146 3146 3147 3149 3151 3153 3156 3159 3159 3158 3160 3158 3160 3168 3174 3174 3172 3164 3150 3140 3134 3131 3121 3111 3103 3083 3069 3073 3095 3101 3081 3058 3062 3081 3099 3121 3127 3124 3110 3100 3094 3085 3090 3093 3093 3091 3091 3109 3121 3124 3117 3107 3096 3082 3069 3049 3023 2988 2946 2931 2917 2943 2967 2966 2953 2935 2910 2874
3110 3124 3133 3121 3132 3125 3120 3108 3118 3145 3149 3163 3166 3161 3157 3153 3151 3152 3154 3158 3159 3162 3163 3162 3163 3158 3158 3172 3175 3175 3172 3168 3161 3156 3154 3146 3129 3120 3117 3114 3101 3099 3109 3100 3071 3047 3054 3076 3108 3128 3135 3122 3105 3086 3074 3068 3080 3095 3097 3092 3096 3110 3126 3129 3118 3101 3075 3071 3054 3051 3025 2986 2961 2945 2935 2951 2982 2991 2974 2952 2918 2895
3114 3125 3143 3146 3146 3156 3147 3136 3144 3154 3164 3171 3172 3163 3155 3150 3147 3144 3149 3156 3163 3166 3167 3167 3162 3149 3149 3165 3178 3175 3174 3171 3168 3166 3160 3151 3132 3119 3128 3133 3130 3131 3129 3119 3092 3071 3071 3089 3114 3134 3142 3133 3114 3094 3074 3062 3067 3091 3104 3108 3109 3123 3133 3130 3110 3084 3063 3035 3038 3027 3011 2986 2981 2986 2975 2973 2998 3006 2988 2953 2940 2935
3137 3134 3145 3157 3164 3169 3169 3164 3162 3170 3173 3176 3171 3153 3142 3139 3135 3137 3139 3149 3163 3168 3171 3168 3158 3143 3138 3156 3171 3178 3176 3174 3171 3166 3160 3151 3134 3125 3129 3146 3149 3145 3139 3124 3115 3100 3095 3107 3127 3144 3144 3139 3130 3117 3103 3085 3089 3100 3112 3123 3124 3131 3136 3126 3111 3084 3049 3027 3001 2995 2979 2983 2996 3023 3009 3001 3003 3010 2967 2950 2953 2970
3157 3145 3150 3159 3171 3178 3177 3174 3175 3177 3179 3178 3163 3153 3143 3147 3145 3148 3147 3154 3164 3171 3173 3172 3165 3154 3149 3155 3167 3178 3180 3175 3165 3168 3162 3156 3143 3129 3136 3151 3158 3151 3138 3128 3121 3108 3098 3101 3126 3142 3148 3141 3131 3127 3120 3114 3109 3118 3123 3122 3122 3130 3140 3130 3110 3082 3041 3013 3001 2984 2978 2984 3010 3028 3031 3008 3007 2992 2963 2946 2984 3008
3135 3136 3131 3149 3166 3181 3183 3179 3181 3182 3182 3174 3161 3151 3152 3154 3156 3154 3160 3160 3169 3174 3177 3177 3176 3175 3170 3165 3171 3179 3181 3165 3155 3157 3169 3168 3159 3146 3141 3157 3163 3157 3147 3137 3137 3124 3104 3111 3115 3134 3150 3148 3138 3130 3122 3122 3122 3129 3127 3122 3115 3114 3137 3132 3102 3062 3024 3013 3022 3023 3016 3015 3024 3038 3042 3038 3017 3004 2983 2990 3022 3049
3124 3119 3118 3133 3159 3179 3186 3185 3185 3186 3183 3165 3151 3154 3157 3163 3161 3168 3168 3172 3176 3178 3180 3180 3181 3184 3184 3182 3181 3186 3180 3165 3147 3155 3166 3176 3169 3159 3153 3160 3168 3164 3157 3151 3147 3137 3125 3113 3110 3117 3140 3153 3144 3133 3127 3120 3123 3130 3139 3137 3120 3126 3133 3131 3096 3054 3018 3020 3038 3057 3057 3058 3055 3063 3068 3057 3030 3007 3004 3026 3053 3071
3139 3132 3126 3136 3161 3182 3188 3188 3188 3186 3170 3158 3147 3165 3171 3176 3176 3176 3179 3181 3182 3183 3183 3183 3184 3186 3188 3189 3189 3188 3186 3175 3163 3162 3170 3174 3176 3170 3168 3170 3174 3170 3164 3159 3157 3147 3137 3135 3115 3120 3142 3155 3148 3142 3133 3133 3128 3134 3143 3147 3145 3135 3141 3128 3107 3076 3048 3035 3046 3051 3063 3075 3092 3088 3084 3076 3048 3034 3047 3063 3081 3090
3165 3159 3144 3155 3172 3187 3191 3191 3190 3183 3174 3154 3160 3175 3185 3186 3185 3183 3186 3187 3188 3187 3187 3186 3187 3188 3190 3191 3190 3190 3189 3188 3184 3181 3181 3184 3182 3183 3180 3180 3180 3177 3172 3168 3163 3158 3151 3145 3137 3133 3150 3157 3156 3146 3146 3141 3141 3142 3146 3149 3147 3144 3140 3135 3124 3114 3095 3076 3049 3041 3047 3063 3094 3100 3094 3084 3074 3073 3087 3096 3102 3103
3189 3182 3178 3181 3189 3193 3193 3193 3192 3191 3183 3181 3179 3190 3193 3193 3191 3191 3191 3192 3192 3191 3190 3189 3190 3191 3192 3192 3192 3192 3192 3192 3192 3192 3192 3191 3191 3190 3188 3186 3186 3186 3184 3180 3177 3173 3168 3166 3157 3160 3162 3168 3162 3159 3153 3149 3150 3148 3150 3149 3148 3145 3142 3139 3138 3135 3126 3110 3089 3072 3064 3078 3090 3082 3085 3088 3087 3095 3108 3113 3114 3108
3196 3197 3196 3196 3196 3195 3195 3194 3193 3193 3193 3192 3194 3196 3198 3198 3197 3196 3196 3195 3195 3194 3193 3192 3193 3193 3193 3194 3194 3195 3195 3195 3195 3196 3196 3196 3196 3194 3192 3190 3190 3191 3191 3189 3187 3184 3180 3177 3176 3173 3173 3169 3169 3163 3151 3151 3154 3154 3154 3152 3149 3148 3145 3143 3143 3143 3140 3134 3123 3116 3115 3106 3093 3069 3064 3080 3089 3104 3115 3123 3125 3121
3199 3200 3200 3199 3198 3197 3196 3196 3195 3195 3195 3195 3197 3198 3199 3201 3200 3199 3198 3198 3196 3196 3195 3195 3195 3195 3195 3194 3195 3196 3197 3198 3198 3198 3199 3199 3199 3197 3195 3193 3193 3194 3194 3193 3191 3188 3185 3183 3181 3178 3174 3173 3170 3162 3152 3150 3157 3159 3158 3155 3152 3151 3151 3149 3149 3149 3147 3144 3140 3136 3134 3129 3112 3078 3074 3082 3083 3087 3109 3126 3131 3131
3200 3202 3202 3201 3199 3198 3198 3197 3197 3196 3196 3197 3198 3199 3200 3201 3202 3201 3200 3198 3198 3197 3197 3197 3197 3196 3196 3196 3196 3197 3198 3199 3199 3200 3201 3201 3201 3200 3197 3196 3196 3196 3196 3194 3192 3190 3187 3185 3183 3180 3178 3176 3173 3168 3160 3160 3163 3162 3161 3158 3155 3154 3154 3154 3154 3155 3153 3149 3146 3141 3138 3136 3132 3119 3115 3108 3089 3081 3090 3111 3134 3137
3202 3203 3203 3202 3200 3199 3199 3198 3198 3198 3198 3199 3200 3200 3201 3202 3202 3202 3201 3200 3199 3199 3199 3198 3198 3198 3198 3197 3197 3198 3198 3199 3200 3201 3201 3202 3202 3201 3199 3198 3198 3197 3197 3195 3193 3191 3190 3187 3185 3183 3181 3179 3175 3171 3168 3167 3166 3164 3163 3160 3159 3157 3157 3157 3157 3158 3157 3153 3148 3145 3141 3140 3137 3137 3137 3138 3125 3108 3107 3120 3129 3136
3202 3203 3203 3202 3201 3200 3200 3199 3199 3199 3200 3200 3201 3201 3202 3202 3203 3202 3202 3201 3200 3200 3199 3199 3199 3199 3199 3199 3199 3199 3199 3200 3200 3201 3201 3202 3202 3201 3200 3199 3199 3198 3197 3196 3194 3193 3191 3189 3187 3185 3185 3181 3177 3174 3171 3170 3168 3166 3164 3162 3161 3160 3160 3159 3159 3159 3158 3155 3152 3148 3145 3142 3139 3137 3136 3140 3141 3143 3139 3133 3137 3137
3203 3204 3204 3203 3202 3201 3201 3201 3201 3201 3201 3202 3202 3202 3203 3203 3203 3203 3202 3202 3201 3201 3200 3199 3199 3199 3199 3199 3200 3200 3200 3200 3201 3201 3201 3201 3201 3200 3200 3199 3199 3198 3198 3196 3195 3193 3192 3190 3188 3187 3185 3181 3177 3175 3173 3171 3169 3167 3165 3164 3163 3162 3162 3161 3161 3161 3161 3160 3157 3154 3151 3148 3144 3141 3138 3137 3142 3147 3150 3149 3145 3144
3205 3205 3204 3204 3204 3203 3203 3202 3202 3202 3203 3203 3203 3203 3204 3204 3203 3203 3203 3203 3203 3202 3201 3201 3201 3201 3201 3201 3201 3202 3202 3202 3202 3202 3202 3202 3201 3201 3200 3200 3200 3199 3196 3197 3195 3194 3192 3192 3190 3188 3185 3181 3178 3176 3174 3172 3170 3168 3167 3165 3164 3164 3163 3163 3162 3163 3163 3162 3160 3158 3157 3155 3153 3152 3149 3150 3150 3153 3154 3152 3152 3150
3206 3206 3205 3205 3205 3204 3204 3203 3203 3203 3203 3203 3203 3203 3204 3204 3204 3203 3203 3203 3203 3203 3202 3203 3203 3203 3203 3203 3204 3204 3204 3204 3204 3204 3204 3204 3204 3204 3203 3203 3201 3198 3196 3193 3194 3194 3194 3192 3191 3187 3184 3181 3179 3177 3174 3172 3171 3170 3168 3167 3166 3166 3166 3165 3164 3164 3165 3164 3164 3163 3163 3161 3160 3159 3159 3158 3158 3158 3156 3154 3153 3152
3206 3206 3205 3205 3205 3204 3204 3204 3204 3204 3204 3203 3203 3204 3204 3204 3204 3203 3203 3203 3204 3203 3203 3203 3203 3204 3204 3204 3205 3205 3205 3205 3205 -9999 -9999 -9999 -9999 3205 3204 -9999 -9999 -9999 -9999 3191 3190 3191 3190 3191 3189 3187 3183 3181 3179 3177 3175 3173 3172 3171 3170 3169 3168 3168 3168 3167 3166 3166 3167 3168 3167 3166 3165 3165 3164 3162 3161 3161 3160 3159 3157 3155 3154 3153
3205 3205 3205 3205 3205 3204 3204 3204 3204 3204 3204 3204 3204 3204 3204 3204 3204 3204 3203 3203 3204 3204 3204 3204 3204 3205 3205 3205 3205 3205 -9999 -9999 -9999 -9999 -9999 -9999 -9999 -9999 -9999 -9999 -9999 -9999 -9999 -9999 3185 3184 3185 3185 3186 3186 3184 3182 3180 3178 3176 3175 3173 3172 3172 3170 3170 3169 3171 3171 3170 3170 3170 3171 3172 3172 3172 3170 3167 3164 3161 3160 3160 3159 3157 3156 3155 3154
-9999 3204 3204 3204 3204 3204 3203 3204 3204 3204 3204 3204 3204 3204 3204 3204 3204 3204 3204 3204 3204 3204 3204 3205 3205 3205 3205 -9999 -9999 -9999 -9999 -9999 -9999 -9999 -9999 -9999 -9999 -9999 -9999 -9999 -9999 -9999 -9999 -9999 -9999 3181 3183 3184 3185 3183 3184 3182 3182 3180 3179 3178 3176 3176 3175 3174 3173 3175 3177 3180 3182 3182 3183 3184 3184 3186 3184 3179 3171 3164 3160 3158 3158 3158 3157 3156 3156 3155
-9999 -9999 3204 3204 3204 3204 3204 3204 3204 3204 3204 3204 3204 3204 3204 3204 3204 3205 3205 3205 3205 3205 3205 3205 3205 -9999 -9999 -9999 -9999 -9999 -9999 -9999 -9999 -9999 -9999 -9999 -9999 -9999 -9999 -9999 -9999 -9999 -9999 -9999 -9999 -9999 3189 3191 3187 3184 3182 3183 3184 3185 3187 3185 3184 3183 3183 3184 3184 3185 3188 3191 3194 3196 3196 3193 3192 3188 3186 3180 3175 -9999 -9999 3155 3155 3155 3155 3155 3155 3155
-9999 -9999 -9999 3204 3204 3205 3205 3205 3205 3205 3205 3205 3204 3204 3204 3204 3205 3205 3206 3205 -9999 -9999 -9999 -9999 -9999 -9999 -9999 -9999 -9999 -9999 -9999 -9999 -9999 -9999 -9999 -9999 -9999 -9999 -9999 -9999 -9999 -9999 -9999 -9999 -9999 -9999 3190 3191 3189 3184 3182 3179 3182 3185 3189 3191 3190 3189 3191 3193 3196 3197 3199 3199 3200 3200 3198 3194 3190 3188 -9999 -9999 -9999 -9999 -9999 -9999 3154 3154 3154 3153 3154 3153
-9999 -9999 -9999 -9999 3206 3206 3206 3206 -9999 -9999 -9999 3205 -9999 3205 3205 3205 3205 3206 -9999 -9999 -9999 -9999 -9999 -9999 -9999 -9999 -9999 -9999 -9999 -9999 -9999 -9999 -9999 -9999 -9999 -9999 -9999 -9999 -9999 -9999 -9999 -9999 -9999 -9999 -9999 -9999 -9999 3192 3193 3191 3189 3187 3185 3189 3195 3198 3198 3198 3198 3200 3202 3203 3202 3201 3199 3198 3195 3193 -9999 -9999 -9999 -9999 -9999 -9999 -9999 -9999 -9999 3154 3154 3154 3153 3152
-9999 -9999 -9999 -9999 -9999 -9999 -9999 -9999 -9999 -9999 -9999 -9999 -9999 -9999 3205 -9999 -9999 -9999 -9999 -9999 -9999 -9999 -9999 -9999 -9999 -9999 -9999 -9999 -9999 -9999 -9999 -9999 -9999 -9999 -9999 -9999 -9999 -9999 -9999 -9999 -9999 -9999 -9999 -9999 -9999 -9999 -9999 -9999 3198 3201 3201 3199 3200 3201 3204 3204 3204 3203 3203 3203 3203 3203 3202 3200 3198 -9999 -9999 -9999 -9999 -9999 -9999 -9999 -9999 -9999 -9999 -9999 -9999 -9999 -9999 3154 3153 3152
