Data/tmax/PRISM_tmax_pr_1963-1995_normal_450mM1_09_asc.asc
ncols 557
nrows 164
xllcorner -67.31875000000
yllcorner 17.86875000000
cellsize 0.00416666667
NODATA_value -9999
[rows 72 to 107 of 164, columns 0 to 81 of 557]
-9999 -9999 -9999 -9999 -9999 -9999 -9999 -9999 -9999 -9999 -9999 -9999 -9999 -9999 -9999 -9999 -9999 -9999 -9999 -9999 -9999 -9999 -9999 -9999 -9999 -9999 -9999 -9999 -9999 -9999 -9999 3263 3262 3256 3255 3254 3260 3262 3263 3261 3258 3253 3253 3253 3251 3250 3245 3242 3243 3233 3224 3213 3190 3169 3162 3177 3200 3234 3233 3224 3207 3197 3188 3193 3179 3178 3159 3142 3130 3124 3117 3124 3152 3167 3173 3172 3175 3167 3157 3172 3198 3206
-9999 -9999 -9999 -9999 -9999 -9999 -9999 -9999 -9999 -9999 -9999 -9999 -9999 -9999 -9999 -9999 -9999 -9999 -9999 -9999 -9999 -9999 -9999 -9999 -9999 -9999 -9999 -9999 -9999 -9999 -9999 3264 3263 3262 3257 3255 3256 3259 3261 3258 3253 3248 3250 3250 3250 3249 3245 3247 3241 3227 3221 3207 3192 3172 3171 3174 3186 3202 3204 3189 3183 3170 3178 3173 3172 3162 3149 3136 3127 3123 3115 3123 3139 3153 3164 3165 3172 3159 3151 3174 3188 3183
-9999 -9999 -9999 -9999 -9999 -9999 -9999 -9999 -9999 -9999 -9999 -9999 -9999 -9999 -9999 -9999 -9999 -9999 -9999 -9999 -9999 -9999 -9999 -9999 -9999 -9999 -9999 -9999 -9999 -9999 -9999 3264 3264 3263 3260 3257 3255 3255 3256 3251 3244 3242 3243 3245 3241 3242 3244 3243 3235 3220 3207 3198 3184 3180 3184 3184 3181 3186 3174 3157 3139 3128 3127 3136 3145 3146 3139 3133 3125 3117 3106 3110 3127 3145 3149 3156 3156 3152 3147 3158 3164 3152
-9999 -9999 -9999 -9999 -9999 -9999 -9999 -9999 -9999 -9999 -9999 -9999 -9999 -9999 -9999 -9999 -9999 -9999 -9999 -9999 -9999 -9999 -9999 -9999 -9999 -9999 -9999 -9999 -9999 -9999 -9999 3264 3264 3263 3263 3258 3256 3252 3250 3246 3240 3235 3239 3234 3232 3236 3239 3245 3239 3221 3216 3208 3200 3193 3199 3198 3189 3187 3184 3171 3147 3121 3105 3098 3115 3136 3142 3133 3124 3109 3092 3095 3117 3135 3139 3129 3145 3141 3141 3137 3129 3107
-9999 -9999 -9999 -9999 -9999 -9999 -9999 -9999 -9999 -9999 -9999 -9999 -9999 -9999 -9999 -9999 -9999 -9999 -9999 -9999 -9999 -9999 -9999 -9999 -9999 -9999 -9999 -9999 -9999 -9999 -9999 -9999 3264 3264 3263 3262 3253 3249 3246 3242 3237 3231 3230 3227 3224 3230 3237 3239 3226 3210 3197 3189 3189 3193 3196 3195 3193 3187 3186 3189 3179 3143 3110 3085 3078 3104 3122 3130 3122 3109 3098 3090 3106 3113 3114 3115 3114 3130 3126 3124 3105 3088
-9999 -9999 -9999 -9999 -9999 -9999 -9999 -9999 -9999 -9999 -9999 -9999 -9999 -9999 -9999 -9999 -9999 -9999 -9999 -9999 -9999 -9999 -9999 -9999 -9999 -9999 -9999 -9999 -9999 -9999 -9999 -9999 3264 3264 3264 3259 3253 3242 3241 3239 3235 3232 3228 3224 3223 3226 3229 3231 3224 3200 3176 3168 3167 3171 3181 3177 3169 3155 3158 3174 3182 3159 3132 3094 3072 3066 3085 3100 3104 3100 3091 3088 3095 3098 3099 3097 3099 3101 3116 3108 3106 3084
-9999 -9999 -9999 -9999 -9999 -9999 -9999 -9999 -9999 -9999 -9999 -9999 -9999 -9999 -9999 -9999 -9999 -9999 -9999 -9999 -9999 -9999 -9999 -9999 -9999 -9999 -9999 -9999 -9999 -9999 -9999 -9999 -9999 3264 3264 3263 3253 3247 3241 3240 3242 3239 3236 3233 3230 3226 3222 3220 3214 3202 3174 3153 3154 3157 3167 3166 3150 3127 3122 3150 3160 3166 3149 3127 3091 3060 3063 3066 3066 3062 3061 3072 3079 3077 3079 3077 3072 3083 3095 3092 3085 3068
-9999 -9999 -9999 -9999 -9999 -9999 -9999 -9999 -9999 -9999 -9999 -9999 -9999 -9999 -9999 -9999 -9999 -9999 -9999 -9999 -9999 -9999 -9999 -9999 -9999 -9999 -9999 -9999 -9999 -9999 -9999 -9999 -9999 -9999 3264 3264 3263 3257 3254 3253 3251 3250 3248 3244 3242 3232 3221 3216 3217 3209 3190 3172 3158 3156 3168 3166 3150 3126 3121 3122 3142 3150 3155 3140 3116 3089 3065 3056 3038 3027 3034 3042 3059 3054 3040 3043 3042 3053 3059 3062 3059 3043
-9999 -9999 -9999 -9999 -9999 -9999 -9999 -9999 -9999 -9999 -9999 -9999 -9999 -9999 -9999 -9999 -9999 -9999 -9999 -9999 -9999 -9999 -9999 -9999 -9999 -9999 -9999 -9999 -9999 -9999 -9999 -9999 -9999 -9999 -9999 3264 3264 3264 3262 3261 3259 3257 3254 3251 3244 3236 3229 3223 3225 3223 3207 3195 3188 3176 3183 3176 3159 3142 3132 3116 3114 3132 3142 3138 3122 3108 3092 3070 3051 3041 3034 3037 3036 3022 3005 3002 3000 3005 3005 3009 3027 3033
-9999 -9999 -9999 -9999 -9999 -9999 -9999 -9999 -9999 -9999 -9999 -9999 -9999 -9999 -9999 -9999 -9999 -9999 -9999 -9999 -9999 -9999 -9999 -9999 -9999 -9999 -9999 -9999 -9999 -9999 -9999 -9999 -9999 -9999 -9999 -9999 3264 3264 3264 3263 3261 3260 3257 3252 3246 3243 3240 3239 3237 3227 3222 3216 3212 3200 3192 3189 3171 3164 3163 3144 3120 3121 3117 3117 3113 3104 3097 3081 3075 3060 3046 3037 3027 3008 2994 2978 2980 2973 2967 2967 2995 3023
-9999 -9999 -9999 -9999 -9999 -9999 -9999 -9999 -9999 -9999 -9999 -9999 -9999 -9999 -9999 -9999 -9999 -9999 -9999 -9999 -9999 -9999 -9999 -9999 -9999 -9999 -9999 -9999 -9999 -9999 -9999 -9999 -9999 -9999 -9999 -9999 3264 3264 3264 3263 3262 3262 3259 3255 3252 3249 3244 3242 3234 3231 3224 3233 3231 3221 3217 3206 3197 3188 3190 3173 3151 3122 3118 3116 3119 3120 3102 3091 3082 3063 3044 3027 3024 3019 3008 3006 2999 2993 2973 2967 2987 3035
-9999 -9999 -9999 -9999 -9999 -9999 -9999 -9999 -9999 -9999 -9999 -9999 -9999 -9999 -9999 -9999 -9999 -9999 -9999 -9999 -9999 -9999 -9999 -9999 -9999 -9999 -9999 -9999 -9999 -9999 -9999 -9999 -9999 -9999 -9999 -9999 -9999 3264 3264 3263 3263 3261 3260 3256 3253 3248 3243 3231 3229 3219 3223 3228 3234 3235 3235 3236 3223 3214 3208 3187 3164 3150 3137 3141 3138 3133 3116 3103 3093 3079 3044 3040 3039 3046 3043 3031 3020 2995 2979 2957 2981 3020
-9999 -9999 -9999 -9999 -9999 -9999 -9999 -9999 -9999 -9999 -9999 -9999 -9999 -9999 -9999 -9999 -9999 -9999 -9999 -9999 -9999 -9999 -9999 -9999 -9999 -9999 -9999 -9999 -9999 -9999 -9999 -9999 -9999 -9999 -9999 -9999 -9999 3264 3264 3264 3263 3262 3258 3253 3249 3242 3232 3231 3226 3226 3224 3224 3218 3228 3225 3224 3218 3215 3203 3191 3181 3161 3152 3142 3132 3125 3119 3111 3108 3079 3069 3054 3067 3076 3064 3037 3013 2989 2968 2949 2958 2977
-9999 -9999 -9999 -9999 -9999 -9999 -9999 -9999 -9999 -9999 -9999 -9999 -9999 -9999 -9999 -9999 -9999 -9999 -9999 -9999 -9999 -9999 -9999 -9999 -9999 -9999 -9999 -9999 -9999 -9999 -9999 -9999 -9999 -9999 -9999 -9999 3264 3264 3264 3264 3263 3263 3257 3250 3239 3227 3211 3203 3215 3221 3215 3213 3210 3204 3208 3199 3189 3182 3179 3174 3168 3146 3132 3118 3098 3096 3113 3130 3118 3106 3079 3082 3094 3096 3084 3059 3036 3012 2997 2974 2958 2970
-9999 -9999 -9999 -9999 -9999 -9999 -9999 -9999 -9999 -9999 -9999 -9999 -9999 -9999 -9999 -9999 -9999 -9999 -9999 -9999 -9999 -9999 -9999 -9999 -9999 -9999 -9999 -9999 -9999 -9999 -9999 -9999 -9999 -9999 3264 3264 3264 3264 3264 3263 3261 3257 3254 3247 3241 3224 3197 3179 3175 3181 3182 3184 3182 3193 3179 3178 3169 3156 3144 3150 3147 3137 3124 3110 3087 3092 3121 3149 3157 3132 3121 3113 3107 3114 3093 3081 3066 3048 3033 3012 3006 2984
-9999 -9999 -9999 -9999 -9999 -9999 -9999 -9999 -9999 -9999 -9999 -9999 -9999 -9999 -9999 -9999 -9999 -9999 -9999 -9999 -9999 -9999 -9999 -9999 -9999 -9999 -9999 -9999 -9999 -9999 -9999 -9999 -9999 3264 3264 3264 3264 3263 3263 3260 3257 3255 3251 3248 3244 3235 3209 3179 3160 3147 3140 3136 3142 3141 3142 3142 3150 3139 3140 3142 3153 3153 3142 3124 3102 3114 3148 3180 3183 3174 3145 3120 3102 3079 3066 3059 3057 3046 3035 3034 3031 3019
-9999 -9999 -9999 -9999 -9999 -9999 -9999 -9999 -9999 -9999 -9999 -9999 -9999 -9999 -9999 -9999 -9999 -9999 -9999 -9999 -9999 -9999 -9999 -9999 -9999 -9999 -9999 -9999 -9999 -9999 -9999 -9999 3264 3264 3264 3264 3263 3263 3262 3260 3257 3255 3254 3249 3244 3238 3226 3203 3182 3162 3140 3121 3097 3095 3086 3102 3127 3152 3158 3174 3178 3187 3171 3149 3152 3166 3182 3182 3185 3164 3142 3107 3072 3053 3033 3032 3023 3017 3015 3014 3033 3030
-9999 -9999 -9999 -9999 -9999 -9999 -9999 -9999 -9999 -9999 -9999 -9999 -9999 -9999 -9999 -9999 -9999 -9999 -9999 -9999 -9999 -9999 -9999 -9999 -9999 -9999 -9999 -9999 -9999 -9999 -9999 3264 3264 3264 3263 3263 3263 3263 3263 3261 3259 3257 3253 3252 3247 3240 3230 3223 3207 3190 3171 3136 3098 3077 3074 3085 3125 3159 3199 3206 3211 3215 3204 3198 3196 3195 3172 3148 3137 3136 3130 3116 3088 3067 3043 3022 3001 2984 2987 3005 3016 3014
-9999 -9999 -9999 -9999 -9999 -9999 -9999 -9999 -9999 -9999 -9999 -9999 -9999 -9999 -9999 -9999 -9999 -9999 -9999 -9999 -9999 -9999 -9999 -9999 -9999 -9999 -9999 -9999 -9999 -9999 -9999 3264 3264 3264 3264 3264 3264 3263 3263 3262 3260 3256 3254 3252 3252 3248 3241 3232 3224 3207 3190 3158 3124 3105 3102 3119 3146 3189 3214 3228 3220 3223 3210 3212 3208 3185 3153 3115 3102 3100 3097 3091 3073 3058 3047 3020 2981 2966 2975 2998 3009 2994
-9999 -9999 -9999 -9999 -9999 -9999 -9999 -9999 -9999 -9999 -9999 -9999 -9999 -9999 -9999 -9999 -9999 -9999 -9999 -9999 -9999 -9999 -9999 -9999 -9999 -9999 -9999 -9999 -9999 -9999 3264 3264 3262 3262 3264 3264 3264 3263 3262 3261 3258 3253 3253 3254 3254 3252 3248 3244 3237 3229 3217 3205 3179 3162 3166 3182 3203 3215 3227 3214 3191 3168 3165 3167 3171 3165 3155 3127 3113 3089 3070 3044 3022 3023 3033 3024 2991 2968 2971 2988 2981 2960
-9999 -9999 -9999 -9999 -9999 -9999 -9999 -9999 -9999 -9999 -9999 -9999 -9999 -9999 -9999 -9999 -9999 -9999 -9999 -9999 -9999 -9999 -9999 -9999 -9999 -9999 -9999 -9999 -9999 3264 3264 3262 3260 3258 3259 3264 3264 3263 3261 3259 3255 3252 3251 3253 3250 3247 3244 3243 3237 3234 3236 3234 3222 3209 3208 3226 3235 3237 3227 3208 3171 3148 3139 3131 3121 3119 3120 3098 3079 3069 3053 3026 2983 2967 2980 2978 2953 2946 2951 2961 2937 2915
-9999 -9999 -9999 -9999 -9999 -9999 -9999 -9999 -9999 -9999 -9999 -9999 -9999 -9999 -9999 -9999 -9999 -9999 -9999 -9999 -9999 -9999 -9999 -9999 -9999 -9999 -9999 -9999 -9999 -9999 3264 3264 3260 3257 3258 3261 3263 3263 3262 3259 3257 3252 3252 3248 3243 3231 3225 3220 3216 3216 3221 3224 3229 3222 3227 3242 3243 3241 3235 3214 3186 3174 3170 3148 3123 3109 3104 3072 3042 3043 3050 3018 2974 2933 2930 2918 2913 2909 2928 2942 2920 2898
-9999 -9999 -9999 -9999 -9999 -9999 -9999 -9999 -9999 -9999 -9999 -9999 -9999 -9999 -9999 -9999 -9999 -9999 -9999 -9999 -9999 -9999 -9999 -9999 -9999 -9999 -9999 -9999 -9999 -9999 3264 3264 3264 3261 3259 3261 3262 3262 3262 3261 3261 3260 3256 3254 3244 3232 3221 3219 3212 3213 3212 3220 3221 3227 3232 3244 3241 3235 3230 3216 3200 3203 3199 3178 3162 3146 3132 3086 3051 3048 3067 3045 2994 2953 2923 2910 2893 2881 2877 2910 2896 2899
-9999 -9999 -9999 -9999 -9999 -9999 -9999 -9999 -9999 -9999 -9999 -9999 -9999 -9999 -9999 -9999 -9999 -9999 -9999 -9999 -9999 -9999 -9999 -9999 -9999 -9999 -9999 -9999 -9999 -9999 -9999 3264 3264 3263 3260 3257 3256 3260 3262 3264 3265 3266 3263 3257 3250 3238 3234 3228 3226 3222 3225 3219 3230 3236 3240 3243 3234 3221 3210 3212 3214 3220 3217 3206 3199 3182 3153 3118 3079 3084 3098 3064 3035 3001 2968 2957 2925 2867 2838 2854 2858 2886
-9999 -9999 -9999 -9999 -9999 -9999 -9999 -9999 -9999 -9999 -9999 -9999 -9999 -9999 -9999 -9999 -9999 -9999 -9999 -9999 -9999 -9999 -9999 -9999 -9999 -9999 -9999 -9999 -9999 -9999 -9999 3264 3264 3263 3256 3248 3242 3249 3259 3264 3267 3268 3264 3256 3247 3244 3241 3243 3235 3237 3226 3222 3227 3240 3251 3249 3237 3220 3215 3219 3230 3236 3230 3218 3220 3192 3168 3146 3131 3125 3115 3080 3067 3055 3039 3004 2959 2890 2836 2837 2831 2836
-9999 -9999 -9999 -9999 -9999 -9999 -9999 -9999 -9999 -9999 -9999 -9999 -9999 -9999 -9999 -9999 -9999 -9999 -9999 -9999 -9999 -9999 -9999 -9999 -9999 -9999 -9999 -9999 -9999 -9999 3265 3265 3264 3262 3253 3238 3228 3236 3250 3260 3268 3270 3267 3260 3255 3253 3255 3254 3253 3248 3240 3218 3219 3234 3246 3244 3233 3226 3227 3238 3234 3236 3228 3224 3212 3203 3184 3170 3166 3153 3135 3105 3112 3105 3075 3040 2988 2918 2910 2883 2834 2819
-9999 -9999 -9999 -9999 -9999 -9999 -9999 -9999 -9999 -9999 -9999 -9999 -9999 -9999 -9999 -9999 -9999 -9999 -9999 -9999 -9999 -9999 -9999 -9999 -9999 -9999 -9999 -9999 -9999 -9999 3265 3265 3265 3262 3254 3238 3221 3227 3240 3256 3266 3272 3272 3269 3267 3266 3264 3263 3261 3258 3249 3235 3227 3236 3241 3232 3221 3216 3229 3238 3235 3230 3224 3210 3207 3200 3193 3187 3186 3179 3167 3147 3136 3113 3080 3039 2996 2979 2965 2942 2885 2850
-9999 -9999 -9999 -9999 -9999 -9999 -9999 -9999 -9999 -9999 -9999 -9999 -9999 -9999 -9999 -9999 -9999 -9999 -9999 -9999 -9999 -9999 -9999 -9999 -9999 -9999 -9999 -9999 -9999 -9999 -9999 3265 3265 3265 3259 3245 3231 3226 3239 3254 3268 3274 3274 3274 3273 3274 3271 3269 3266 3262 3260 3251 3248 3248 3252 3237 3222 3218 3232 3243 3233 3228 3216 3203 3189 3197 3201 3204 3198 3197 3182 3162 3151 3131 3085 3055 3019 3004 3022 2989 2952 2933
-9999 -9999 -9999 -9999 -9999 -9999 -9999 -9999 -9999 -9999 -9999 -9999 -9999 -9999 -9999 -9999 -9999 -9999 -9999 -9999 -9999 -9999 -9999 -9999 -9999 -9999 -9999 -9999 -9999 -9999 3265 3265 3265 3265 3265 3259 3246 3242 3243 3255 3268 3271 3276 3275 3275 3274 3273 3272 3269 3268 3264 3258 3256 3257 3258 3251 3239 3233 3243 3246 3230 3222 3217 3207 3209 3215 3220 3209 3193 3164 3149 3133 3144 3136 3125 3079 3047 3042 3063 3046 3037 3018
-9999 -9999 -9999 -9999 -9999 -9999 -9999 -9999 -9999 -9999 -9999 -9999 -9999 -9999 -9999 -9999 -9999 -9999 -9999 -9999 -9999 -9999 -9999 -9999 -9999 -9999 -9999 -9999 -9999 3266 3266 3265 3265 3265 3265 3263 3260 3250 3247 3249 3253 3259 3267 3275 3275 3274 3273 3271 3270 3268 3265 3262 3258 3260 3261 3257 3253 3249 3252 3245 3224 3224 3219 3229 3228 3233 3218 3192 3149 3124 3124 3131 3154 3180 3156 3133 3102 3086 3094 3101 3087 3052
-9999 -9999 -9999 -9999 -9999 -9999 -9999 -9999 -9999 -9999 -9999 -9999 -9999 -9999 -9999 -9999 -9999 -9999 -9999 -9999 -9999 -9999 -9999 -9999 -9999 -9999 -9999 -9999 -9999 3266 3266 3265 3265 3265 3264 3262 3262 3257 3251 3245 3240 3241 3255 3270 3274 3273 3271 3270 3268 3267 3265 3262 3262 3261 3262 3262 3258 3259 3260 3249 3238 3236 3246 3241 3247 3235 3217 3177 3145 3138 3152 3168 3191 3190 3169 3151 3128 3116 3123 3117 3087 3049
-9999 -9999 -9999 -9999 -9999 -9999 -9999 -9999 -9999 -9999 -9999 -9999 -9999 -9999 -9999 -9999 -9999 -9999 -9999 -9999 -9999 -9999 -9999 -9999 -9999 -9999 -9999 -9999 -9999 3266 3266 3266 3266 3264 3263 3261 3261 3262 3260 3254 3248 3242 3255 3269 3274 3273 3271 3269 3267 3266 3263 3263 3263 3263 3264 3264 3266 3266 3262 3259 3252 3256 3252 3250 3246 3239 3213 3194 3184 3190 3201 3191 3178 3159 3134 3119 3116 3108 3127 3134 3097 3068
-9999 -9999 -9999 -9999 -9999 -9999 -9999 -9999 -9999 -9999 -9999 -9999 -9999 -9999 -9999 -9999 -9999 -9999 -9999 -9999 -9999 -9999 -9999 -9999 -9999 -9999 -9999 -9999 -9999 -9999 3266 3266 3267 3265 3264 3263 3265 3264 3265 3262 3253 3249 3255 3270 3273 3272 3270 3268 3266 3264 3263 3262 3263 3264 3266 3268 3269 3270 3268 3263 3259 3258 3254 3253 3253 3241 3227 3212 3218 3226 3217 3181 3152 3128 3111 3112 3103 3107 3133 3157 3124 3122
-9999 -9999 -9999 -9999 -9999 -9999 -9999 -9999 -9999 -9999 -9999 -9999 -9999 -9999 -9999 -9999 -9999 -9999 -9999 -9999 -9999 -9999 -9999 -9999 -9999 -9999 -9999 -9999 -9999 -9999 3266 3267 3269 3266 3264 3262 3260 3264 3268 3268 3263 3256 3261 3270 3273 3271 3269 3267 3265 3263 3262 3262 3263 3265 3268 3271 3273 3275 3273 3270 3268 3261 3260 3258 3261 3256 3241 3236 3243 3246 3230 3201 3176 3155 3144 3142 3146 3145 3164 3180 3164 3156
-9999 -9999 -9999 -9999 -9999 -9999 -9999 -9999 -9999 -9999 -9999 -9999 -9999 -9999 -9999 -9999 -9999 -9999 -9999 -9999 -9999 -9999 -9999 -9999 -9999 -9999 -9999 -9999 -9999 3266 3266 3267 3270 3267 3265 3261 3257 3259 3269 3275 3274 3270 3270 3274 3274 3272 3270 3267 3265 3263 3262 3262 3263 3266 3271 3275 3278 3280 3281 3280 3278 3274 3270 3269 3267 3262 3254 3255 3257 3253 3240 3227 3211 3198 3189 3189 3193 3197 3199 3195 3179 3185
-9999 -9999 -9999 -9999 -9999 -9999 -9999 -9999 -9999 -9999 -9999 -9999 -9999 -9999 -9999 -9999 -9999 -9999 -9999 -9999 -9999 -9999 -9999 -9999 -9999 -9999 -9999 -9999 3268 3267 3268 3269 3268 3265 3264 3260 3257 3260 3269 3278 3278 3277 3276 3277 3275 3273 3271 3269 3266 3264 3263 3263 3266 3270 3276 3281 3285 3286 3287 3287 3286 3284 3282 3279 3277 3267 3264 3260 3258 3244 3228 3215 3212 3208 3206 3206 3217 3216 3204 3196 3190 3200
