Data/tmax/PRISM_tmax_pr_1963-1995_normal_450mM1_08_asc.asc
ncols 557
nrows 164
xllcorner -67.31875000000
yllcorner 17.86875000000
cellsize 0.00416666667
NODATA_value -9999
[rows 36 to 71 of 164, columns 246 to 327 of 557]
3109 3108 3110 3114 3114 3117 3120 3140 3152 3152 3140 3134 3125 3120 3116 3112 3109 3110 3113 3114 3109 3105 3107 3110 3113 3116 3116 3114 3115 3121 3124 3126 3129 3128 3127 3127 3126 3123 3117 3118 3118 3117 3124 3133 3139 3136 3134 3136 3142 3149 3157 3162 3163 3165 3169 3169 3168 3161 3152 3155 3157 3155 3153 3150 3151 3153 3154 3154 3155 3157 3159 3161 3159 3156 3154 3159 3166 3170 3173 3174 3175 3175
3108 3112 3114 3111 3112 3110 3117 3135 3151 3154 3152 3145 3135 3126 3122 3124 3122 3123 3127 3126 3118 3112 3107 3109 3115 3122 3125 3124 3126 3128 3128 3129 3131 3132 3132 3132 3133 3134 3133 3132 3128 3127 3131 3136 3137 3133 3133 3140 3144 3151 3157 3159 3159 3163 3167 3167 3165 3156 3146 3143 3151 3147 3145 3144 3146 3148 3149 3151 3153 3152 3154 3153 3148 3149 3153 3160 3167 3172 3174 3176 3176 3177
3125 3124 3122 3124 3123 3126 3131 3141 3147 3152 3152 3152 3143 3137 3137 3136 3136 3139 3139 3136 3130 3119 3113 3113 3115 3124 3126 3127 3128 3128 3129 3130 3135 3138 3137 3137 3138 3141 3141 3138 3135 3133 3133 3132 3132 3131 3133 3139 3143 3149 3154 3156 3154 3160 3163 3164 3164 3152 3139 3137 3138 3138 3133 3137 3138 3138 3143 3142 3144 3140 3132 3129 3138 3143 3154 3164 3169 3172 3175 3176 3178 3178
3138 3135 3131 3133 3138 3141 3141 3140 3141 3149 3155 3155 3152 3151 3150 3149 3148 3147 3146 3142 3135 3127 3121 3117 3121 3125 3128 3126 3126 3129 3132 3136 3139 3142 3139 3139 3140 3145 3144 3141 3137 3131 3126 3122 3126 3129 3134 3140 3143 3147 3153 3151 3151 3155 3159 3161 3159 3153 3140 3130 3136 3126 3128 3129 3130 3127 3125 3128 3129 3122 3118 3124 3136 3155 3163 3168 3170 3171 3173 3175 3176 3179
3135 3133 3128 3131 3135 3136 3130 3126 3131 3147 3157 3156 3146 3148 3148 3147 3147 3145 3144 3145 3142 3135 3131 3127 3127 3131 3132 3133 3134 3137 3139 3141 3142 3143 3141 3140 3145 3149 3149 3144 3134 3122 3112 3117 3121 3128 3133 3136 3140 3146 3148 3146 3148 3152 3155 3158 3162 3157 3145 3137 3126 3123 3115 3123 3128 3122 3120 3120 3126 3130 3131 3140 3158 3162 3167 3167 3168 3169 3173 3173 3175 3179
3124 3121 3117 3123 3127 3129 3123 3118 3123 3149 3162 3155 3147 3142 3139 3140 3141 3142 3142 3145 3142 3139 3136 3134 3132 3137 3139 3141 3142 3142 3144 3143 3144 3144 3141 3145 3148 3154 3153 3146 3131 3114 3113 3119 3131 3134 3134 3134 3137 3140 3142 3143 3143 3149 3149 3155 3160 3159 3156 3146 3145 3127 3121 3118 3124 3126 3125 3127 3136 3141 3150 3157 3159 3162 3161 3164 3166 3171 3175 3177 3178 3180
3118 3114 3113 3117 3127 3129 3124 3116 3125 3151 3166 3166 3158 3154 3147 3136 3140 3144 3146 3146 3143 3139 3140 3137 3138 3139 3141 3142 3142 3143 3144 3144 3144 3145 3143 3144 3152 3156 3155 3150 3139 3131 3128 3139 3143 3144 3141 3138 3137 3136 3137 3135 3139 3141 3145 3153 3156 3153 3149 3148 3148 3144 3130 3122 3126 3130 3134 3141 3144 3152 3155 3158 3160 3158 3161 3162 3169 3171 3178 3182 3183 3184
3116 3119 3118 3123 3125 3132 3127 3125 3137 3159 3170 3171 3171 3170 3156 3147 3142 3144 3148 3145 3140 3138 3135 3136 3136 3139 3140 3141 3141 3144 3145 3145 3145 3145 3141 3146 3154 3158 3155 3152 3151 3149 3151 3152 3153 3152 3148 3146 3142 3136 3134 3132 3132 3138 3146 3150 3152 3143 3139 3141 3145 3144 3138 3128 3127 3131 3140 3145 3151 3152 3155 3158 3159 3161 3163 3163 3165 3166 3175 3179 3184 3182
3115 3121 3122 3120 3128 3130 3136 3146 3156 3170 3170 3169 3171 3171 3168 3157 3150 3150 3145 3146 3140 3135 3133 3131 3134 3136 3135 3138 3141 3143 3146 3143 3145 3144 3143 3147 3159 3157 3150 3147 3150 3155 3157 3156 3156 3154 3153 3147 3142 3137 3134 3132 3134 3139 3148 3149 3143 3137 3133 3135 3140 3140 3136 3130 3130 3133 3142 3149 3156 3162 3164 3165 3168 3169 3166 3165 3162 3166 3170 3174 3179 3176
3118 3119 3121 3127 3130 3134 3138 3151 3166 3169 3167 3169 3165 3166 3162 3159 3155 3148 3147 3142 3142 3134 3128 3129 3129 3126 3126 3132 3136 3144 3144 3148 3149 3153 3151 3155 3162 3156 3139 3138 3147 3156 3160 3159 3157 3156 3151 3148 3138 3134 3133 3131 3131 3139 3147 3145 3140 3134 3131 3130 3130 3132 3136 3136 3139 3144 3146 3152 3166 3173 3177 3180 3182 3181 3176 3166 3175 3174 3169 3174 3174 3167
3132 3124 3129 3134 3138 3133 3128 3144 3156 3164 3168 3165 3165 3154 3149 3148 3146 3145 3141 3141 3137 3134 3128 3126 3126 3121 3121 3124 3132 3139 3147 3151 3158 3160 3160 3161 3163 3155 3140 3134 3146 3155 3159 3159 3153 3152 3152 3150 3145 3139 3129 3127 3132 3141 3149 3144 3141 3137 3131 3126 3127 3129 3135 3143 3151 3157 3160 3166 3178 3184 3179 3182 3187 3178 3161 3152 3151 3161 3153 3156 3170 3159
3137 3130 3131 3139 3141 3132 3125 3127 3146 3158 3164 3167 3162 3150 3137 3134 3137 3139 3137 3136 3137 3133 3130 3131 3128 3125 3123 3126 3128 3138 3147 3153 3157 3158 3158 3154 3166 3164 3150 3138 3139 3143 3155 3157 3152 3143 3147 3152 3155 3145 3130 3124 3133 3140 3147 3138 3133 3130 3125 3124 3118 3125 3133 3138 3153 3172 3178 3182 3190 3180 3170 3165 3179 3175 3144 3124 3127 3132 3129 3138 3149 3150
3139 3129 3130 3133 3135 3133 3125 3128 3137 3149 3155 3161 3164 3153 3138 3133 3136 3141 3140 3137 3136 3134 3130 3128 3128 3126 3129 3129 3134 3139 3145 3145 3145 3142 3143 3145 3157 3170 3150 3130 3122 3131 3146 3161 3150 3142 3134 3142 3152 3147 3129 3123 3128 3140 3137 3137 3132 3129 3124 3117 3114 3110 3114 3125 3147 3171 3177 3188 3191 3187 3167 3166 3175 3170 3140 3113 3109 3109 3106 3115 3114 3129
3140 3133 3131 3125 3125 3131 3134 3133 3140 3144 3148 3156 3165 3159 3150 3143 3141 3148 3147 3142 3139 3134 3130 3127 3127 3131 3135 3140 3142 3144 3142 3136 3130 3123 3119 3129 3143 3160 3150 3119 3112 3128 3148 3160 3147 3134 3122 3128 3142 3147 3135 3125 3132 3131 3140 3137 3144 3138 3130 3122 3112 3106 3103 3117 3143 3159 3169 3173 3191 3193 3176 3173 3186 3175 3142 3120 3094 3093 3084 3095 3098 3108
3131 3134 3134 3132 3124 3125 3130 3133 3136 3142 3151 3153 3160 3163 3158 3149 3148 3155 3155 3151 3142 3138 3133 3130 3130 3132 3141 3143 3147 3145 3140 3132 3124 3115 3113 3117 3139 3153 3146 3114 3102 3112 3137 3150 3146 3132 3123 3121 3131 3138 3135 3123 3126 3133 3124 3133 3138 3132 3128 3123 3121 3111 3103 3112 3131 3150 3159 3182 3190 3176 3169 3173 3189 3185 3153 3124 3096 3064 3075 3085 3092 3099
3108 3116 3127 3135 3123 3120 3121 3120 3124 3138 3144 3155 3157 3163 3159 3152 3153 3157 3162 3156 3148 3143 3141 3138 3136 3137 3139 3141 3138 3139 3136 3126 3129 3122 3127 3137 3145 3159 3145 3111 3088 3099 3120 3142 3151 3152 3141 3129 3120 3116 3114 3111 3117 3125 3119 3117 3130 3123 3114 3118 3115 3108 3098 3103 3112 3135 3171 3189 3185 3167 3154 3175 3192 3187 3163 3130 3089 3064 3051 3083 3089 3097
3093 3100 3118 3123 3119 3105 3104 3105 3113 3128 3150 3149 3159 3166 3161 3157 3154 3160 3159 3157 3149 3145 3142 3142 3138 3137 3137 3129 3133 3136 3134 3134 3134 3143 3145 3155 3159 3148 3128 3093 3082 3101 3122 3134 3151 3158 3153 3143 3115 3104 3099 3093 3106 3113 3105 3108 3120 3113 3114 3108 3103 3094 3089 3086 3100 3125 3170 3180 3176 3170 3173 3186 3195 3189 3170 3145 3105 3060 3049 3050 3070 3084
3094 3108 3111 3120 3111 3099 3087 3090 3104 3132 3137 3135 3139 3152 3169 3166 3164 3153 3153 3160 3155 3147 3137 3136 3134 3129 3128 3125 3130 3145 3151 3149 3154 3156 3161 3164 3164 3148 3112 3075 3068 3079 3102 3103 3121 3138 3150 3140 3125 3110 3106 3099 3094 3100 3088 3098 3109 3098 3094 3095 3089 3086 3081 3097 3108 3140 3164 3169 3163 3174 3179 3180 3187 3186 3176 3168 3145 3105 3062 3045 3046 3061
3099 3106 3100 3098 3099 3090 3081 3088 3106 3125 3128 3111 3102 3131 3153 3174 3165 3151 3147 3162 3164 3147 3128 3121 3123 3122 3116 3113 3125 3143 3154 3158 3161 3156 3161 3162 3171 3158 3134 3100 3075 3070 3058 3058 3073 3105 3126 3136 3121 3113 3113 3096 3083 3069 3066 3072 3080 3070 3065 3075 3092 3103 3115 3125 3150 3168 3184 3169 3172 3177 3166 3162 3169 3165 3161 3170 3168 3147 3108 3058 3038 3042
3101 3104 3087 3075 3081 3087 3090 3105 3116 3127 3116 3098 3090 3101 3141 3164 3171 3152 3141 3154 3159 3144 3116 3106 3110 3104 3109 3105 3122 3140 3152 3159 3148 3140 3143 3159 3162 3166 3153 3126 3097 3072 3057 3040 3058 3082 3120 3132 3121 3103 3096 3084 3062 3050 3042 3048 3046 3041 3045 3055 3083 3118 3135 3154 3177 3184 3174 3156 3155 3167 3149 3134 3140 3139 3136 3153 3177 3170 3143 3098 3052 3034
3095 3096 3088 3080 3084 3097 3103 3116 3113 3105 3093 3075 3069 3084 3115 3161 3173 3155 3139 3146 3163 3158 3136 3120 3099 3097 3086 3098 3116 3138 3147 3149 3138 3118 3137 3149 3168 3160 3145 3110 3094 3081 3077 3071 3073 3086 3106 3125 3129 3116 3110 3096 3074 3058 3047 3037 3029 3041 3046 3049 3074 3106 3134 3154 3178 3185 3159 3124 3120 3135 3124 3099 3088 3095 3105 3136 3161 3169 3157 3118 3074 3042
3049 3052 3054 3056 3059 3082 3100 3106 3104 3098 3081 3067 3060 3067 3093 3137 3170 3158 3140 3156 3167 3170 3151 3127 3119 3091 3087 3084 3101 3117 3125 3134 3123 3112 3127 3152 3162 3156 3134 3099 3084 3098 3104 3111 3108 3105 3103 3116 3125 3122 3124 3114 3111 3096 3086 3074 3065 3086 3092 3087 3095 3117 3131 3149 3176 3187 3163 3121 3106 3122 3111 3081 3055 3048 3065 3098 3138 3155 3141 3111 3078 3044
3005 2991 2992 2990 3007 3041 3075 3089 3099 3112 3110 3102 3098 3096 3103 3131 3160 3154 3155 3167 3173 3149 3122 3112 3111 3114 3098 3086 3081 3081 3080 3088 3085 3077 3103 3133 3163 3161 3145 3117 3105 3105 3118 3124 3129 3127 3123 3124 3127 3121 3114 3125 3132 3138 3133 3123 3121 3135 3140 3134 3142 3157 3165 3173 3187 3183 3163 3122 3106 3121 3119 3082 3033 3010 3021 3063 3103 3122 3124 3095 3062 3039
2980 2956 2947 2943 2954 2995 3032 3046 3079 3114 3128 3126 3133 3137 3130 3148 3154 3147 3148 3169 3162 3130 3087 3080 3079 3092 3090 3069 3052 3039 3032 3032 3031 3034 3063 3108 3143 3156 3144 3129 3113 3111 3109 3120 3120 3127 3125 3129 3127 3121 3127 3124 3148 3156 3158 3156 3155 3166 3166 3162 3167 3178 3190 3192 3180 3155 3115 3081 3070 3095 3093 3059 3014 2981 2996 3040 3074 3089 3081 3056 3030 3004
2974 2961 2937 2923 2924 2955 2983 3008 3056 3079 3092 3095 3106 3127 3136 3140 3144 3130 3139 3169 3173 3142 3116 3076 3070 3063 3051 3032 3005 2988 2975 2980 2982 2989 3028 3078 3126 3126 3130 3115 3105 3096 3095 3096 3096 3108 3108 3108 3102 3099 3101 3111 3131 3148 3154 3158 3159 3173 3177 3170 3167 3169 3179 3188 3162 3116 3072 3032 3033 3049 3054 3035 3008 2983 2980 3001 3031 3037 3035 3026 2995 2980
2972 2965 2943 2915 2909 2921 2951 2982 3024 3029 3011 3016 3050 3069 3082 3103 3103 3107 3124 3158 3170 3158 3121 3104 3061 3054 3024 2980 2952 2930 2917 2920 2925 2944 2987 3057 3102 3112 3095 3093 3080 3067 3065 3059 3065 3078 3082 3083 3074 3063 3067 3083 3109 3133 3146 3142 3155 3169 3180 3178 3165 3163 3169 3174 3148 3109 3068 3042 3031 3032 3025 3015 3011 3002 2985 2984 2984 2991 2994 2985 2986 2961
2967 2966 2942 2914 2896 2907 2933 2967 2998 2984 2951 2950 2976 2991 2995 3019 3033 3044 3079 3126 3154 3135 3117 3077 3043 3019 2976 2926 2905 2891 2887 2878 2886 2903 2959 3042 3095 3079 3068 3067 3064 3047 3027 3020 3025 3050 3050 3060 3055 3035 3038 3062 3092 3119 3120 3122 3129 3155 3170 3181 3178 3177 3181 3183 3165 3138 3115 3094 3089 3076 3059 3037 3031 3030 3015 2986 2973 2964 2956 2959 2955 2948
2961 2961 2947 2917 2902 2916 2945 2965 2996 2962 2927 2903 2922 2920 2912 2935 2952 2977 3022 3088 3133 3115 3078 3044 2999 2977 2938 2896 2879 2887 2879 2877 2867 2896 2955 3039 3078 3046 3017 3041 3049 3029 2994 2969 2981 3003 3007 3015 3016 3011 3021 3052 3084 3096 3098 3083 3093 3124 3157 3168 3174 3175 3182 3186 3181 3176 3162 3151 3141 3131 3116 3091 3081 3084 3072 3042 3008 2985 2967 2961 2949 2928
2937 2950 2946 2932 2917 2914 2929 2954 2967 2947 2895 2887 2893 2890 2891 2909 2936 2964 3009 3079 3121 3095 3048 2999 2955 2934 2920 2888 2877 2886 2886 2874 2869 2884 2945 3022 3055 3012 2968 2992 3017 2993 2961 2927 2926 2957 2959 2969 2983 3000 3032 3062 3072 3078 3069 3057 3065 3104 3144 3172 3171 3173 3170 3171 3179 3186 3186 3183 3180 3171 3159 3139 3129 3137 3125 3098 3068 3043 3029 3014 2996 2964
2897 2907 2921 2921 2909 2889 2882 2907 2930 2901 2879 2870 2891 2903 2927 2962 2992 3027 3051 3088 3128 3093 3031 2980 2921 2917 2907 2892 2882 2877 2882 2876 2866 2878 2922 2992 3033 2999 2947 2944 2963 2958 2939 2901 2902 2917 2926 2926 2946 2985 3014 3037 3034 3030 3033 3029 3035 3075 3120 3151 3171 3168 3154 3158 3168 3178 3185 3190 3190 3186 3179 3167 3163 3166 3158 3140 3119 3098 3087 3078 3062 3035
2870 2858 2867 2887 2885 2862 2855 2875 2900 2887 2861 2870 2878 2896 2939 2977 3024 3052 3049 3064 3094 3065 2999 2935 2905 2887 2896 2887 2875 2880 2874 2876 2872 2866 2895 2956 3015 2999 2947 2926 2918 2924 2916 2900 2885 2900 2898 2902 2923 2960 2977 2988 2986 2983 2994 2996 3001 3031 3074 3115 3148 3142 3128 3123 3142 3158 3171 3185 3189 3187 3184 3180 3178 3180 3177 3168 3157 3141 3129 3125 3113 3101
2872 2846 2848 2863 2875 2861 2848 2861 2880 2877 2860 2861 2866 2873 2895 2929 2973 2997 2991 3018 3064 3039 2967 2912 2870 2868 2863 2867 2875 2880 2887 2895 2902 2898 2920 2973 3012 3014 2963 2925 2912 2907 2924 2911 2909 2909 2907 2908 2934 2948 2952 2958 2968 2970 2984 2991 3000 3026 3057 3101 3133 3131 3104 3102 3113 3136 3161 3181 3191 3190 3191 3191 3189 3190 3189 3185 3181 3171 3166 3161 3156 3145
2896 2872 2861 2873 2873 2864 2854 2842 2861 2864 2853 2847 2857 2849 2851 2870 2901 2917 2928 2983 3052 3048 2968 2910 2878 2860 2866 2876 2892 2908 2916 2931 2944 2954 2980 3013 3042 3031 3012 2967 2937 2936 2945 2953 2952 2953 2951 2956 2966 2977 2974 2999 3012 3018 3030 3044 3059 3079 3108 3134 3159 3155 3144 3137 3143 3159 3177 3191 3195 3195 3195 3195 3194 3194 3195 3193 3192 3187 3183 3181 3177 3172
2900 2880 2869 2867 2862 2856 2842 2829 2829 2843 2833 2829 2828 2824 2825 2839 2860 2872 2897 2970 3042 3041 2975 2913 2878 2872 2886 2900 2915 2929 2942 2953 2973 2985 3005 3021 3031 3042 3027 3006 2979 2975 2989 2998 3004 3009 3014 3017 3028 3034 3045 3061 3080 3088 3099 3110 3120 3135 3151 3166 3176 3180 3179 3179 3174 3177 3190 3196 3191 3194 3194 3194 3193 3194 3194 3192 3192 3191 3189 3187 3187 3182
2873 2855 2843 2838 2832 2828 2821 2802 2805 2818 2821 2814 2811 2808 2817 2833 2860 2877 2914 2974 3049 3056 2998 2937 2894 2881 2888 2901 2904 2921 2934 2943 2953 2964 2980 2996 3015 3025 3022 2996 2986 2995 3006 3018 3027 3033 3042 3051 3065 3070 3074 3092 3103 3122 3138 3143 3148 3155 3165 3174 3181 3184 3185 3182 3174 3175 3184 3190 3180 3184 3189 3189 3189 3190 3188 3188 3186 3187 3186 3188 3187 3185
2843 2821 2804 2808 2805 2809 2806 2795 2796 2807 2819 2816 2815 2819 2825 2857 2891 2928 2963 3016 3055 3079 3026 2967 2915 2881 2875 2869 2873 2882 2897 2906 2915 2921 2940 2965 3001 3016 3003 2984 2978 2989 3005 3016 3025 3034 3053 3071 3086 3092 3105 3113 3128 3141 3142 3136 3136 3137 3146 3160 3177 3182 3184 3185 3183 3182 3193 3186 3175 3172 3177 3179 3182 3181 3182 3178 3176 3170 3171 3175 3175 3181
