Data/tmax/PRISM_tmax_pr_1963-1995_normal_450mM1_02_asc.asc
ncols 557
nrows 164
xllcorner -67.31875000000
yllcorner 17.86875000000
cellsize 0.00416666667
NODATA_value -9999
[rows 108 to 143 of 164, columns 82 to 163 of 557]
3027 3020 3010 2998 2981 2993 2991 2961 2972 2987 2958 2913 2863 2842 2863 2898 2919 2875 2866 2882 2875 2884 2896 2916 2943 2965 2963 2957 2940 2925 2911 2880 2862 2859 2847 2816 2786 2748 2729 2711 2685 2694 2763 2812 2817 2776 2713 2662 2613 2572 2544 2555 2546 2521 2519 2524 2549 2599 2613 2577 2550 2533 2526 2578 2662 2720 2743 2749 2760 2737 2682 2631 2650 2704 2734 2748 2715 2673 2697 2757 2777 2726
3037 3027 3021 3002 2987 3006 3016 3008 3009 3003 2974 2925 2896 2883 2885 2920 2929 2893 2871 2890 2881 2898 2925 2931 2942 2947 2962 2954 2934 2921 2889 2878 2871 2862 2865 2859 2853 2846 2819 2789 2747 2752 2802 2853 2820 2754 2702 2664 2617 2568 2549 2569 2595 2599 2600 2604 2614 2671 2689 2654 2629 2609 2590 2615 2675 2738 2787 2815 2816 2786 2733 2689 2702 2757 2782 2783 2762 2713 2720 2767 2807 2773
3048 3037 3029 3014 3002 3013 3027 3024 3024 3003 2963 2934 2905 2894 2899 2921 2947 2906 2891 2901 2881 2891 2912 2918 2910 2922 2935 2930 2894 2860 2856 2863 2882 2866 2863 2868 2877 2891 2891 2867 2829 2811 2855 2884 2852 2791 2762 2732 2678 2619 2589 2602 2632 2651 2662 2667 2670 2711 2749 2735 2709 2687 2659 2680 2724 2765 2813 2861 2869 2836 2781 2729 2747 2789 2807 2806 2800 2771 2746 2778 2818 2798
3054 3047 3040 3036 3027 3030 3034 3033 3019 2996 2964 2940 2921 2909 2895 2914 2943 2922 2916 2908 2876 2878 2895 2899 2907 2917 2945 2937 2890 2855 2841 2876 2885 2872 2857 2860 2875 2906 2927 2924 2906 2886 2909 2931 2899 2854 2833 2797 2737 2697 2678 2668 2686 2696 2694 2712 2723 2758 2790 2807 2784 2745 2718 2737 2774 2797 2828 2878 2904 2882 2833 2790 2796 2832 2841 2827 2838 2828 2796 2789 2826 2820
3062 3057 3052 3052 3047 3042 3042 3036 3028 3003 2979 2963 2954 2935 2908 2914 2939 2936 2927 2925 2889 2893 2901 2914 2919 2937 2959 2959 2929 2891 2881 2892 2918 2890 2881 2875 2872 2901 2932 2945 2946 2937 2946 2970 2943 2910 2893 2855 2799 2770 2760 2748 2749 2729 2714 2721 2757 2798 2845 2854 2840 2796 2775 2793 2830 2850 2862 2906 2922 2905 2872 2845 2853 2878 2870 2850 2865 2874 2837 2806 2832 2848
3066 3064 3061 3058 3054 3047 3047 3042 3036 3024 3005 2982 2966 2951 2924 2921 2944 2934 2931 2935 2927 2924 2923 2927 2941 2947 2961 2969 2956 2932 2913 2922 2920 2906 2875 2864 2873 2885 2895 2923 2941 2947 2966 2974 2965 2949 2937 2910 2864 2838 2831 2811 2805 2774 2737 2732 2786 2849 2890 2915 2889 2855 2842 2854 2884 2908 2917 2934 2926 2898 2888 2880 2899 2908 2901 2870 2877 2900 2879 2837 2845 2882
3067 3066 3064 3060 3058 3055 3050 3049 3043 3033 3011 2982 2961 2947 2942 2938 2957 2945 2938 2943 2951 2959 2945 2939 2943 2945 2937 2946 2971 2969 2947 2941 2925 2877 2855 2863 2889 2878 2862 2877 2916 2935 2959 2974 2976 2968 2967 2947 2921 2899 2889 2868 2861 2839 2809 2813 2845 2910 2950 2959 2944 2916 2909 2912 2930 2948 2958 2954 2921 2901 2901 2911 2926 2937 2928 2908 2899 2915 2910 2872 2868 2901
3064 3060 3058 3057 3053 3051 3048 3042 3039 3036 3019 2993 2970 2967 2959 2961 2967 2957 2942 2954 2956 2974 2963 2955 2947 2934 2915 2926 2963 2980 2958 2947 2930 2891 2867 2896 2914 2883 2850 2861 2890 2923 2943 2960 2969 2979 2981 2973 2951 2947 2935 2923 2914 2906 2904 2898 2929 2966 2990 2999 2989 2973 2963 2965 2972 2978 2976 2965 2934 2918 2924 2936 2941 2947 2949 2933 2918 2921 2931 2909 2890 2915
3045 3039 3037 3036 3032 3033 3025 3015 3015 3021 3015 3003 2992 2978 2980 2978 2972 2969 2961 2961 2972 2981 2980 2967 2966 2958 2944 2947 2983 2983 2970 2971 2955 2931 2925 2935 2936 2905 2883 2893 2913 2930 2949 2947 2960 2975 2985 2982 2972 2968 2969 2954 2949 2951 2955 2959 2976 3000 3018 3015 3020 3012 3000 3000 3001 2995 2994 2981 2956 2937 2938 2938 2955 2959 2958 2955 2927 2917 2930 2917 2892 2911
3033 3029 3026 3020 3017 3015 3006 2996 2998 3002 3004 2998 2990 2976 2969 2980 2988 2980 2973 2985 2983 2994 2986 2981 2981 2986 2983 2983 2996 3001 2986 2987 2976 2958 2958 2969 2959 2943 2944 2943 2950 2965 2975 2970 2969 2980 2990 2985 2976 2978 2977 2966 2960 2967 2982 2987 2992 3011 3014 3019 3024 3025 3016 3013 3013 3004 3000 2991 2962 2939 2919 2938 2954 2967 2966 2959 2948 2923 2937 2934 2907 2911
3036 3040 3039 3033 3016 3025 3014 3006 3010 3014 2999 2995 2981 2960 2953 2969 2979 2988 2983 2977 2987 2995 2993 2986 2991 2996 2995 2998 3003 3002 3004 2994 2975 2966 2972 2971 2971 2974 2977 2975 2973 2986 2997 2993 2986 2992 2995 2989 2986 2989 2985 2966 2951 2961 2978 2990 2983 2997 3001 3002 3024 3036 3031 3024 3020 3008 3005 2985 2955 2917 2911 2926 2956 2972 2967 2962 2959 2938 2946 2958 2938 2930
3043 3045 3048 3036 3035 3029 3029 3020 3027 3025 3011 2987 2962 2954 2946 2945 2965 2975 2981 2970 2973 2989 2996 2996 2996 3002 3003 3000 3003 3008 3006 3004 2994 2978 2968 2965 2958 2972 2988 2988 2992 2993 2997 2987 2979 2976 2981 2986 2986 2997 2982 2944 2929 2926 2955 2970 2969 2961 2962 2967 2994 3034 3037 3030 3011 2999 2982 2959 2931 2908 2906 2930 2951 2976 2973 2967 2960 2939 2949 2969 2956 2937
3050 3053 3054 3058 3049 3055 3042 3041 3039 3041 3022 2978 2960 2954 2950 2954 2947 2979 2993 2986 2981 2997 3001 2999 3003 3005 3007 3007 3005 3004 3003 3007 2995 2979 2965 2943 2938 2954 2976 2987 2997 2999 2994 2981 2962 2951 2948 2955 2970 2981 2969 2929 2899 2916 2937 2955 2944 2939 2927 2937 2973 3018 3032 3005 2978 2950 2933 2923 2912 2901 2905 2915 2929 2959 2980 2965 2956 2939 2954 2977 2961 2935
3050 3051 3053 3061 3063 3061 3060 3055 3058 3048 3021 2993 2971 2980 2983 2966 2970 2973 2988 3000 2998 3002 3001 3001 3005 3009 3009 3012 3011 3005 2994 3001 2992 2973 2965 2953 2943 2950 2968 2981 2993 3004 3006 2999 2966 2932 2919 2924 2941 2964 2970 2929 2926 2941 2960 2963 2942 2932 2942 2957 2989 3021 3009 2965 2921 2893 2880 2891 2912 2910 2907 2905 2912 2949 2968 2963 2946 2945 2966 2988 2970 2950
3047 3045 3045 3052 3057 3059 3061 3064 3062 3054 3037 3013 3008 3010 3006 3004 2991 2982 2991 2991 3005 3006 3002 3000 3008 3009 3012 3015 3015 3004 3001 3003 2999 2985 2980 2975 2965 2969 2984 2990 2998 3006 3012 2998 2961 2932 2924 2924 2942 2958 2969 2952 2947 2976 2998 2983 2962 2957 2975 3002 3013 3009 2970 2917 2880 2846 2847 2877 2914 2923 2912 2917 2918 2953 2983 2979 2973 2962 2980 2995 2988 2975
3044 3041 3040 3043 3048 3051 3054 3057 3060 3058 3053 3043 3032 3024 3019 3019 3018 3009 2998 3005 2999 3012 2997 2997 3006 3011 3012 3015 3016 3015 3009 3022 3016 3009 3006 2997 2983 2977 2986 2988 2988 2990 3008 2995 2963 2950 2950 2954 2959 2977 2987 2978 2977 2998 2996 2985 2964 2975 3000 3019 3014 2985 2932 2900 2870 2851 2846 2881 2919 2923 2913 2914 2920 2948 2985 2999 2988 2968 2972 2992 3002 2992
3042 3041 3040 3042 3045 3046 3048 3050 3051 3055 3057 3053 3046 3032 3027 3024 3025 3020 3017 2994 2999 3003 2996 2990 2998 3011 3011 3013 3018 3019 3023 3026 3025 3022 3015 2998 2978 2957 2951 2952 2951 2962 2993 3005 2986 2979 2971 2958 2973 2986 3002 3005 3008 2994 2987 2962 2959 2978 3015 3027 3016 2970 2937 2915 2903 2877 2879 2899 2929 2936 2920 2916 2922 2933 2967 2996 2995 2967 2970 2994 2999 2985
3039 3039 3039 3040 3041 3043 3045 3047 3048 3048 3052 3055 3050 3041 3029 3030 3024 3024 3006 2994 2985 3007 3002 2995 3004 3010 3012 3010 3014 3017 3021 3024 3026 3025 3015 2997 2969 2936 2931 2928 2929 2947 2985 3009 3006 2998 2978 2962 2969 2986 3001 3014 3006 2991 2969 2959 2955 2975 3010 3028 3014 2977 2957 2949 2933 2905 2898 2908 2929 2937 2936 2937 2928 2925 2945 2973 2989 2979 2977 2994 2997 2969
3037 3037 3037 3037 3038 3040 3041 3044 3044 3047 3050 3051 3049 3037 3030 3028 3034 3022 3015 2987 2991 3008 3014 3012 3012 3015 3011 3006 3001 3002 3009 3016 3023 3025 3012 2988 2968 2948 2934 2939 2949 2960 2992 3013 3017 3009 2996 2980 2986 2994 3006 3014 3001 2975 2964 2964 2953 2965 2995 3024 3015 2995 2968 2964 2929 2910 2896 2893 2899 2932 2942 2952 2954 2931 2933 2961 2984 2993 2993 3000 3003 2983
3035 3035 3035 3036 3036 3036 3038 3039 3042 3044 3048 3051 3051 3043 3040 3043 3039 3035 3018 3005 3001 3010 3019 3021 3020 3016 3007 2993 2979 2975 2988 3005 3018 3018 3000 2972 2964 2955 2959 2960 2964 2977 2997 3015 3019 3018 3009 3004 3002 3008 3012 3015 3001 2976 2970 2966 2960 2957 2989 3016 3024 2993 2983 2954 2942 2927 2925 2905 2902 2901 2930 2940 2944 2946 2939 2954 2985 3002 3009 3009 3016 3008
3033 3033 3034 3034 3034 3034 3035 3037 3038 3041 3044 3047 3049 3051 3049 3049 3048 3043 3037 3028 3021 3021 3021 3023 3020 3012 2998 2982 2969 2962 2980 3001 3016 3019 2995 2968 2964 2969 2974 2975 2979 2982 3001 3014 3020 3022 3021 3017 3017 3017 3019 3018 3001 2986 2978 2978 2972 2974 2996 3018 3017 3002 2974 2966 2955 2958 2950 2934 2901 2900 2910 2924 2944 2940 2956 2952 2978 3001 3014 3017 3020 3019
3030 3031 3032 3032 3032 3033 3034 3035 3036 3038 3039 3043 3045 3048 3049 3050 3049 3048 3046 3042 3039 3030 3029 3026 3014 2990 2981 2975 2970 2977 2988 3006 3016 3008 2985 2956 2954 2964 2974 2984 2986 2998 3008 3019 3022 3022 3023 3022 3020 3018 3020 3007 2992 2982 2978 2981 2986 2996 3008 3020 3015 2988 2973 2969 2967 2967 2963 2939 2918 2900 2911 2931 2941 2966 2962 2960 2970 2995 3007 3019 3020 3021
3029 3029 3029 3029 3030 3031 3032 3033 3034 3035 3037 3038 3040 3042 3042 3042 3048 3047 3041 3036 3039 3038 3034 3025 3001 2983 2968 2967 2968 2971 2986 2997 3010 3004 2981 2960 2959 2970 2982 2990 3001 3008 3019 3022 3022 3023 3024 3022 3019 3018 3012 3001 2990 2989 2993 2998 3007 3012 3019 3021 3016 2997 2983 2972 2970 2963 2953 2939 2917 2898 2903 2915 2933 2954 2974 2965 2968 2980 2999 3014 3020 3022
3029 3028 3026 3027 3027 3026 3026 3029 3032 3033 3034 3035 3036 3034 3031 3033 3039 3032 3027 3026 3031 3036 3034 3024 3008 2982 2975 2964 2949 2946 2955 2975 3003 3010 2993 2972 2971 2978 2991 3002 3008 3018 3022 3022 3023 3024 3022 3021 3018 3019 3017 3007 3005 3010 3012 3015 3019 3020 3020 3021 3018 3008 2981 2963 2941 2938 2927 2912 2897 2886 2888 2900 2915 2944 2969 2964 2962 2966 2986 3008 3020 3022
3026 3024 3021 3023 3021 3014 3011 3017 3023 3029 3030 3032 3033 3031 3028 3029 3029 3030 3028 3031 3039 3032 3027 3016 2993 2976 2967 2956 2942 2937 2944 2972 2999 3005 2982 2968 2965 2980 2996 3011 3019 3022 3023 3023 3023 3023 3021 3018 3018 3019 3019 3017 3017 3018 3019 3020 3020 3020 3020 3021 3021 3011 2994 2961 2949 2938 2936 2923 2906 2903 2910 2918 2928 2949 2971 2973 2975 2981 2994 3015 3022 3023
3015 3011 3017 3019 3011 3000 2994 2998 3005 3016 3023 3026 3029 3030 3030 3030 3033 3030 3036 3040 3033 3022 3009 2996 2983 2970 2962 2961 2950 2949 2959 2983 3009 2995 2976 2964 2973 2987 3006 3017 3021 3023 3023 3023 3024 3023 3020 3019 3020 3020 3020 3020 3020 3020 3020 3021 3021 3021 3022 3022 3023 3021 3010 2990 2966 2957 2952 2942 2932 2927 2934 2945 2952 2962 2974 2980 2987 3000 3011 3020 3024 3024
2997 3002 3008 3015 3011 3001 2995 2992 2995 3000 3005 3011 3020 3026 3027 3030 3031 3033 3036 3036 3026 3011 3001 2989 2979 2973 2971 2965 2969 2964 2975 2998 3006 3001 2985 2986 2991 3002 3011 3020 3022 3023 3023 3023 3024 3024 3023 3023 3024 3024 3024 3024 3024 3024 3024 3025 3025 3025 3025 3026 3026 3027 3023 3010 2990 2969 2958 2954 2941 2943 2952 2962 2976 2983 2987 2990 3002 3013 3020 3024 3026 3026
3000 3003 3013 3016 3012 3008 3003 3000 2994 2993 2993 2999 3009 3018 3023 3026 3029 3032 3033 3024 3008 2993 2989 2976 2965 2966 2964 2967 2976 2984 2981 2994 3002 3004 3004 3003 3012 3014 3019 3021 3022 3023 3023 3023 3024 3021 3024 3024 3025 3025 3025 3026 3026 3025 3027 3029 3029 3030 3030 3030 3030 3029 3029 3025 3013 2992 2971 2955 2960 2957 2964 2975 2982 2990 3001 3009 3018 3025 3028 3029 3029 3029
3010 3012 3014 3015 3012 3008 3004 3001 2999 2994 2997 2997 3003 3011 3020 3024 3026 3028 3029 3021 3003 2992 2978 2954 2945 2945 2948 2952 2963 2968 2959 2957 2965 2977 2981 2998 3009 3019 3021 3022 3023 3023 3023 3023 3018 3017 3022 3026 3028 3029 3028 3028 3027 3029 3031 3035 3038 3039 3038 3037 3035 3033 3032 3032 3029 3012 2990 2978 2975 2982 2976 2982 2985 2995 3009 3021 3027 3030 3030 3030 3030 3030
3016 3015 3013 3011 3009 3006 3001 2999 2992 2989 2987 2990 2988 2998 3010 3020 3022 3024 3022 3014 3000 2986 2963 2939 2925 2929 2931 2926 2935 2937 2928 2925 2931 2943 2958 2975 3002 3010 3021 3022 3023 3020 3020 3017 3013 3016 3025 3033 3037 3037 3035 3032 3032 3032 3036 3038 -9999 -9999 -9999 -9999 -9999 -9999 3033 3035 3033 3031 3018 3008 3008 3003 3001 2999 3003 3009 3022 3028 3030 3030 3034 3033 3033 3031
3017 3016 3012 3006 3003 2994 2990 2989 2990 2988 2997 3000 3002 3007 3016 3018 3019 3019 3008 2992 2973 2957 2940 2924 2927 2932 2933 2926 2927 2934 2934 2937 2945 2952 2956 2972 2981 2994 3006 3022 3019 3013 3013 3012 3013 3018 3030 3033 -9999 -9999 3037 3036 3036 3038 3038 -9999 -9999 -9999 -9999 -9999 -9999 -9999 -9999 3035 3035 3034 3032 3029 3027 3027 3024 3025 3024 3027 3032 3035 3036 3038 3039 3041 3039 3035
3014 3010 3001 2996 2988 2986 2979 2985 2990 2996 3005 3013 3015 3016 3017 3017 3018 3015 3002 2976 2958 2944 2931 2934 2943 2946 2951 2946 2943 2951 2957 2965 2970 2972 2973 2974 2976 2981 3001 3011 3015 3011 3012 3017 3019 3027 3029 -9999 -9999 -9999 -9999 3039 3040 3040 -9999 -9999 -9999 -9999 -9999 -9999 -9999 -9999 -9999 -9999 -9999 3035 3034 3034 3034 3034 3032 3035 3036 3039 3041 3046 3047 3045 3046 3043 3042 -9999
3007 2999 2988 2978 2980 2980 2983 2987 2994 2999 3007 3012 3014 3015 3017 3017 3017 3007 2987 2970 2956 2946 2943 2949 2959 2963 2968 2969 2971 2978 2985 2985 2984 2981 2979 2979 2980 2989 2999 3013 3017 3015 3021 3023 3027 3028 -9999 -9999 -9999 -9999 -9999 -9999 3041 -9999 -9999 -9999 -9999 -9999 -9999 -9999 -9999 -9999 -9999 -9999 -9999 -9999 -9999 3039 3039 3037 3039 3046 3050 3049 3049 3048 3050 -9999 -9999 -9999 -9999 -9999
3005 2998 2988 2982 2981 2986 2987 2989 2996 3004 3008 3010 3006 3004 3008 3015 3010 2990 2974 2961 2958 2960 2959 2970 2977 2982 2987 2993 2997 3001 3000 2995 2991 2987 2987 2988 2993 3000 3010 3017 3022 3024 3026 3028 3029 -9999 -9999 -9999 -9999 -9999 -9999 -9999 -9999 -9999 -9999 -9999 -9999 -9999 -9999 -9999 -9999 -9999 -9999 -9999 -9999 -9999 -9999 -9999 -9999 -9999 -9999 3057 3054 3051 3047 3046 -9999 -9999 -9999 -9999 -9999 -9999
3006 3002 2997 2991 2990 2993 2992 2992 2998 3005 3006 3000 2989 2985 2993 3002 3008 2993 2980 2980 2982 2983 2989 2994 3001 3003 3007 3010 3012 3012 3009 3004 2999 2998 2998 3003 3006 3012 3017 3021 3024 3026 -9999 -9999 -9999 -9999 -9999 -9999 -9999 -9999 -9999 -9999 -9999 -9999 -9999 -9999 -9999 -9999 -9999 -9999 -9999 -9999 -9999 -9999 -9999 -9999 -9999 -9999 -9999 -9999 -9999 -9999 3049 3046 3044 -9999 -9999 -9999 -9999 -9999 -9999 -9999
3014 3013 3008 3000 2998 3001 3001 2999 3003 3005 3004 2998 2992 2990 2993 3004 3010 3005 3003 3005 3007 3009 3010 3014 3013 3015 3015 3016 3016 3016 3016 3012 3010 3008 3010 3013 3017 3019 3022 3023 -9999 -9999 -9999 -9999 -9999 -9999 -9999 -9999 -9999 -9999 -9999 -9999 -9999 -9999 -9999 -9999 -9999 -9999 -9999 -9999 -9999 -9999 -9999 -9999 -9999 -9999 -9999 -9999 -9999 -9999 -9999 -9999 -9999 -9999 -9999 -9999 -9999 -9999 -9999 -9999 -9999 -9999
