Data/tmax/PRISM_tmax_pr_1963-1995_normal_450mM1_08_asc.asc
ncols 557
nrows 164
xllcorner -67.31875000000
yllcorner 17.86875000000
cellsize 0.00416666667
NODATA_value -9999
[rows 0 to 35 of 164, columns 164 to 245 of 557]
-9999 -9999 -9999 -9999 -9999 -9999 -9999 -9999 -9999 -9999 -9999 -9999 -9999 -9999 -9999 -9999 -9999 -9999 -9999 -9999 -9999 -9999 -9999 -9999 -9999 -9999 -9999 -9999 -9999 -9999 -9999 -9999 -9999 -9999 -9999 -9999 -9999 -9999 -9999 -9999 -9999 -9999 -9999 -9999 -9999 -9999 -9999 -9999 -9999 -9999 -9999 -9999 -9999 -9999 -9999 -9999 -9999 -9999 -9999 -9999 -9999 -9999 -9999 -9999 -9999 -9999 -9999 -9999 -9999 -9999 -9999 -9999 -9999 -9999 -9999 -9999 -9999 -9999 -9999 -9999 -9999 -9999
-9999 -9999 -9999 -9999 -9999 -9999 -9999 -9999 -9999 -9999 -9999 -9999 -9999 -9999 -9999 -9999 -9999 -9999 -9999 -9999 -9999 -9999 -9999 -9999 -9999 -9999 -9999 -9999 -9999 -9999 -9999 -9999 -9999 -9999 -9999 -9999 -9999 -9999 -9999 -9999 -9999 -9999 -9999 -9999 -9999 -9999 -9999 -9999 -9999 -9999 -9999 -9999 -9999 -9999 -9999 -9999 -9999 -9999 -9999 -9999 -9999 -9999 -9999 -9999 -9999 -9999 -9999 -9999 -9999 -9999 -9999 -9999 -9999 -9999 -9999 -9999 -9999 -9999 -9999 -9999 -9999 -9999
-9999 -9999 -9999 -9999 -9999 -9999 -9999 -9999 -9999 -9999 -9999 -9999 -9999 -9999 -9999 -9999 -9999 -9999 -9999 -9999 -9999 -9999 -9999 -9999 -9999 -9999 -9999 -9999 -9999 -9999 -9999 -9999 -9999 -9999 -9999 -9999 -9999 -9999 -9999 -9999 -9999 -9999 -9999 -9999 -9999 -9999 -9999 -9999 -9999 -9999 -9999 -9999 -9999 -9999 -9999 -9999 -9999 -9999 -9999 -9999 -9999 -9999 -9999 -9999 -9999 -9999 -9999 -9999 -9999 -9999 -9999 -9999 -9999 -9999 -9999 -9999 -9999 -9999 -9999 -9999 -9999 -9999
-9999 -9999 -9999 -9999 -9999 -9999 -9999 -9999 -9999 -9999 -9999 -9999 -9999 -9999 -9999 -9999 -9999 -9999 -9999 -9999 -9999 -9999 -9999 -9999 -9999 -9999 -9999 -9999 -9999 -9999 -9999 -9999 -9999 -9999 -9999 -9999 -9999 -9999 -9999 -9999 -9999 -9999 -9999 -9999 -9999 -9999 -9999 -9999 -9999 -9999 -9999 -9999 -9999 -9999 -9999 -9999 -9999 -9999 -9999 -9999 -9999 -9999 -9999 -9999 -9999 -9999 -9999 -9999 -9999 -9999 -9999 -9999 -9999 -9999 -9999 -9999 -9999 -9999 -9999 -9999 -9999 -9999
-9999 -9999 -9999 -9999 -9999 -9999 -9999 -9999 -9999 -9999 -9999 -9999 -9999 -9999 -9999 -9999 -9999 -9999 -9999 -9999 -9999 -9999 -9999 -9999 -9999 -9999 -9999 -9999 -9999 -9999 -9999 -9999 -9999 -9999 -9999 -9999 -9999 -9999 -9999 -9999 -9999 -9999 -9999 -9999 -9999 -9999 -9999 -9999 -9999 -9999 -9999 -9999 -9999 -9999 -9999 -9999 -9999 -9999 -9999 -9999 -9999 -9999 -9999 -9999 -9999 -9999 -9999 -9999 -9999 -9999 -9999 -9999 -9999 -9999 -9999 -9999 -9999 -9999 -9999 -9999 -9999 -9999
-9999 -9999 -9999 -9999 -9999 -9999 -9999 -9999 -9999 -9999 -9999 -9999 -9999 -9999 -9999 -9999 -9999 -9999 -9999 -9999 -9999 -9999 -9999 -9999 -9999 -9999 -9999 -9999 -9999 -9999 -9999 -9999 -9999 -9999 -9999 -9999 -9999 -9999 -9999 -9999 -9999 -9999 -9999 -9999 -9999 -9999 -9999 -9999 -9999 -9999 -9999 -9999 -9999 -9999 -9999 -9999 -9999 -9999 -9999 -9999 -9999 -9999 -9999 -9999 -9999 -9999 -9999 -9999 -9999 -9999 -9999 -9999 -9999 -9999 -9999 -9999 -9999 -9999 -9999 -9999 -9999 -9999
-9999 -9999 -9999 -9999 -9999 -9999 -9999 -9999 -9999 -9999 -9999 -9999 -9999 -9999 -9999 -9999 -9999 -9999 -9999 -9999 -9999 -9999 -9999 -9999 -9999 -9999 -9999 -9999 -9999 -9999 -9999 -9999 -9999 -9999 -9999 -9999 -9999 -9999 -9999 -9999 -9999 -9999 -9999 -9999 -9999 -9999 -9999 -9999 -9999 -9999 -9999 -9999 -9999 -9999 -9999 -9999 -9999 -9999 -9999 -9999 -9999 -9999 -9999 -9999 -9999 -9999 -9999 -9999 -9999 -9999 -9999 -9999 -9999 -9999 -9999 -9999 -9999 -9999 -9999 -9999 -9999 -9999
-9999 -9999 -9999 -9999 -9999 -9999 -9999 -9999 -9999 -9999 -9999 -9999 -9999 -9999 -9999 -9999 -9999 -9999 -9999 -9999 -9999 -9999 -9999 -9999 -9999 -9999 -9999 -9999 -9999 -9999 -9999 -9999 -9999 -9999 -9999 -9999 -9999 -9999 -9999 -9999 -9999 -9999 -9999 -9999 -9999 -9999 -9999 -9999 -9999 -9999 -9999 -9999 -9999 -9999 -9999 -9999 -9999 -9999 -9999 -9999 -9999 -9999 -9999 -9999 -9999 -9999 -9999 -9999 -9999 -9999 -9999 -9999 -9999 -9999 -9999 -9999 -9999 -9999 -9999 -9999 -9999 -9999
-9999 -9999 -9999 -9999 -9999 -9999 -9999 -9999 -9999 -9999 -9999 -9999 -9999 -9999 -9999 -9999 -9999 -9999 -9999 -9999 -9999 -9999 -9999 -9999 -9999 -9999 -9999 -9999 -9999 -9999 -9999 -9999 -9999 -9999 -9999 -9999 -9999 -9999 -9999 -9999 -9999 -9999 -9999 -9999 -9999 -9999 -9999 -9999 -9999 -9999 -9999 -9999 -9999 -9999 -9999 -9999 -9999 -9999 -9999 -9999 -9999 -9999 -9999 -9999 -9999 -9999 -9999 -9999 -9999 -9999 -9999 -9999 -9999 -9999 -9999 -9999 -9999 -9999 -9999 -9999 -9999 -9999
-9999 -9999 -9999 -9999 -9999 -9999 -9999 -9999 -9999 -9999 -9999 -9999 -9999 -9999 -9999 -9999 -9999 -9999 -9999 -9999 -9999 -9999 -9999 -9999 -9999 -9999 -9999 -9999 -9999 -9999 -9999 -9999 -9999 -9999 -9999 -9999 -9999 -9999 -9999 -9999 -9999 -9999 -9999 -9999 -9999 -9999 -9999 -9999 -9999 -9999 -9999 -9999 -9999 -9999 -9999 -9999 -9999 -9999 -9999 -9999 -9999 -9999 -9999 -9999 -9999 -9999 -9999 -9999 -9999 -9999 -9999 -9999 -9999 -9999 -9999 -9999 -9999 -9999 -9999 -9999 -9999 -9999
-9999 -9999 -9999 -9999 -9999 -9999 -9999 -9999 -9999 -9999 -9999 -9999 -9999 -9999 -9999 -9999 -9999 -9999 -9999 -9999 -9999 -9999 -9999 -9999 -9999 -9999 -9999 -9999 -9999 -9999 -9999 -9999 -9999 -9999 -9999 -9999 -9999 -9999 -9999 -9999 -9999 -9999 -9999 -9999 -9999 -9999 -9999 -9999 -9999 -9999 -9999 -9999 -9999 -9999 -9999 -9999 -9999 -9999 -9999 -9999 -9999 -9999 -9999 -9999 -9999 -9999 -9999 -9999 -9999 -9999 -9999 -9999 -9999 -9999 -9999 -9999 -9999 -9999 -9999 -9999 -9999 -9999
3242 3242 3242 3242 3242 3241 3241 -9999 -9999 -9999 -9999 -9999 -9999 -9999 -9999 -9999 -9999 -9999 -9999 -9999 -9999 -9999 -9999 -9999 -9999 -9999 -9999 -9999 -9999 -9999 -9999 -9999 -9999 -9999 -9999 -9999 -9999 -9999 -9999 -9999 -9999 -9999 -9999 -9999 -9999 -9999 -9999 -9999 -9999 -9999 -9999 -9999 -9999 3193 -9999 -9999 3196 3195 -9999 -9999 -9999 -9999 -9999 -9999 -9999 -9999 -9999 -9999 -9999 -9999 -9999 -9999 -9999 -9999 -9999 -9999 -9999 -9999 -9999 -9999 -9999 -9999
3241 3242 3242 3242 3241 3241 3240 3241 3240 3239 3237 -9999 -9999 -9999 -9999 3231 3232 3233 3234 3233 3231 -9999 -9999 -9999 -9999 -9999 -9999 -9999 -9999 -9999 -9999 -9999 -9999 -9999 -9999 -9999 -9999 -9999 -9999 -9999 -9999 -9999 -9999 -9999 -9999 -9999 -9999 3197 3198 3197 3197 3195 3194 3192 3195 3194 3194 3193 3186 3180 -9999 3176 3177 3178 3178 3184 3181 3180 -9999 -9999 -9999 -9999 -9999 -9999 -9999 -9999 -9999 -9999 -9999 -9999 -9999 -9999
3240 3240 3239 3240 3239 3238 3238 3240 3239 3237 3235 3233 3232 3230 3232 3233 3236 3237 3236 3234 3232 3230 3230 3230 3230 3230 3227 3225 -9999 -9999 -9999 -9999 -9999 -9999 -9999 -9999 -9999 -9999 -9999 -9999 -9999 -9999 -9999 -9999 -9999 -9999 3190 3192 3191 3190 3189 3188 3185 3185 3183 3183 3184 3185 3184 3176 3169 3168 3167 3165 3169 3171 3173 3171 3169 3168 3173 3175 3166 3162 -9999 -9999 -9999 -9999 -9999 -9999 -9999 -9999
3236 3236 3236 3235 3236 3234 3234 3234 3234 3232 3231 3232 3231 3233 3232 3233 3235 3236 3235 3234 3234 3234 3236 3237 3237 3235 3232 3228 3226 3222 3220 -9999 -9999 -9999 -9999 -9999 -9999 -9999 -9999 -9999 -9999 -9999 -9999 -9999 -9999 3192 3191 3190 3189 3187 3186 3185 3184 3182 3181 3179 3176 3179 3176 3172 3169 3167 3164 3163 3161 3163 3160 3159 3157 3160 3166 3168 3169 3157 3151 -9999 -9999 -9999 -9999 -9999 -9999 -9999
3232 3231 3232 3233 3233 3232 3230 3228 3225 3222 3222 3223 3226 3228 3227 3225 3226 3228 3228 3228 3225 3227 3229 3231 3231 3229 3229 3232 3229 3226 3223 3221 3221 3221 3216 3214 -9999 -9999 -9999 -9999 -9999 -9999 -9999 -9999 3195 3194 3192 3190 3188 3186 3186 3186 3185 3183 3183 3181 3178 3176 3175 3174 3172 3169 3166 3164 3162 3160 3157 3155 3153 3152 3154 3158 3153 3151 3147 3142 3141 3140 3140 3140 3141 3140
3232 3231 3232 3233 3234 3233 3231 3228 3225 3221 3219 3219 3219 3222 3219 3216 3218 3219 3218 3214 3210 3207 3210 3211 3210 3207 3209 3213 3219 3219 3220 3221 3223 3220 3215 3209 3205 3202 3199 3200 3200 3200 3200 3198 3197 3196 3194 3192 3190 3190 3190 3190 3188 3187 3185 3183 3180 3179 3178 3177 3175 3172 3169 3166 3163 3160 3157 3155 3153 3152 3149 3144 3143 3142 3141 3143 3142 3141 3140 3140 3140 3139
3234 3233 3233 3234 3233 3232 3231 3229 3228 3225 3224 3222 3222 3221 3220 3217 3218 3217 3215 3214 3209 3208 3207 3208 3205 3200 3197 3199 3201 3202 3203 3202 3200 3200 3196 3194 3192 3191 3195 3197 3199 3201 3200 3200 3200 3198 3196 3194 3194 3194 3194 3194 3192 3190 3189 3187 3184 3182 3181 3179 3177 3174 3171 3168 3165 3162 3159 3156 3154 3152 3150 3145 3139 3138 3141 3142 3141 3141 3140 3139 3139 3139
3236 3233 3234 3233 3232 3232 3231 3230 3230 3228 3226 3225 3225 3224 3222 3219 3218 3217 3215 3214 3213 3211 3209 3209 3208 3205 3202 3199 3199 3199 3197 3192 3189 3187 3187 3187 3186 3188 3193 3200 3200 3201 3201 3201 3201 3201 3199 3199 3198 3198 3198 3195 3193 3193 3192 3190 3188 3186 3183 3181 3179 3176 3173 3170 3166 3164 3161 3158 3155 3153 3149 3144 3138 3138 3139 3140 3140 3139 3139 3138 3137 3137
3236 3234 3233 3233 3232 3231 3231 3231 3229 3227 3227 3226 3227 3225 3223 3220 3218 3217 3216 3214 3213 3212 3211 3209 3208 3206 3205 3202 3202 3200 3197 3193 3188 3186 3183 3182 3181 3183 3191 3196 3200 3201 3202 3203 3202 3202 3202 3201 3200 3200 3198 3194 3193 3194 3194 3192 3190 3188 3185 3183 3180 3177 3174 3171 3168 3165 3162 3159 3156 3152 3148 3143 3139 3138 3140 3140 3139 3139 3137 3135 3133 3133
3231 3230 3230 3230 3230 3227 3226 3226 3226 3225 3225 3225 3225 3224 3222 3220 3218 3217 3215 3215 3214 3212 3211 3209 3208 3206 3205 3203 3202 3201 3199 3195 3193 3190 3186 3185 3183 3185 3192 3199 3202 3203 3204 3204 3204 3204 3204 3204 3203 3202 3200 3197 3196 3197 3196 3195 3192 3190 3188 3185 3182 3179 3176 3173 3169 3166 3163 3159 3156 3152 3148 3145 3142 3142 3142 3142 3141 3140 3138 3136 3133 3132
3220 3215 3217 3222 3222 3219 3216 3217 3218 3219 3215 3217 3217 3217 3217 3214 3216 3216 3215 3214 3214 3212 3211 3209 3208 3206 3204 3203 3201 3199 3195 3192 3188 3186 3184 3183 3184 3188 3195 3201 3204 3205 3205 3206 3206 3205 3206 3205 3205 3203 3201 3200 3200 3199 3198 3197 3195 3192 3190 3187 3183 3181 3177 3174 3171 3167 3164 3160 3157 3154 3151 3149 3146 3145 3144 3143 3142 3140 3139 3138 3136 3134
3195 3195 3197 3208 3216 3213 3211 3210 3212 3207 3203 3202 3206 3208 3205 3206 3209 3208 3211 3214 3214 3212 3211 3209 3208 3206 3205 3201 3198 3194 3187 3180 3177 3177 3177 3181 3186 3191 3197 3201 3201 3201 3202 3203 3203 3205 3206 3205 3204 3203 3202 3201 3199 3198 3198 3198 3196 3194 3191 3188 3185 3182 3179 3176 3173 3170 3166 3162 3159 3156 3154 3151 3149 3146 3144 3143 3142 3141 3140 3139 3138 3137
3182 3183 3192 3203 3210 3207 3203 3202 3203 3200 3192 3193 3196 3196 3198 3198 3199 3196 3199 3206 3206 3209 3206 3209 3208 3206 3203 3199 3197 3194 3188 3181 3177 3178 3181 3186 3188 3192 3196 3196 3195 3193 3193 3194 3197 3199 3203 3203 3201 3201 3201 3200 3197 3195 3197 3198 3197 3195 3192 3189 3186 3184 3181 3178 3175 3171 3168 3164 3161 3158 3155 3152 3149 3145 3143 3139 3137 3137 3138 3138 3138 3136
3191 3195 3200 3205 3205 3199 3193 3191 3192 3188 3186 3184 3186 3187 3189 3194 3194 3188 3189 3194 3195 3195 3201 3205 3208 3206 3203 3200 3197 3194 3187 3183 3180 3178 3180 3182 3182 3183 3186 3191 3191 3191 3193 3194 3194 3198 3200 3199 3198 3198 3199 3198 3194 3194 3196 3196 3195 3193 3192 3190 3188 3185 3180 3180 3176 3173 3169 3164 3161 3158 3155 3152 3147 3143 3136 3130 3124 3124 3127 3129 3130 3129
3202 3204 3202 3203 3200 3193 3188 3183 3182 3180 3177 3180 3179 3180 3182 3183 3184 3181 3185 3188 3189 3195 3201 3207 3207 3206 3204 3202 3198 3192 3185 3182 3179 3177 3173 3174 3172 3172 3177 3180 3185 3188 3189 3190 3192 3193 3193 3195 3194 3195 3195 3194 3189 3188 3190 3189 3185 3184 3184 3185 3183 3178 3177 3179 3178 3171 3167 3161 3157 3154 3150 3145 3140 3133 3129 3121 3116 3115 3115 3114 3113 3120
3201 3199 3198 3195 3191 3185 3179 3174 3172 3170 3172 3172 3173 3173 3172 3170 3170 3172 3178 3183 3188 3197 3203 3208 3206 3205 3204 3202 3201 3195 3192 3191 3187 3181 3177 3174 3175 3177 3178 3181 3182 3184 3185 3185 3185 3184 3185 3185 3189 3188 3188 3183 3177 3175 3177 3176 3173 3170 3170 3171 3173 3174 3175 3179 3178 3171 3160 3153 3151 3146 3140 3135 3131 3126 3122 3121 3118 3116 3115 3111 3112 3114
3191 3191 3192 3192 3188 3183 3178 3176 3176 3175 3174 3174 3172 3172 3172 3169 3171 3174 3178 3182 3187 3194 3201 3203 3205 3205 3202 3201 3199 3198 3196 3194 3191 3187 3183 3182 3183 3185 3184 3182 3181 3180 3177 3174 3173 3172 3171 3176 3177 3179 3178 3174 3166 3165 3168 3169 3169 3167 3167 3168 3175 3177 3176 3178 3174 3168 3156 3150 3149 3145 3138 3130 3125 3119 3119 3119 3120 3120 3119 3119 3116 3115
3188 3190 3189 3188 3183 3180 3181 3182 3183 3182 3182 3179 3177 3177 3176 3175 3177 3179 3180 3181 3182 3185 3187 3190 3196 3197 3201 3199 3198 3196 3196 3194 3193 3188 3186 3184 3184 3181 3178 3176 3175 3173 3168 3165 3165 3166 3168 3169 3172 3172 3173 3169 3166 3165 3166 3169 3168 3168 3167 3172 3177 3175 3170 3166 3170 3165 3162 3155 3157 3157 3149 3138 3130 3124 3122 3123 3122 3122 3124 3123 3124 3122
3190 3187 3186 3182 3176 3176 3179 3183 3184 3183 3179 3178 3177 3177 3176 3177 3178 3180 3179 3176 3173 3173 3172 3177 3181 3187 3193 3199 3199 3198 3197 3196 3192 3191 3185 3181 3177 3173 3172 3171 3172 3171 3169 3166 3168 3168 3168 3168 3168 3168 3167 3166 3165 3166 3168 3168 3170 3168 3169 3171 3173 3172 3162 3160 3159 3162 3154 3154 3158 3163 3159 3149 3138 3131 3128 3125 3123 3124 3124 3126 3126 3126
3185 3181 3177 3174 3173 3174 3178 3182 3181 3178 3175 3172 3172 3172 3173 3173 3174 3176 3174 3169 3167 3170 3173 3173 3177 3176 3183 3190 3196 3196 3198 3196 3196 3191 3187 3176 3172 3169 3168 3167 3168 3168 3166 3166 3165 3165 3166 3165 3163 3162 3163 3162 3163 3164 3165 3167 3168 3169 3169 3169 3169 3165 3160 3152 3149 3144 3144 3143 3155 3168 3169 3161 3153 3144 3138 3132 3129 3127 3125 3124 3124 3124
3178 3172 3168 3170 3169 3174 3177 3175 3175 3172 3167 3164 3164 3165 3167 3168 3170 3169 3167 3167 3166 3170 3172 3172 3170 3166 3171 3175 3180 3184 3187 3193 3195 3194 3184 3172 3163 3163 3162 3162 3161 3159 3159 3157 3156 3157 3158 3159 3157 3155 3155 3156 3157 3157 3159 3162 3164 3164 3165 3160 3159 3161 3152 3149 3148 3147 3145 3149 3162 3174 3174 3167 3162 3156 3151 3145 3140 3136 3129 3126 3124 3120
3172 3169 3165 3163 3167 3169 3167 3166 3164 3161 3160 3158 3158 3160 3164 3167 3167 3165 3164 3161 3162 3163 3163 3163 3163 3164 3162 3164 3165 3164 3170 3183 3192 3192 3177 3162 3156 3153 3153 3153 3151 3151 3151 3153 3151 3149 3153 3151 3149 3146 3146 3147 3148 3149 3150 3154 3153 3152 3154 3162 3156 3157 3156 3152 3154 3152 3150 3153 3165 3176 3172 3167 3162 3160 3155 3149 3143 3139 3134 3128 3124 3122
3175 3171 3168 3166 3165 3164 3163 3158 3159 3159 3158 3158 3158 3157 3158 3161 3159 3157 3154 3154 3152 3153 3154 3156 3159 3159 3160 3158 3158 3156 3160 3177 3191 3186 3169 3156 3152 3152 3149 3145 3139 3138 3143 3143 3143 3143 3143 3139 3136 3138 3139 3142 3145 3145 3147 3149 3149 3147 3163 3161 3160 3155 3153 3154 3153 3152 3149 3152 3161 3172 3177 3162 3161 3158 3151 3144 3137 3134 3133 3128 3126 3121
3177 3179 3174 3173 3171 3171 3164 3164 3162 3162 3163 3162 3158 3156 3157 3158 3156 3154 3155 3152 3152 3152 3153 3155 3157 3157 3155 3155 3153 3151 3155 3175 3189 3184 3164 3150 3150 3148 3147 3143 3136 3132 3134 3138 3138 3140 3143 3138 3137 3139 3146 3150 3152 3153 3152 3153 3151 3160 3165 3167 3155 3150 3151 3152 3150 3146 3146 3145 3149 3168 3165 3157 3149 3146 3139 3132 3124 3125 3127 3125 3122 3121
3182 3177 3176 3173 3173 3171 3170 3165 3166 3164 3165 3162 3159 3156 3158 3157 3155 3155 3155 3153 3151 3153 3153 3155 3155 3154 3153 3152 3151 3150 3155 3172 3188 3185 3161 3147 3140 3142 3142 3140 3137 3132 3131 3132 3135 3139 3144 3144 3142 3145 3148 3151 3152 3152 3150 3148 3153 3159 3163 3156 3148 3148 3148 3149 3146 3143 3141 3141 3147 3163 3163 3143 3138 3131 3130 3122 3121 3122 3127 3125 3119 3116
