Data/tmax/PRISM_tmax_pr_1963-1995_normal_450mM1_07_asc.asc
ncols 557
nrows 164
xllcorner -67.31875000000
yllcorner 17.86875000000
cellsize 0.00416666667
NODATA_value -9999
[rows 108 to 143 of 164, columns 82 to 163 of 557]
3232 3226 3217 3207 3193 3206 3206 3178 3191 3205 3179 3137 3090 3073 3093 3127 3147 3104 3097 3115 3108 3118 3130 3149 3178 3198 3194 3189 3172 3159 3145 3114 3097 3097 3088 3058 3030 2992 2975 2955 2927 2935 3007 3057 3061 3017 2957 2909 2865 2831 2809 2828 2819 2790 2787 2788 2810 2860 2875 2836 2807 2789 2785 2840 2930 2990 3011 3013 3017 2997 2944 2895 2912 2965 2985 2998 2971 2927 2947 3007 3030 2977
3242 3233 3228 3212 3200 3219 3229 3225 3226 3221 3195 3150 3124 3113 3113 3148 3156 3122 3103 3123 3114 3131 3158 3167 3179 3185 3200 3189 3171 3158 3125 3116 3107 3098 3102 3097 3092 3093 3066 3033 2985 2989 3041 3094 3062 2993 2942 2909 2862 2816 2805 2833 2865 2870 2869 2869 2876 2935 2952 2914 2887 2865 2847 2872 2936 2995 3045 3075 3076 3047 2998 2955 2958 3009 3028 3027 3011 2960 2961 3008 3051 3019
3253 3244 3237 3224 3215 3226 3241 3240 3242 3222 3186 3160 3134 3124 3129 3149 3176 3136 3124 3134 3114 3125 3147 3153 3149 3162 3174 3169 3131 3099 3097 3101 3121 3102 3100 3102 3116 3132 3135 3111 3068 3045 3090 3121 3092 3030 3005 2979 2925 2863 2836 2856 2891 2914 2933 2935 2934 2972 3015 2996 2967 2944 2914 2936 2979 3008 3055 3110 3123 3093 3042 2984 2994 3031 3045 3043 3043 3014 2981 3012 3055 3035
3260 3255 3249 3246 3238 3242 3247 3248 3237 3217 3189 3167 3150 3139 3125 3144 3173 3152 3148 3142 3110 3113 3131 3137 3146 3159 3186 3177 3132 3098 3084 3118 3124 3111 3094 3097 3110 3142 3165 3162 3146 3124 3142 3165 3133 3092 3073 3045 2985 2942 2924 2914 2934 2953 2957 2974 2978 3017 3045 3067 3044 3002 2970 2991 3026 3036 3061 3117 3145 3124 3078 3037 3031 3066 3075 3060 3073 3065 3031 3022 3059 3054
3268 3265 3263 3263 3258 3254 3255 3250 3246 3225 3205 3191 3183 3166 3139 3145 3169 3167 3159 3159 3124 3129 3138 3152 3160 3179 3201 3201 3172 3134 3125 3135 3160 3131 3122 3114 3109 3136 3165 3184 3185 3176 3181 3199 3175 3143 3134 3101 3046 3016 3007 2995 2995 2973 2964 2968 3001 3040 3093 3106 3101 3052 3025 3041 3080 3085 3094 3137 3154 3136 3107 3081 3090 3109 3102 3080 3096 3107 3071 3041 3065 3083
3275 3273 3272 3270 3268 3261 3260 3257 3253 3245 3230 3211 3196 3182 3157 3153 3177 3168 3165 3170 3161 3161 3162 3167 3182 3189 3204 3212 3199 3176 3157 3167 3165 3149 3117 3105 3114 3124 3133 3160 3180 3185 3199 3205 3196 3183 3176 3153 3112 3085 3079 3059 3049 3014 2976 2969 3025 3090 3132 3167 3140 3111 3089 3105 3126 3144 3148 3164 3155 3128 3118 3115 3131 3139 3130 3102 3106 3131 3111 3068 3078 3115
3278 3277 3276 3273 3272 3271 3266 3266 3262 3254 3236 3211 3193 3180 3175 3172 3191 3181 3175 3179 3188 3197 3185 3181 3185 3188 3181 3189 3215 3215 3194 3189 3173 3123 3100 3106 3131 3120 3103 3115 3153 3172 3195 3209 3210 3202 3202 3186 3162 3147 3137 3115 3103 3078 3048 3051 3081 3149 3187 3200 3188 3155 3156 3157 3168 3176 3186 3184 3151 3132 3132 3140 3157 3164 3156 3137 3128 3144 3139 3104 3097 3131
3279 3275 3272 3272 3270 3270 3268 3262 3260 3258 3243 3222 3202 3200 3193 3196 3203 3195 3181 3194 3196 3214 3205 3198 3191 3177 3159 3170 3208 3228 3208 3198 3179 3139 3114 3142 3159 3127 3093 3103 3130 3162 3181 3197 3206 3215 3217 3207 3192 3189 3180 3164 3153 3145 3142 3139 3169 3198 3223 3233 3217 3207 3198 3202 3200 3204 3203 3193 3165 3149 3154 3165 3169 3174 3176 3162 3147 3149 3159 3138 3120 3145
3266 3259 3257 3256 3253 3255 3249 3240 3240 3246 3241 3232 3223 3212 3214 3214 3210 3210 3203 3204 3215 3224 3223 3210 3209 3202 3188 3191 3230 3232 3221 3222 3205 3180 3173 3183 3182 3150 3128 3136 3156 3171 3189 3187 3198 3212 3221 3218 3207 3207 3205 3188 3185 3186 3194 3197 3211 3229 3240 3240 3242 3233 3225 3226 3224 3218 3218 3208 3185 3168 3168 3168 3183 3186 3185 3183 3156 3146 3158 3146 3122 3140
3258 3253 3249 3243 3241 3240 3233 3225 3227 3231 3233 3229 3222 3210 3205 3219 3230 3222 3217 3229 3227 3239 3230 3225 3225 3229 3227 3228 3245 3252 3238 3237 3226 3207 3206 3217 3207 3190 3190 3188 3195 3209 3218 3211 3210 3219 3227 3221 3212 3214 3211 3200 3193 3201 3212 3218 3221 3235 3238 3241 3245 3245 3237 3234 3234 3226 3222 3216 3192 3167 3150 3167 3182 3194 3193 3186 3176 3153 3166 3162 3136 3141
3265 3267 3264 3257 3241 3250 3241 3236 3240 3245 3230 3227 3216 3196 3192 3210 3222 3232 3228 3222 3231 3240 3238 3233 3237 3242 3241 3245 3253 3254 3255 3246 3225 3215 3221 3219 3219 3222 3224 3222 3220 3232 3242 3237 3229 3234 3235 3227 3223 3226 3221 3202 3187 3195 3209 3219 3212 3224 3227 3228 3245 3258 3251 3245 3243 3231 3229 3213 3182 3148 3141 3157 3185 3199 3194 3190 3187 3166 3174 3185 3166 3159
3277 3276 3278 3265 3262 3256 3255 3248 3257 3256 3244 3223 3199 3192 3187 3189 3210 3221 3227 3216 3219 3234 3245 3246 3248 3253 3254 3251 3255 3260 3258 3255 3245 3228 3217 3213 3205 3220 3237 3236 3239 3240 3242 3231 3223 3220 3223 3227 3226 3237 3221 3182 3167 3163 3189 3203 3200 3191 3194 3194 3221 3258 3259 3253 3237 3228 3210 3186 3163 3136 3139 3161 3181 3205 3201 3197 3188 3168 3176 3197 3184 3166
3289 3291 3289 3289 3279 3283 3269 3269 3268 3273 3256 3213 3199 3195 3193 3199 3193 3225 3239 3232 3227 3246 3252 3253 3257 3260 3261 3260 3259 3256 3256 3259 3246 3229 3213 3190 3183 3200 3224 3234 3245 3246 3240 3226 3205 3194 3191 3196 3211 3222 3209 3169 3138 3154 3173 3189 3178 3173 3158 3169 3201 3245 3257 3229 3205 3179 3162 3154 3142 3135 3138 3147 3161 3187 3211 3195 3186 3168 3183 3205 3189 3164
3297 3296 3295 3299 3298 3294 3291 3285 3287 3280 3255 3230 3212 3224 3228 3212 3216 3220 3235 3247 3248 3253 3255 3256 3261 3265 3264 3266 3265 3259 3246 3253 3243 3223 3213 3200 3190 3196 3215 3229 3242 3253 3253 3243 3211 3174 3161 3166 3182 3205 3211 3169 3166 3180 3197 3199 3177 3167 3176 3188 3218 3253 3240 3195 3151 3119 3112 3123 3145 3143 3141 3137 3143 3179 3197 3195 3175 3174 3195 3215 3198 3178
3298 3296 3294 3297 3299 3298 3297 3297 3294 3286 3271 3251 3250 3256 3253 3251 3238 3229 3239 3241 3257 3260 3257 3256 3264 3266 3267 3270 3270 3257 3254 3256 3251 3235 3229 3223 3213 3217 3233 3240 3249 3257 3262 3245 3205 3175 3166 3164 3183 3198 3210 3192 3186 3215 3236 3220 3199 3192 3209 3233 3243 3239 3202 3151 3107 3076 3077 3111 3147 3155 3145 3149 3149 3182 3214 3209 3203 3192 3208 3223 3215 3202
3299 3295 3293 3294 3297 3298 3298 3298 3298 3294 3288 3281 3275 3270 3266 3267 3265 3257 3247 3257 3254 3267 3253 3253 3263 3268 3268 3270 3272 3270 3263 3276 3269 3261 3257 3248 3233 3225 3237 3239 3240 3244 3260 3245 3211 3195 3193 3196 3200 3219 3228 3219 3217 3237 3235 3223 3201 3212 3235 3252 3246 3216 3165 3133 3104 3081 3080 3115 3152 3155 3146 3146 3152 3179 3214 3229 3217 3197 3201 3221 3230 3220
3300 3299 3297 3298 3298 3298 3298 3298 3297 3297 3296 3292 3288 3278 3275 3272 3274 3269 3269 3247 3255 3259 3252 3246 3254 3267 3268 3269 3273 3274 3278 3281 3279 3275 3268 3249 3227 3205 3199 3203 3202 3214 3247 3258 3238 3229 3218 3203 3216 3229 3246 3249 3250 3233 3226 3200 3196 3214 3250 3261 3249 3203 3170 3149 3136 3111 3112 3132 3161 3168 3153 3148 3154 3165 3198 3226 3225 3196 3200 3223 3227 3212
3303 3302 3302 3301 3299 3299 3298 3298 3298 3297 3298 3299 3295 3286 3277 3278 3272 3274 3259 3249 3240 3264 3259 3252 3260 3267 3269 3266 3270 3273 3277 3279 3280 3278 3267 3248 3219 3185 3180 3177 3180 3198 3238 3263 3260 3250 3228 3210 3216 3233 3248 3260 3251 3232 3208 3197 3192 3211 3245 3263 3249 3211 3191 3182 3166 3138 3131 3140 3162 3169 3168 3169 3160 3156 3175 3204 3219 3209 3207 3223 3225 3197
3304 3304 3303 3302 3301 3300 3299 3299 3299 3299 3300 3300 3295 3284 3277 3276 3282 3272 3269 3242 3247 3265 3271 3270 3270 3273 3268 3261 3256 3256 3264 3271 3277 3279 3266 3241 3221 3201 3186 3191 3201 3212 3246 3268 3271 3262 3247 3229 3235 3244 3255 3262 3247 3218 3205 3203 3191 3201 3230 3260 3250 3229 3201 3197 3162 3144 3128 3125 3130 3164 3173 3184 3186 3162 3165 3192 3215 3223 3223 3230 3233 3212
3304 3303 3303 3303 3302 3302 3301 3301 3301 3301 3302 3302 3301 3291 3288 3291 3287 3284 3269 3259 3257 3267 3277 3279 3278 3274 3263 3248 3232 3227 3242 3260 3273 3272 3255 3226 3218 3209 3212 3213 3217 3230 3250 3270 3273 3272 3261 3256 3252 3258 3262 3264 3248 3220 3213 3207 3200 3195 3226 3253 3260 3228 3217 3188 3176 3161 3158 3137 3134 3133 3162 3172 3176 3178 3170 3186 3216 3233 3240 3239 3247 3238
3303 3303 3303 3303 3302 3302 3302 3302 3303 3302 3303 3303 3303 3302 3299 3298 3296 3292 3288 3282 3278 3278 3279 3282 3278 3269 3254 3235 3221 3215 3235 3257 3273 3276 3252 3224 3218 3223 3229 3229 3233 3235 3255 3268 3274 3275 3274 3269 3268 3267 3269 3267 3248 3230 3221 3220 3214 3215 3236 3257 3255 3238 3209 3199 3188 3191 3183 3166 3134 3134 3143 3157 3177 3173 3189 3184 3210 3233 3247 3250 3252 3251
3301 3302 3302 3302 3301 3302 3302 3302 3302 3303 3304 3304 3304 3304 3302 3300 3298 3297 3295 3294 3293 3287 3287 3284 3271 3245 3235 3228 3224 3233 3246 3266 3275 3267 3242 3211 3208 3218 3229 3238 3240 3252 3262 3274 3275 3276 3276 3274 3270 3267 3269 3255 3238 3226 3221 3224 3229 3239 3251 3262 3255 3226 3209 3203 3201 3200 3196 3172 3151 3134 3146 3166 3175 3199 3195 3193 3203 3228 3240 3252 3253 3254
3299 3299 3299 3300 3300 3300 3301 3302 3302 3303 3303 3304 3304 3303 3300 3297 3300 3297 3290 3285 3291 3293 3291 3283 3257 3237 3220 3219 3223 3228 3245 3256 3271 3263 3238 3214 3213 3225 3237 3245 3256 3263 3274 3276 3276 3277 3277 3273 3269 3267 3259 3248 3235 3233 3237 3242 3250 3256 3262 3263 3257 3237 3221 3208 3205 3198 3187 3174 3152 3133 3138 3149 3167 3188 3208 3199 3201 3213 3233 3248 3254 3256
3297 3296 3295 3296 3297 3295 3295 3299 3301 3301 3302 3302 3302 3299 3293 3292 3295 3285 3276 3275 3282 3291 3291 3283 3265 3236 3228 3217 3203 3202 3212 3233 3263 3270 3252 3228 3226 3233 3247 3258 3264 3274 3278 3277 3277 3277 3274 3271 3267 3267 3265 3254 3251 3256 3257 3259 3263 3264 3263 3263 3260 3249 3221 3201 3178 3174 3162 3148 3133 3122 3123 3135 3149 3177 3203 3198 3195 3199 3220 3242 3255 3257
3294 3292 3290 3292 3289 3283 3281 3285 3291 3298 3299 3299 3300 3297 3292 3292 3290 3286 3280 3282 3290 3287 3285 3273 3249 3229 3219 3209 3196 3192 3200 3230 3258 3265 3240 3224 3219 3235 3251 3268 3275 3278 3278 3278 3278 3276 3272 3268 3267 3267 3267 3264 3263 3265 3264 3265 3264 3264 3264 3264 3264 3252 3235 3200 3187 3175 3173 3159 3143 3138 3145 3152 3161 3183 3206 3208 3209 3216 3228 3250 3257 3258
3285 3282 3286 3288 3282 3272 3264 3266 3270 3283 3291 3294 3296 3297 3296 3295 3297 3291 3294 3295 3288 3278 3266 3252 3237 3223 3216 3217 3206 3205 3216 3241 3269 3254 3233 3219 3228 3243 3263 3274 3278 3279 3278 3278 3278 3276 3272 3270 3269 3269 3269 3268 3268 3267 3267 3267 3266 3266 3266 3266 3266 3264 3252 3231 3205 3195 3190 3180 3169 3163 3169 3180 3186 3196 3209 3215 3222 3235 3247 3255 3259 3259
3272 3275 3279 3285 3282 3272 3265 3257 3259 3266 3271 3278 3287 3293 3294 3296 3296 3297 3298 3296 3283 3269 3258 3245 3233 3228 3228 3223 3227 3222 3233 3257 3266 3260 3243 3243 3248 3259 3269 3277 3279 3279 3278 3278 3278 3278 3275 3275 3275 3274 3274 3274 3273 3273 3273 3272 3272 3272 3271 3271 3271 3271 3266 3252 3231 3209 3196 3192 3178 3178 3187 3197 3211 3218 3222 3225 3237 3248 3255 3260 3261 3261
3274 3276 3283 3285 3282 3278 3270 3266 3259 3258 3258 3264 3276 3285 3290 3293 3295 3296 3296 3285 3267 3250 3245 3230 3219 3222 3222 3226 3236 3244 3239 3254 3262 3263 3263 3261 3270 3273 3278 3279 3279 3279 3278 3278 3278 3274 3277 3277 3277 3276 3276 3277 3277 3277 3276 3276 3275 3274 3274 3273 3272 3271 3271 3267 3254 3232 3211 3193 3197 3193 3199 3210 3217 3224 3235 3243 3252 3260 3263 3264 3264 3265
3281 3283 3283 3284 3282 3278 3272 3268 3265 3259 3263 3263 3270 3279 3289 3292 3293 3293 3292 3282 3261 3250 3234 3210 3200 3201 3206 3209 3222 3226 3216 3214 3221 3234 3237 3255 3268 3278 3279 3280 3280 3279 3278 3279 3274 3273 3276 3279 3278 3278 3280 3284 3286 3284 3283 3281 3278 3277 3275 3273 3271 3269 3268 3268 3265 3249 3226 3214 3211 3218 3211 3217 3221 3230 3245 3257 3263 3265 3266 3266 3266 3266
3285 3284 3283 3281 3278 3274 3267 3266 3257 3254 3252 3255 3252 3264 3278 3289 3290 3291 3286 3275 3259 3243 3220 3194 3180 3185 3187 3181 3191 3192 3182 3178 3185 3197 3212 3230 3260 3269 3280 3281 3281 3278 3280 3277 3276 3277 3282 3284 3282 3283 3287 3291 3292 3289 3286 3284 -9999 -9999 -9999 -9999 -9999 -9999 3266 3267 3267 3265 3253 3242 3243 3237 3235 3233 3237 3244 3257 3264 3266 3266 3268 3268 3267 3266
3286 3285 3281 3276 3271 3259 3254 3253 3255 3252 3264 3268 3270 3275 3285 3287 3288 3287 3272 3253 3230 3212 3193 3178 3180 3187 3187 3181 3181 3189 3189 3192 3201 3208 3213 3229 3240 3256 3270 3286 3284 3279 3280 3280 3281 3283 3289 3287 -9999 -9999 3287 3288 3288 3285 3284 -9999 -9999 -9999 -9999 -9999 -9999 -9999 -9999 3267 3267 3267 3266 3263 3261 3261 3257 3258 3258 3261 3266 3267 3267 3269 3270 3271 3269 3268
3284 3281 3274 3268 3257 3247 3239 3248 3255 3262 3273 3283 3285 3286 3286 3287 3287 3282 3267 3236 3214 3198 3186 3189 3199 3202 3208 3203 3200 3209 3216 3225 3231 3234 3235 3236 3241 3248 3271 3281 3285 3283 3284 3288 3288 3291 3290 -9999 -9999 -9999 -9999 3285 3284 3283 -9999 -9999 -9999 -9999 -9999 -9999 -9999 -9999 -9999 -9999 -9999 3267 3267 3267 3267 3266 3266 3266 3267 3268 3269 3271 3271 3271 3271 3271 3270 -9999
3279 3272 3263 3255 3249 3245 3244 3250 3260 3266 3275 3281 3283 3285 3286 3287 3287 3274 3251 3230 3212 3204 3201 3210 3220 3225 3230 3232 3234 3242 3250 3250 3251 3249 3248 3249 3250 3260 3271 3285 3289 3286 3292 3292 3293 3292 -9999 -9999 -9999 -9999 -9999 -9999 3284 -9999 -9999 -9999 -9999 -9999 -9999 -9999 -9999 -9999 -9999 -9999 -9999 -9999 -9999 3269 3269 3267 3268 3270 3272 3272 3273 3273 3273 -9999 -9999 -9999 -9999 -9999
3276 3269 3262 3253 3249 3248 3249 3252 3262 3272 3277 3280 3274 3272 3276 3285 3279 3257 3237 3222 3219 3221 3223 3234 3242 3247 3254 3260 3265 3270 3271 3266 3262 3259 3259 3261 3266 3273 3282 3289 3292 3293 3293 3294 3294 -9999 -9999 -9999 -9999 -9999 -9999 -9999 -9999 -9999 -9999 -9999 -9999 -9999 -9999 -9999 -9999 -9999 -9999 -9999 -9999 -9999 -9999 -9999 -9999 -9999 -9999 3274 3275 3274 3273 3273 -9999 -9999 -9999 -9999 -9999 -9999
3275 3273 3267 3258 3254 3258 3257 3258 3266 3275 3276 3269 3256 3251 3260 3271 3278 3260 3246 3245 3247 3250 3256 3262 3269 3272 3278 3282 3283 3285 3282 3277 3272 3270 3271 3276 3279 3285 3289 3292 3294 3294 -9999 -9999 -9999 -9999 -9999 -9999 -9999 -9999 -9999 -9999 -9999 -9999 -9999 -9999 -9999 -9999 -9999 -9999 -9999 -9999 -9999 -9999 -9999 -9999 -9999 -9999 -9999 -9999 -9999 -9999 3275 3274 3273 -9999 -9999 -9999 -9999 -9999 -9999 -9999
3288 3286 3280 3269 3267 3270 3270 3268 3273 3275 3274 3266 3260 3257 3261 3274 3280 3274 3272 3274 3276 3279 3282 3285 3284 3287 3288 3289 3289 3289 3289 3285 3283 3281 3283 3286 3289 3291 3293 3293 -9999 -9999 -9999 -9999 -9999 -9999 -9999 -9999 -9999 -9999 -9999 -9999 -9999 -9999 -9999 -9999 -9999 -9999 -9999 -9999 -9999 -9999 -9999 -9999 -9999 -9999 -9999 -9999 -9999 -9999 -9999 -9999 -9999 -9999 -9999 -9999 -9999 -9999 -9999 -9999 -9999 -9999
