Data/tmax/PRISM_tmax_pr_1963-1995_normal_450mM1_09_asc.asc
ncols 557
nrows 164
xllcorner -67.31875000000
yllcorner 17.86875000000
cellsize 0.00416666667
NODATA_value -9999
[rows 72 to 107 of 164, columns 164 to 245 of 557]
2893 2776 2703 2670 2673 2675 2685 2683 2685 2683 2671 2651 2651 2680 2707 2727 2756 2777 2776 2777 2763 2760 2750 2738 2758 2801 2847 2853 2891 2965 2979 2962 2940 2959 2980 2978 2922 2866 2856 2891 2945 2983 3028 3071 3066 3011 2951 2942 2943 2897 2843 2815 2801 2804 2803 2794 2781 2782 2799 2836 2860 2880 2868 2806 2759 2740 2746 2751 2755 2770 2757 2744 2733 2745 2764 2785 2815 2838 2829 2816 2825 2837
2937 2859 2779 2732 2692 2664 2643 2633 2638 2636 2627 2626 2638 2658 2676 2692 2718 2741 2729 2716 2716 2728 2731 2721 2738 2787 2833 2850 2899 2956 2969 2909 2852 2861 2918 2944 2919 2869 2846 2878 2917 2949 2974 3026 3054 3016 2957 2930 2909 2873 2827 2793 2777 2784 2793 2789 2784 2783 2814 2839 2861 2886 2877 2839 2793 2779 2769 2760 2749 2752 2743 2725 2713 2724 2739 2771 2806 2813 2793 2789 2800 2822
3006 2946 2872 2805 2747 2681 2634 2625 2628 2622 2610 2611 2637 2645 2647 2658 2689 2705 2689 2682 2682 2711 2727 2736 2757 2798 2825 2842 2872 2939 2961 2916 2855 2813 2835 2891 2884 2846 2853 2897 2945 2965 2990 3024 3044 3012 2955 2904 2869 2817 2786 2766 2739 2750 2768 2777 2789 2805 2835 2863 2872 2885 2879 2842 2818 2814 2825 2806 2782 2769 2743 2724 2703 2706 2733 2765 2794 2797 2761 2753 2778 2799
3024 2988 2920 2857 2792 2712 2670 2669 2692 2680 2664 2663 2689 2685 2667 2666 2672 2674 2671 2686 2702 2726 2746 2757 2774 2790 2809 2824 2864 2919 2965 2956 2889 2818 2800 2814 2808 2787 2813 2886 2955 2998 3005 3029 3011 2960 2895 2826 2771 2734 2721 2715 2711 2715 2737 2758 2786 2824 2858 2874 2871 2881 2872 2851 2839 2850 2858 2853 2842 2814 2792 2760 2730 2716 2724 2755 2790 2787 2761 2756 2764 2794
3021 2982 2931 2883 2825 2774 2745 2765 2777 2764 2739 2741 2767 2768 2750 2725 2697 2672 2658 2669 2698 2710 2716 2732 2733 2744 2775 2836 2886 2923 2960 2953 2912 2838 2785 2774 2747 2717 2761 2843 2927 2969 2974 2954 2937 2885 2828 2768 2710 2676 2660 2677 2678 2695 2719 2750 2793 2836 2866 2862 2849 2849 2860 2857 2861 2864 2871 2875 2858 2854 2835 2815 2781 2761 2757 2771 2794 2799 2786 2772 2784 2798
3001 2964 2929 2901 2864 2836 2833 2839 2848 2829 2819 2816 2846 2840 2818 2786 2729 2668 2632 2633 2634 2654 2650 2672 2667 2687 2739 2829 2888 2893 2895 2911 2908 2860 2781 2746 2699 2666 2699 2791 2878 2926 2906 2874 2824 2788 2745 2704 2680 2645 2634 2645 2655 2682 2723 2764 2811 2848 2870 2849 2824 2825 2824 2823 2832 2843 2858 2861 2858 2841 2843 2835 2803 2781 2774 2789 2809 2807 2790 2792 2798 2816
2992 2965 2946 2932 2915 2902 2894 2892 2898 2883 2870 2876 2886 2875 2843 2794 2725 2655 2598 2553 2561 2552 2574 2595 2609 2631 2704 2804 2856 2825 2807 2823 2865 2830 2763 2699 2668 2630 2649 2723 2814 2877 2884 2849 2783 2719 2679 2654 2637 2623 2613 2617 2632 2657 2709 2761 2795 2840 2847 2833 2813 2809 2790 2775 2786 2812 2841 2857 2832 2820 2828 2821 2799 2768 2757 2783 2806 2806 2798 2790 2807 2820
2993 2986 2966 2965 2959 2950 2942 2937 2939 2921 2901 2899 2910 2888 2856 2824 2762 2701 2638 2588 2535 2509 2488 2530 2552 2596 2669 2771 2833 2797 2734 2749 2801 2798 2709 2672 2654 2620 2609 2650 2723 2796 2856 2859 2813 2747 2700 2676 2651 2627 2612 2613 2608 2638 2692 2742 2772 2807 2825 2798 2785 2776 2751 2729 2752 2791 2825 2839 2818 2791 2801 2806 2789 2766 2748 2765 2789 2803 2799 2799 2810 2830
2970 2976 2974 2968 2979 2975 2962 2959 2957 2932 2897 2890 2896 2891 2869 2837 2813 2771 2729 2670 2608 2527 2477 2469 2515 2570 2650 2741 2806 2781 2703 2679 2736 2741 2674 2620 2634 2624 2595 2606 2652 2728 2810 2859 2850 2811 2745 2702 2669 2640 2624 2622 2614 2636 2685 2725 2745 2780 2787 2758 2733 2727 2703 2686 2716 2759 2791 2813 2796 2773 2774 2767 2763 2749 2742 2742 2766 2791 2800 2787 2809 2823
2939 2973 2971 2979 2977 2972 2952 2938 2928 2894 2855 2840 2859 2865 2838 2825 2818 2811 2780 2734 2668 2584 2501 2467 2497 2565 2635 2719 2788 2786 2694 2635 2665 2690 2633 2590 2614 2628 2599 2585 2619 2674 2743 2794 2839 2807 2737 2672 2641 2620 2613 2605 2600 2616 2663 2702 2719 2758 2761 2726 2699 2678 2662 2659 2683 2717 2754 2780 2782 2749 2740 2721 2710 2717 2718 2730 2734 2773 2784 2775 2789 2802
2927 2971 2988 2973 2981 2964 2948 2924 2893 2850 2807 2792 2819 2828 2800 2772 2787 2797 2779 2726 2653 2571 2494 2442 2463 2523 2607 2682 2760 2785 2702 2614 2604 2626 2601 2578 2605 2623 2591 2559 2581 2622 2666 2719 2779 2802 2722 2657 2633 2603 2579 2571 2560 2583 2625 2667 2698 2733 2727 2704 2671 2663 2646 2641 2657 2680 2714 2758 2753 2723 2702 2676 2658 2682 2713 2727 2740 2763 2768 2764 2766 2783
2938 2973 2983 2977 2955 2947 2929 2900 2856 2806 2761 2761 2777 2790 2760 2722 2733 2756 2750 2702 2629 2552 2482 2430 2431 2488 2565 2653 2735 2771 2711 2615 2569 2560 2563 2568 2601 2618 2578 2538 2536 2573 2608 2664 2744 2775 2733 2678 2648 2611 2573 2555 2541 2560 2597 2648 2683 2714 2696 2670 2663 2652 2650 2638 2635 2657 2699 2737 2733 2695 2687 2655 2638 2653 2699 2737 2758 2763 2771 2756 2759 2759
2932 2960 2973 2958 2938 2919 2896 2860 2808 2759 2731 2733 2739 2744 2719 2690 2682 2721 2732 2697 2639 2586 2533 2475 2455 2486 2564 2643 2721 2766 2715 2638 2568 2544 2543 2572 2607 2623 2592 2540 2524 2527 2567 2625 2701 2757 2749 2711 2682 2633 2590 2573 2560 2573 2595 2633 2677 2695 2668 2657 2640 2647 2644 2626 2625 2660 2707 2738 2728 2705 2703 2690 2659 2662 2684 2727 2756 2772 2773 2778 2761 2745
2925 2945 2948 2932 2903 2881 2854 2812 2759 2709 2690 2694 2687 2683 2681 2652 2663 2686 2710 2679 2629 2588 2551 2521 2498 2533 2596 2653 2718 2746 2699 2628 2568 2526 2528 2554 2593 2621 2605 2570 2536 2524 2533 2587 2655 2725 2753 2754 2724 2670 2627 2602 2594 2605 2613 2630 2657 2668 2647 2635 2629 2617 2617 2613 2622 2671 2721 2749 2751 2738 2738 2732 2719 2710 2719 2746 2773 2778 2786 2794 2765 2742
2913 2920 2917 2885 2851 2830 2806 2765 2709 2663 2640 2647 2629 2626 2630 2632 2633 2665 2681 2643 2585 2539 2508 2494 2492 2533 2585 2641 2700 2719 2675 2603 2547 2504 2498 2531 2576 2614 2617 2589 2562 2536 2541 2580 2638 2683 2736 2755 2752 2722 2667 2640 2629 2637 2625 2625 2635 2637 2621 2615 2610 2604 2603 2603 2630 2675 2719 2745 2763 2755 2755 2750 2758 2764 2762 2786 2801 2792 2803 2804 2789 2761
2863 2870 2863 2828 2796 2773 2744 2702 2661 2603 2579 2588 2572 2558 2560 2571 2593 2602 2613 2610 2550 2493 2455 2438 2431 2459 2521 2594 2664 2698 2647 2584 2530 2501 2491 2517 2562 2602 2602 2585 2555 2530 2526 2569 2604 2626 2658 2707 2739 2738 2721 2682 2672 2661 2642 2628 2642 2643 2615 2603 2588 2585 2592 2613 2638 2682 2705 2733 2749 2753 2733 2746 2765 2765 2778 2794 2805 2799 2809 2826 2820 2804
2797 2797 2800 2773 2738 2705 2665 2620 2576 2535 2505 2517 2508 2480 2472 2481 2504 2516 2535 2560 2530 2459 2407 2383 2370 2409 2475 2553 2636 2667 2635 2578 2546 2526 2516 2520 2543 2575 2586 2585 2566 2530 2521 2539 2558 2563 2599 2655 2699 2729 2718 2706 2691 2689 2654 2647 2659 2656 2630 2605 2588 2583 2596 2627 2665 2692 2709 2722 2744 2730 2719 2721 2743 2756 2770 2793 2796 2789 2811 2831 2833 2833
2738 2730 2728 2707 2668 2631 2577 2533 2500 2451 2423 2452 2447 2406 2387 2402 2431 2449 2484 2530 2509 2440 2375 2344 2353 2399 2466 2537 2602 2650 2638 2597 2574 2558 2538 2517 2514 2534 2563 2597 2615 2577 2553 2544 2538 2532 2572 2627 2667 2681 2669 2657 2679 2682 2680 2667 2669 2654 2632 2616 2608 2606 2613 2639 2667 2684 2697 2714 2722 2719 2714 2714 2737 2745 2769 2793 2794 2792 2814 2834 2843 2850
2694 2682 2659 2632 2591 2550 2516 2476 2438 2397 2380 2387 2388 2350 2341 2361 2413 2451 2477 2514 2502 2432 2369 2353 2359 2411 2473 2534 2594 2641 2630 2594 2560 2537 2530 2505 2498 2509 2549 2625 2674 2659 2635 2607 2576 2564 2589 2633 2667 2668 2638 2623 2638 2675 2684 2678 2681 2652 2620 2619 2608 2618 2633 2652 2664 2677 2679 2690 2698 2712 2724 2742 2748 2752 2768 2787 2800 2805 2828 2844 2858 2878
2668 2648 2621 2582 2551 2527 2502 2470 2439 2418 2386 2383 2353 2309 2305 2334 2378 2424 2452 2469 2456 2409 2362 2355 2383 2420 2478 2548 2595 2631 2613 2568 2525 2504 2514 2515 2515 2530 2557 2652 2736 2756 2737 2702 2654 2625 2644 2666 2698 2708 2669 2640 2645 2664 2671 2669 2657 2644 2631 2618 2622 2643 2663 2688 2696 2685 2685 2684 2687 2711 2748 2751 2772 2769 2778 2796 2808 2821 2829 2842 2860 2893
2648 2641 2611 2579 2554 2542 2524 2498 2476 2473 2460 2419 2371 2327 2314 2326 2350 2385 2410 2426 2430 2395 2374 2391 2407 2438 2493 2536 2579 2599 2595 2582 2543 2528 2546 2564 2580 2593 2615 2691 2794 2835 2830 2776 2714 2690 2702 2734 2767 2770 2729 2689 2676 2679 2676 2661 2656 2653 2647 2647 2642 2662 2706 2739 2751 2746 2727 2707 2700 2711 2727 2744 2756 2769 2785 2794 2811 2822 2829 2848 2870 2876
2657 2653 2629 2607 2591 2584 2567 2540 2529 2535 2520 2469 2415 2370 2366 2357 2354 2361 2384 2401 2402 2393 2391 2420 2451 2472 2492 2523 2542 2581 2618 2633 2623 2597 2609 2621 2649 2669 2678 2741 2824 2885 2887 2825 2763 2740 2767 2808 2843 2847 2795 2746 2727 2723 2708 2692 2697 2699 2684 2671 2663 2689 2734 2783 2813 2820 2789 2744 2720 2716 2707 2711 2731 2740 2757 2773 2797 2826 2833 2847 2865 2858
2673 2658 2651 2648 2640 2634 2622 2599 2588 2593 2578 2538 2478 2450 2457 2423 2390 2374 2382 2379 2384 2374 2394 2441 2468 2484 2483 2493 2534 2591 2651 2713 2705 2676 2668 2689 2710 2731 2746 2782 2848 2913 2919 2872 2815 2800 2820 2850 2890 2902 2870 2820 2793 2776 2750 2731 2742 2749 2725 2706 2706 2730 2763 2791 2837 2870 2837 2791 2771 2735 2713 2702 2716 2730 2736 2749 2777 2808 2815 2817 2828 2826
2698 2675 2677 2696 2707 2701 2690 2666 2648 2655 2648 2623 2577 2581 2563 2521 2464 2432 2411 2400 2402 2402 2423 2459 2491 2489 2475 2495 2559 2624 2699 2758 2783 2746 2733 2757 2785 2807 2816 2843 2891 2942 2960 2914 2874 2865 2843 2839 2867 2904 2910 2891 2857 2834 2778 2755 2779 2793 2776 2758 2779 2809 2819 2824 2862 2903 2885 2841 2817 2773 2717 2703 2715 2733 2747 2748 2768 2791 2793 2785 2798 2808
2742 2703 2717 2741 2773 2783 2777 2740 2717 2718 2721 2709 2682 2687 2680 2616 2567 2522 2490 2476 2464 2462 2467 2501 2523 2522 2508 2536 2597 2669 2741 2806 2837 2813 2789 2824 2859 2879 2893 2919 2948 2997 2997 2968 2937 2913 2869 2816 2817 2861 2915 2934 2914 2864 2810 2780 2794 2828 2823 2813 2842 2887 2907 2898 2924 2955 2929 2897 2865 2809 2757 2714 2714 2731 2747 2759 2772 2794 2792 2794 2792 2803
2798 2754 2745 2794 2818 2849 2837 2793 2758 2772 2782 2777 2764 2768 2755 2698 2643 2607 2584 2561 2550 2526 2521 2546 2568 2558 2556 2585 2631 2709 2786 2855 2895 2873 2851 2883 2922 2948 2959 2980 3015 3026 3023 3005 2986 2961 2895 2827 2803 2833 2900 2957 2954 2911 2859 2825 2823 2839 2852 2862 2895 2948 2970 2968 2969 2984 2972 2934 2897 2850 2800 2748 2720 2726 2733 2750 2767 2782 2797 2797 2799 2790
2858 2825 2819 2821 2879 2894 2874 2823 2788 2799 2820 2836 2834 2846 2813 2761 2708 2668 2665 2632 2594 2587 2579 2600 2608 2591 2605 2649 2680 2739 2833 2898 2946 2934 2915 2943 2981 2998 3016 3037 3036 3033 3032 3030 3016 2991 2941 2883 2849 2857 2915 2976 2975 2942 2906 2887 2859 2859 2874 2902 2956 3004 3011 2983 2966 2967 2957 2928 2878 2853 2829 2781 2744 2726 2738 2744 2754 2771 2789 2802 2801 2797
2875 2878 2878 2892 2899 2930 2917 2859 2811 2801 2806 2846 2877 2890 2868 2817 2761 2743 2716 2651 2618 2625 2643 2658 2656 2624 2655 2710 2730 2781 2860 2934 2981 2993 2983 3009 3035 3047 3051 3047 3029 3014 3039 3060 3051 3032 3009 2977 2943 2936 2963 2982 2959 2916 2896 2894 2890 2883 2891 2918 2987 3029 3025 2980 2941 2926 2915 2881 2871 2874 2877 2836 2789 2755 2748 2759 2762 2772 2789 2810 2809 2808
2814 2871 2898 2912 2924 2927 2937 2909 2842 2797 2787 2822 2889 2922 2900 2865 2819 2795 2758 2684 2654 2692 2720 2737 2725 2683 2707 2772 2798 2832 2895 2959 3014 3032 3046 3066 3077 3070 3053 3024 2980 2996 3042 3080 3069 3060 3045 3016 2983 2971 2978 2969 2912 2864 2849 2869 2871 2869 2868 2901 2967 3029 3040 3004 2953 2908 2872 2872 2874 2921 2944 2906 2842 2790 2774 2774 2775 2786 2800 2809 2813 2812
2770 2824 2890 2934 2938 2947 2956 2946 2887 2830 2811 2833 2898 2942 2940 2904 2871 2842 2817 2756 2740 2775 2796 2814 2796 2751 2762 2831 2867 2902 2953 3004 3049 3082 3085 3093 3089 3062 3024 2984 2975 2999 3069 3096 3087 3072 3037 2994 2951 2933 2943 2935 2888 2847 2840 2858 2851 2833 2841 2877 2952 3019 3051 3041 2988 2931 2890 2884 2917 2958 2986 2957 2898 2835 2797 2786 2795 2795 2801 2808 2807 2807
2751 2788 2851 2931 2967 2978 3001 2977 2930 2900 2868 2872 2910 2962 2968 2955 2916 2886 2871 2848 2843 2858 2875 2875 2859 2810 2824 2877 2931 2972 3015 3062 3098 3108 3103 3095 3083 3049 3015 2984 2990 3041 3086 3103 3086 3061 3018 2963 2910 2883 2904 2930 2924 2903 2899 2904 2865 2829 2831 2874 2946 3008 3060 3070 3046 2992 2949 2955 2971 3004 3026 2998 2945 2887 2849 2826 2832 2825 2807 2805 2808 2809
2773 2774 2817 2882 2947 2991 3013 3015 2981 2954 2930 2890 2918 2967 2992 2971 2929 2895 2885 2880 2906 2930 2937 2935 2914 2881 2884 2939 2985 3028 3072 3112 3120 3121 3102 3087 3080 3064 3028 3001 3013 3062 3104 3106 3077 3041 2993 2932 2873 2848 2883 2937 2968 2975 2970 2959 2914 2866 2862 2890 2948 3006 3060 3094 3091 3047 3005 3007 3034 3053 3062 3033 2984 2952 2916 2898 2895 2876 2842 2827 2827 2822
2816 2781 2792 2841 2890 2961 3016 3024 3026 3014 2958 2918 2925 2975 2986 2957 2914 2874 2868 2888 2925 2975 2998 2989 2962 2940 2956 2996 3039 3078 3120 3137 3144 3133 3119 3105 3099 3080 3048 3010 3021 3069 3112 3112 3073 3030 2984 2935 2877 2851 2886 2945 2994 3017 3019 3003 2962 2927 2913 2925 2965 3016 3065 3109 3109 3085 3047 3051 3070 3089 3083 3052 3021 2997 2990 2964 2958 2943 2908 2889 2874 2874
2855 2811 2817 2849 2883 2938 2981 3011 3033 3039 3011 2966 2967 2997 3002 2971 2942 2921 2904 2907 2957 3009 3039 3034 3004 2985 3013 3050 3086 3118 3146 3166 3149 3144 3137 3122 3119 3103 3068 3038 3046 3088 3119 3113 3070 3025 2999 2966 2911 2876 2894 2944 2997 3040 3049 3028 3000 2963 2949 2958 2994 3038 3085 3116 3131 3110 3086 3085 3096 3106 3102 3081 3057 3048 3040 3015 3013 3003 2992 2970 2953 2927
2866 2838 2855 2871 2872 2902 2929 2953 2998 3037 3041 3030 3032 3045 3041 3029 3011 2989 2962 2946 2967 3025 3065 3060 3027 3008 3041 3082 3107 3135 3161 3169 3158 3146 3137 3145 3144 3139 3117 3092 3101 3120 3132 3112 3077 3043 3026 3005 2966 2923 2931 2967 3025 3061 3069 3046 3014 2979 2960 2977 3019 3057 3097 3129 3140 3133 3121 3118 3120 3125 3117 3105 3084 3075 3058 3044 3043 3048 3047 3036 2999 2970
2872 2868 2896 2885 2863 2873 2890 2902 2951 2998 3033 3051 3071 3086 3080 3058 3061 3044 3005 2963 2969 3032 3073 3065 3021 3005 3026 3073 3111 3135 3166 3178 3171 3159 3159 3151 3160 3156 3142 3134 3133 3136 3125 3113 3088 3064 3042 3022 2990 2965 2966 2993 3026 3067 3079 3058 3045 3012 2989 2996 3028 3064 3087 3115 3140 3145 3134 3140 3139 3135 3122 3106 3093 3072 3055 3050 3065 3074 3078 3059 3020 2984
