Data/tmax/PRISM_tmax_pr_1963-1995_normal_450mM1_annual_asc.asc
ncols 557
nrows 164
xllcorner -67.31875000000
yllcorner 17.86875000000
cellsize 0.00416666667
NODATA_value -9999
[rows 108 to 143 of 164, columns 246 to 327 of 557]
2863 2844 2820 2824 2817 2768 2717 2675 2653 2696 2721 2692 2648 2599 2581 2591 2620 2648 2655 2643 2647 2673 2693 2689 2673 2681 2718 2720 2713 2695 2687 2689 2668 2616 2593 2607 2633 2676 2695 2706 2703 2700 2728 2737 2743 2727 2677 2635 2626 2619 2620 2616 2621 2617 2603 2591 2594 2602 2603 2599 2592 2601 2609 2616 2616 2619 2626 2649 2702 2763 2826 2858 2865 2872 2870 2865 2863 2863 2861 2856 2851 2843
2882 2853 2813 2822 2840 2821 2769 2703 2670 2696 2704 2668 2622 2587 2578 2610 2622 2644 2674 2658 2646 2655 2652 2637 2621 2629 2663 2687 2680 2659 2649 2647 2640 2601 2586 2616 2663 2685 2696 2696 2704 2711 2701 2694 2721 2713 2660 2618 2613 2632 2633 2634 2615 2611 2593 2587 2613 2637 2649 2642 2630 2628 2634 2629 2629 2621 2609 2631 2687 2753 2807 2835 2841 2847 2850 2845 2846 2850 2853 2853 2847 2842
2903 2867 2822 2823 2854 2852 2819 2765 2724 2722 2710 2684 2656 2645 2656 2655 2645 2653 2684 2673 2637 2651 2645 2621 2602 2594 2616 2629 2639 2628 2610 2611 2601 2593 2598 2633 2664 2666 2669 2685 2701 2705 2680 2669 2701 2704 2674 2647 2646 2653 2648 2626 2615 2612 2611 2620 2659 2684 2706 2686 2659 2648 2640 2632 2623 2612 2617 2643 2699 2755 2796 2816 2831 2841 2838 2839 2842 2847 2849 2849 2849 2844
2919 2903 2868 2861 2877 2863 2847 2809 2765 2730 2726 2725 2726 2735 2736 2728 2691 2708 2743 2720 2696 2681 2659 2617 2573 2568 2572 2590 2603 2608 2600 2584 2590 2592 2611 2627 2645 2653 2668 2677 2689 2692 2681 2673 2692 2696 2687 2675 2669 2658 2636 2613 2604 2616 2635 2670 2719 2758 2754 2717 2670 2650 2636 2619 2607 2600 2613 2662 2712 2757 2785 2810 2825 2839 2843 2843 2847 2849 2848 2852 2853 2854
2945 2925 2908 2892 2876 2848 2820 2780 2734 2718 2742 2788 2805 2810 2811 2776 2776 2794 2815 2791 2745 2715 2650 2584 2555 2560 2574 2599 2638 2649 2648 2623 2609 2598 2591 2589 2605 2637 2663 2662 2655 2673 2687 2690 2700 2698 2693 2686 2671 2649 2627 2614 2604 2620 2650 2716 2793 2817 2791 2733 2686 2668 2652 2637 2621 2604 2610 2639 2692 2735 2774 2794 2824 2836 2841 2847 2847 2850 2852 2851 2860 2863
2938 2914 2892 2878 2857 2823 2801 2750 2708 2726 2787 2849 2865 2879 2866 2852 2849 2844 2827 2777 2726 2670 2611 2566 2558 2579 2607 2634 2682 2718 2723 2699 2671 2635 2599 2563 2572 2603 2628 2632 2643 2677 2689 2698 2700 2701 2703 2690 2678 2657 2636 2626 2622 2630 2674 2762 2839 2846 2798 2747 2720 2704 2688 2676 2666 2641 2617 2628 2660 2717 2753 2795 2815 2827 2836 2839 2845 2851 2846 2848 2853 2867
2914 2890 2857 2825 2806 2802 2790 2769 2759 2783 2850 2899 2918 2931 2924 2897 2879 2841 2779 2714 2656 2619 2590 2572 2582 2625 2643 2673 2723 2760 2779 2758 2745 2705 2655 2600 2559 2566 2580 2611 2648 2676 2678 2673 2679 2694 2698 2693 2683 2666 2648 2643 2653 2666 2717 2798 2874 2875 2826 2800 2788 2764 2732 2733 2716 2689 2659 2642 2671 2714 2764 2794 2816 2826 2830 2835 2842 2839 2842 2839 2849 2862
2904 2885 2834 2792 2781 2781 2797 2800 2815 2852 2896 2939 2957 2955 2927 2897 2856 2800 2727 2675 2631 2628 2620 2607 2633 2671 2716 2740 2778 2814 2809 2801 2790 2764 2715 2644 2583 2548 2561 2606 2647 2666 2659 2645 2664 2687 2698 2694 2692 2675 2663 2671 2701 2730 2772 2842 2895 2913 2891 2877 2856 2816 2797 2792 2774 2747 2713 2687 2691 2732 2772 2797 2808 2817 2825 2834 2831 2834 2837 2845 2853 2868
2879 2865 2827 2812 2823 2841 2832 2830 2839 2872 2915 2957 2973 2962 2927 2889 2846 2774 2719 2681 2680 2697 2693 2682 2702 2756 2801 2823 2837 2835 2834 2817 2814 2785 2749 2690 2621 2566 2560 2593 2627 2634 2631 2642 2661 2687 2697 2692 2683 2677 2673 2693 2733 2773 2825 2868 2910 2934 2944 2923 2887 2859 2848 2853 2837 2803 2765 2721 2703 2718 2748 2767 2773 2791 2810 2822 2829 2833 2841 2850 2865 2879
2827 2821 2824 2842 2887 2905 2886 2861 2862 2886 2930 2970 2986 2962 2919 2877 2829 2797 2760 2761 2770 2790 2775 2761 2788 2826 2864 2852 2832 2822 2804 2820 2815 2797 2766 2727 2660 2589 2556 2575 2583 2592 2603 2623 2658 2680 2682 2683 2680 2684 2698 2719 2741 2773 2816 2866 2901 2937 2956 2935 2905 2892 2906 2902 2865 2826 2784 2747 2722 2715 2728 2736 2739 2760 2784 2810 2821 2829 2837 2850 2874 2902
2790 2812 2836 2887 2931 2951 2936 2914 2906 2922 2949 2985 2995 2959 2897 2839 2814 2800 2828 2849 2859 2863 2844 2844 2861 2871 2868 2830 2780 2738 2741 2764 2778 2779 2777 2733 2674 2603 2551 2547 2556 2563 2592 2627 2666 2678 2678 2679 2692 2713 2760 2786 2795 2796 2826 2869 2909 2943 2961 2952 2921 2937 2933 2910 2863 2809 2779 2777 2766 2751 2746 2746 2749 2759 2783 2809 2817 2821 2819 2839 2875 2905
2811 2845 2882 2910 2955 2979 2974 2963 2953 2946 2967 2991 3000 2970 2904 2849 2811 2824 2843 2885 2912 2921 2907 2906 2905 2884 2855 2802 2736 2702 2674 2688 2699 2737 2753 2739 2686 2611 2564 2537 2555 2587 2626 2683 2718 2718 2699 2686 2689 2730 2786 2838 2854 2862 2877 2905 2931 2951 2970 2960 2964 2955 2943 2897 2844 2792 2790 2811 2813 2785 2780 2784 2769 2766 2781 2809 2826 2825 2827 2844 2863 2874
2861 2893 2910 2924 2954 2987 2997 2989 2970 2964 2980 3012 3018 2986 2949 2908 2877 2842 2858 2897 2939 2958 2949 2942 2929 2904 2870 2820 2772 2722 2696 2669 2647 2675 2724 2722 2695 2644 2590 2584 2614 2659 2707 2751 2788 2780 2742 2710 2697 2709 2767 2808 2840 2875 2893 2896 2896 2907 2929 2956 2971 2982 2947 2895 2838 2796 2802 2843 2845 2829 2827 2817 2795 2759 2759 2802 2833 2857 2871 2876 2861 2841
2902 2931 2954 2961 2985 3008 3008 2991 2964 2956 2986 3019 3019 3002 2984 2961 2934 2904 2902 2942 2970 2975 2959 2939 2917 2912 2898 2871 2829 2801 2764 2707 2648 2649 2664 2682 2683 2667 2642 2645 2689 2742 2779 2815 2844 2831 2793 2753 2727 2717 2726 2746 2777 2825 2843 2823 2807 2818 2858 2904 2956 2979 2965 2911 2858 2813 2835 2878 2897 2886 2878 2856 2801 2749 2730 2763 2822 2868 2899 2910 2874 2841
2933 2953 2978 3000 3016 3025 3018 3001 2980 2978 3004 3031 3034 3022 3012 2995 2977 2960 2968 2984 2982 2968 2936 2901 2881 2874 2879 2882 2876 2844 2817 2759 2699 2671 2659 2654 2659 2662 2673 2690 2730 2776 2825 2870 2892 2877 2840 2806 2771 2729 2706 2698 2727 2762 2788 2764 2727 2742 2772 2836 2906 2962 2969 2935 2883 2856 2872 2920 2947 2935 2913 2868 2813 2753 2719 2750 2804 2863 2912 2923 2913 2885
2974 2974 2989 3011 3029 3038 3034 3025 3019 3021 3031 3045 3042 3037 3028 3016 3011 3007 3007 3001 2978 2950 2932 2902 2871 2854 2844 2871 2870 2861 2836 2805 2761 2736 2711 2677 2665 2671 2715 2739 2757 2777 2832 2893 2931 2910 2874 2837 2794 2734 2686 2689 2716 2747 2784 2783 2759 2737 2755 2799 2876 2945 2980 2967 2930 2901 2919 2961 2972 2949 2904 2853 2801 2759 2736 2754 2800 2853 2895 2922 2933 2935
3007 3000 2998 3007 3024 3040 3047 3046 3046 3048 3050 3046 3039 3030 3018 3011 3020 3022 3013 2994 2970 2960 2942 2929 2907 2875 2851 2850 2862 2856 2854 2826 2805 2789 2768 2739 2701 2709 2763 2821 2815 2812 2851 2914 2929 2903 2850 2816 2782 2724 2697 2714 2754 2772 2817 2852 2834 2815 2803 2822 2872 2938 2990 2996 2977 2949 2963 2987 2982 2937 2884 2830 2800 2778 2770 2781 2794 2836 2872 2897 2932 2954
3028 3024 3011 3009 3024 3040 3050 3055 3057 3057 3053 3044 3034 3017 2998 2983 3003 3015 3014 3005 2984 2971 2956 2934 2906 2889 2857 2839 2831 2836 2837 2830 2821 2822 2822 2803 2763 2753 2806 2867 2886 2870 2898 2927 2920 2853 2785 2742 2728 2711 2709 2761 2807 2823 2853 2895 2904 2885 2866 2847 2870 2928 2985 3021 3011 3000 3005 3008 2977 2924 2873 2846 2823 2830 2830 2822 2813 2825 2861 2887 2916 2941
3042 3040 3027 3024 3031 3043 3051 3058 3061 3059 3051 3042 3030 3023 2995 2984 2986 3002 3002 2993 2985 2962 2930 2902 2886 2873 2866 2833 2823 2829 2845 2852 2853 2867 2869 2855 2828 2805 2836 2888 2924 2932 2943 2950 2907 2833 2739 2696 2691 2719 2757 2807 2850 2861 2886 2919 2944 2941 2907 2874 2876 2921 2985 3022 3037 3029 3028 3006 2968 2923 2896 2880 2876 2884 2889 2872 2838 2850 2876 2906 2914 2923
3047 3045 3043 3040 3046 3051 3058 3062 3064 3062 3054 3040 3034 3023 3010 2991 2992 2980 2984 2986 2973 2949 2923 2905 2889 2894 2878 2864 2846 2861 2881 2898 2903 2905 2910 2903 2878 2850 2843 2883 2931 2965 2981 2966 2919 2849 2773 2718 2715 2735 2783 2819 2854 2885 2912 2954 2982 2978 2952 2915 2909 2944 2992 3032 3043 3040 3024 3011 2980 2950 2937 2927 2920 2933 2930 2899 2862 2869 2906 2918 2906 2893
3050 3051 3054 3058 3061 3063 3066 3067 3067 3063 3057 3049 3038 3035 3029 3018 3006 3001 2997 2996 2990 2969 2947 2940 2933 2918 2907 2878 2889 2899 2932 2948 2943 2945 2939 2931 2907 2874 2849 2870 2930 2976 2999 2972 2925 2876 2820 2775 2736 2734 2757 2800 2847 2905 2950 2984 3008 3009 2987 2966 2969 2981 3024 3055 3057 3047 3040 3027 3016 2995 2970 2969 2955 2973 2967 2924 2888 2907 2922 2915 2873 2860
3061 3062 3066 3068 3069 3070 3071 3071 3069 3065 3061 3053 3048 3047 3041 3037 3031 3022 3017 3002 2987 2975 2966 2967 2952 2941 2916 2915 2918 2953 2979 2985 2968 2950 2935 2928 2914 2896 2882 2898 2943 2998 3019 3004 2960 2918 2883 2838 2784 2762 2775 2813 2869 2926 2963 2995 3019 3009 3002 2999 3000 3016 3041 3063 3070 3063 3057 3057 3046 3016 3004 2995 2994 3001 2983 2944 2928 2940 2939 2891 2838 2822
3074 3073 3073 3073 3074 3074 3074 3072 3070 3067 3064 3060 3055 3055 3055 3046 3044 3037 3022 3000 2986 2977 2980 2979 2979 2957 2943 2944 2970 2995 3012 2986 2951 2921 2915 2907 2920 2929 2921 2939 2962 3005 3038 3035 3011 2980 2947 2899 2847 2832 2832 2853 2901 2935 2967 3003 3014 3003 2993 3007 3019 3029 3052 3069 3072 3074 3072 3068 3054 3034 3025 3030 3024 3009 2977 2945 2957 2977 2945 2887 2830 2808
3081 3080 3078 3078 3077 3077 3076 3074 3072 3069 3068 3065 3061 3062 3058 3053 3048 3046 3037 3023 3016 3010 3008 3011 3012 2993 2973 2977 2999 3023 3016 2979 2938 2927 2926 2938 2953 2977 2985 2989 3006 3025 3054 3060 3045 3031 3006 2956 2914 2911 2903 2917 2941 2981 3002 3030 3041 3016 3014 3025 3025 3021 3038 3057 3069 3072 3079 3074 3064 3054 3052 3056 3039 3013 2961 2935 2962 2990 2961 2905 2869 2849
3086 3085 3083 3082 3080 3078 3077 3075 3074 3073 3070 3068 3065 3063 3059 3053 3054 3052 3053 3046 3040 3039 3025 3019 3023 3026 3011 3017 3035 3048 3040 3005 2980 2970 2972 2966 2995 3017 3034 3046 3051 3062 3070 3062 3056 3057 3051 3015 2985 2983 2971 2965 2990 3006 3037 3062 3063 3048 3047 3047 3024 3006 3019 3035 3058 3073 3078 3082 3077 3071 3065 3057 3038 3012 2970 2944 2977 3011 2997 2965 2931 2910
3085 3088 3086 3083 3081 3079 3077 3076 3075 3074 3074 3072 3069 3069 3065 3063 3060 3062 3059 3052 3048 3046 3034 3017 3030 3042 3047 3051 3058 3070 3069 3052 3031 3005 2998 2991 3010 3047 3053 3077 3085 3088 3082 3060 3043 3060 3073 3057 3043 3042 3024 3018 3015 3030 3052 3073 3078 3072 3069 3065 3046 3030 3031 3046 3058 3074 3083 3085 3084 3077 3066 3039 3014 2989 2962 2955 2989 3025 3032 3007 2973 2923
3091 3089 3086 3084 3082 3080 3079 3078 3077 3076 3075 3074 3074 3074 3073 3073 3072 3068 3067 3062 3056 3058 3055 3041 3046 3062 3068 3061 3070 3078 3082 3077 3054 3038 3024 3024 3049 3058 3066 3081 3097 3100 3091 3067 3049 3063 3072 3066 3072 3081 3070 3066 3064 3065 3078 3088 3085 3083 3083 3079 3072 3065 3067 3062 3069 3079 3083 3086 3087 3084 3064 3030 2998 2978 2970 2979 3018 3046 3043 3010 2956 2891
3092 3089 3087 3085 3084 3082 3081 3080 3078 3077 3076 3076 3076 3077 3077 3078 3077 3074 3072 3069 3066 3067 3067 3066 3068 3071 3071 3074 3076 3086 3092 3090 3084 3073 3077 3071 3083 3083 3080 3090 3105 3105 3102 3090 3082 3082 3075 3063 3080 3099 3101 3099 3099 3097 3099 3097 3092 3091 3090 3089 3087 3084 3085 3081 3079 3082 3085 3086 3086 3080 3056 3032 3011 3006 2999 3018 3045 3057 3044 3001 2937 2887
3092 3090 3088 3087 3085 3084 3083 3081 3080 3079 3078 3077 3078 3077 3079 3080 3080 3078 3076 3075 3075 3073 3076 3076 3077 3078 3080 3080 3088 3092 3094 3099 3101 3107 3107 3104 3103 3101 3095 3107 3112 3112 3108 3109 3106 3111 3101 3092 3103 3118 3116 3116 3114 3110 3107 3104 3100 3098 3095 3094 3093 3092 3093 3090 3087 3087 3085 3084 3082 3075 3065 3049 3047 3047 3041 3044 3060 3067 3051 3014 2972 2933
3093 3091 3089 3088 3087 3085 3084 3083 3081 3080 3079 3079 3078 3078 3080 3082 3083 3082 3080 3080 3080 3080 3080 3081 3081 3082 3085 3088 3092 3094 3099 3101 3106 3115 3119 3110 3110 3105 3107 3114 3118 3117 3117 3117 3119 3122 3122 3121 3127 3126 3124 3122 3121 3117 3113 3110 3107 3103 3100 3096 3096 3096 3095 3094 3091 3088 3086 3085 3083 3081 3075 3075 3073 3072 3067 3065 3071 3069 3062 3043 3017 2999
3094 3093 3091 3090 3088 3086 3085 3084 3083 3082 3081 3081 3081 3080 3082 3083 3084 3084 3084 3083 3084 3084 3083 3084 3085 3086 3088 3091 3094 3097 3100 3101 3105 3114 3116 3115 3113 3113 3119 3122 3123 3121 3121 3123 3123 3125 3129 3130 3131 3130 3127 3127 3125 3122 3118 3115 3111 3109 3103 3101 3100 3098 3097 3096 3091 3088 3085 3084 3082 3081 3080 3076 3074 3073 3072 3071 3073 3071 3070 3062 3052 3044
3096 3094 3093 3092 3090 3088 3086 3085 3085 3084 3083 3083 3082 3080 3079 3084 3085 3086 3086 3086 3086 3086 3086 3087 3087 3088 3090 3093 3096 3100 3103 3105 3108 3116 3119 3116 3120 3125 3125 3126 3126 3124 3124 3125 3126 3128 3129 3131 3132 3131 3129 3128 3127 3124 3121 3117 3114 3110 3107 3104 3102 3103 3101 3097 3092 3085 3081 3079 3077 3076 3072 3067 3060 3060 3060 3066 3068 3070 3068 3064 3060 3057
3096 3095 3094 3093 3091 3090 3088 3087 3087 3086 3086 3084 3081 3075 3074 3079 3085 3086 3087 3087 3087 3088 3088 3089 3089 3090 3092 3095 3098 3102 3105 3109 3112 3117 3119 3121 3124 3126 3127 3127 3126 3126 3126 3126 3127 3127 3128 3129 3131 3131 3131 3129 3128 3126 3123 3120 3116 3111 3107 3107 3111 3110 3108 3104 3097 -9999 -9999 -9999 -9999 -9999 -9999 -9999 3054 3053 3060 3063 3067 3065 3060 3055 3051 3050
3095 3094 3094 3093 3092 3090 3089 3088 3088 3088 3087 3086 3083 3076 3072 3079 3084 3087 3087 3088 3088 3089 3090 3091 3091 3092 3093 3097 3100 3103 3107 3110 3114 3117 3119 3121 3123 3125 3125 3125 3126 3126 3126 3127 3126 3127 3128 3130 3131 3132 3132 3130 3129 3122 3126 3122 3116 3111 3112 3117 3117 3117 3112 3107 -9999 -9999 -9999 -9999 -9999 -9999 -9999 -9999 -9999 3060 3066 3071 3069 -9999 -9999 -9999 3052 3055
3094 3094 3093 3093 3092 3090 3090 3089 3089 3089 3089 3088 3085 3080 3075 3079 3084 3087 3088 3089 3089 3090 3091 3092 3094 3095 3096 3099 3102 3106 3108 3112 3115 3118 3120 3122 3123 3124 3124 3125 3126 3126 3126 3126 3127 3129 3133 3137 3139 3137 3136 3134 3125 3124 3117 3118 3120 3118 3123 3123 3122 3118 3114 -9999 -9999 -9999 -9999 -9999 -9999 -9999 -9999 -9999 -9999 -9999 3076 3075 -9999 -9999 -9999 -9999 -9999 -9999
3094 3094 3093 3093 3092 3091 3091 3090 3090 3090 3090 3089 3088 3083 3081 3083 3087 3089 3089 3090 3090 3091 3092 3094 3096 3097 3099 3101 3105 3107 3111 3113 3116 3119 3120 3122 3123 3124 3124 3125 3126 3127 3126 3128 3132 3137 3142 3144 3144 3142 -9999 -9999 -9999 -9999 3109 3112 3119 3128 3132 3130 3124 3119 -9999 -9999 -9999 -9999 -9999 -9999 -9999 -9999 -9999 -9999 -9999 -9999 -9999 -9999 -9999 -9999 -9999 -9999 -9999 -9999
