Data/tmax/PRISM_tmax_pr_1963-1995_normal_450mM1_05_asc.asc
ncols 557
nrows 164
xllcorner -67.31875000000
yllcorner 17.86875000000
cellsize 0.00416666667
NODATA_value -9999
[rows 36 to 71 of 164, columns 0 to 81 of 557]
-9999 -9999 -9999 -9999 -9999 -9999 -9999 -9999 -9999 -9999 -9999 -9999 -9999 -9999 -9999 -9999 -9999 -9999 -9999 -9999 -9999 -9999 -9999 -9999 -9999 -9999 3109 3103 3095 3088 3091 3092 3094 3089 3086 3086 3090 3096 3102 3116 3125 3124 3132 3132 3133 3133 3126 3125 3114 3109 3102 3096 3083 3080 3075 3067 3051 3042 3034 3022 3012 3018 3015 3015 3001 2992 2985 2989 2982 2985 2987 2994 3002 3010 3003 2989 2972 2967 2967 2972 2978 2983
-9999 -9999 -9999 -9999 -9999 -9999 -9999 -9999 -9999 -9999 -9999 -9999 -9999 -9999 -9999 -9999 -9999 -9999 -9999 -9999 -9999 -9999 -9999 -9999 3106 3102 3101 3094 3088 3092 3093 3097 3095 3091 3086 3091 3099 3106 3116 3126 3135 3135 3136 3137 3138 3139 3143 3142 3144 3138 3138 3129 3124 3117 3115 3111 3097 3084 3075 3056 3058 3057 3065 3059 3050 3030 3022 3021 3025 3022 3026 3031 3038 3046 3044 3024 3003 2989 2984 2985 2991 2997
-9999 -9999 -9999 -9999 -9999 -9999 -9999 -9999 -9999 -9999 -9999 -9999 -9999 -9999 -9999 -9999 -9999 -9999 -9999 -9999 -9999 3108 3105 3101 3100 3095 3089 3088 3090 3093 3095 3097 3094 3088 3090 3096 3107 3116 3124 3134 3136 3135 3135 3137 3138 3140 3142 3148 3150 3151 3149 3152 3149 3149 3151 3146 3137 3123 3109 3100 3100 3106 3104 3101 3090 3077 3065 3070 3079 3072 3070 3072 3082 3090 3089 3078 3052 3036 3023 3019 3016 3018
-9999 -9999 -9999 -9999 -9999 -9999 -9999 -9999 -9999 -9999 -9999 -9999 -9999 -9999 -9999 -9999 -9999 3101 3103 3104 3107 3105 3100 3096 3092 3090 3089 3088 3091 3094 3096 3094 3091 3090 3095 3107 3117 3123 3129 3134 3135 3135 3136 3137 3138 3138 3143 3145 3150 3153 3153 3156 3159 3160 3161 3160 3152 3144 3139 3138 3143 3147 3147 3141 3133 3119 3116 3121 3121 3123 3112 3124 3135 3140 3140 3122 3104 3081 3072 3057 3048 3048
-9999 -9999 -9999 -9999 -9999 -9999 -9999 -9999 -9999 -9999 -9999 -9999 -9999 3098 3099 3099 3100 3100 3103 3107 3109 3104 3098 3094 3094 3095 3093 3094 3096 3098 3098 3098 3091 3092 3102 3112 3122 3128 3130 3133 3133 3134 3134 3135 3136 3137 3140 3147 3153 3155 3158 3158 3157 3158 3159 3157 3157 3156 3162 3168 3179 3184 3189 3185 3174 3164 3159 3167 3164 3155 3160 3166 3181 3182 3174 3161 3137 3127 3114 3101 3090 3088
-9999 -9999 -9999 -9999 -9999 -9999 -9999 -9999 -9999 -9999 -9999 -9999 3097 3098 3098 3099 3101 3103 3106 3109 3104 3100 3095 3094 3095 3097 3098 3098 3100 3101 3105 3103 3101 3101 3105 3117 3124 3129 3132 3131 3133 3133 3132 3131 3129 3131 3138 3147 3156 3158 3151 3149 3150 3150 3154 3156 3159 3167 3175 3186 3198 3206 3212 3213 3206 3195 3204 3200 3187 3186 3181 3189 3190 3188 3178 3168 3161 3151 3143 3132 3123 3119
-9999 -9999 -9999 -9999 -9999 -9999 -9999 -9999 -9999 -9999 -9999 3098 3098 3096 3098 3098 3099 3101 3106 3102 3098 3090 3091 3091 3091 3097 3100 3102 3101 3104 3105 3108 3105 3105 3109 3116 3123 3128 3130 3131 3132 3132 3129 3127 3124 3122 3131 3145 3156 3152 3145 3136 3135 3142 3148 3157 3170 3176 3184 3195 3208 3217 3224 3225 3225 3222 3225 3222 3204 3204 3204 3190 3181 3173 3174 3168 3170 3164 3155 3147 3142 3136
-9999 -9999 -9999 -9999 -9999 -9999 -9999 -9999 -9999 -9999 3099 3098 3091 3088 3084 3079 3085 3087 3091 3096 3090 3088 3086 3087 3090 3096 3100 3100 3100 3100 3106 3106 3105 3102 3105 3114 3120 3123 3127 3128 3129 3126 3124 3125 3122 3117 3127 3143 3154 3158 3149 3141 3137 3142 3151 3169 3183 3190 3192 3199 3213 3226 3231 3231 3232 3232 3238 3234 3223 3230 3222 3199 3170 3175 3173 3169 3175 3166 3159 3153 3154 3151
-9999 -9999 -9999 -9999 -9999 -9999 -9999 -9999 -9999 3099 3101 3094 3080 3063 3055 3052 3051 3064 3076 3086 3086 3084 3084 3083 3089 3096 3097 3095 3091 3095 3098 3105 3102 3101 3103 3112 3111 3118 3121 3123 3125 3123 3117 3120 3120 3114 3122 3136 3151 3162 3168 3163 3162 3165 3175 3187 3201 3204 3205 3212 3221 3227 3237 3235 3237 3237 3244 3240 3235 3241 3237 3208 3191 3191 3187 3169 3174 3179 3169 3171 3170 3160
-9999 -9999 -9999 -9999 -9999 -9999 -9999 -9999 3100 3103 3104 3097 3074 3051 3041 3027 3032 3040 3061 3070 3076 3072 3078 3081 3087 3092 3095 3091 3089 3087 3096 3101 3104 3103 3107 3103 3101 3106 3112 3109 3121 3121 3113 3118 3118 3111 3117 3132 3145 3159 3170 3176 3181 3189 3195 3204 3210 3216 3223 3228 3230 3238 3240 3245 3243 3245 3245 3244 3239 3245 3243 3229 3217 3221 3198 3172 3188 3201 3200 3190 3174 3156
-9999 -9999 -9999 -9999 -9999 -9999 -9999 -9999 -9999 3105 3108 3104 3087 3062 3049 3040 3029 3037 3044 3053 3050 3067 3075 3081 3085 3089 3090 3091 3085 3084 3087 3096 3097 3099 3098 3100 3093 3098 3097 3102 3112 3120 3114 3113 3119 3115 3125 3137 3147 3156 3161 3170 3180 3188 3197 3202 3206 3211 3221 3230 3240 3242 3252 3252 3257 3253 3253 3246 3246 3250 3248 3242 3237 3238 3217 3196 3209 3219 3204 3178 3151 3132
-9999 -9999 -9999 -9999 -9999 -9999 -9999 -9999 -9999 -9999 3108 3108 3094 3076 3059 3052 3049 3045 3040 3033 3046 3065 3081 3084 3083 3084 3086 3089 3082 3074 3080 3079 3077 3080 3091 3094 3093 3089 3094 3099 3115 3120 3111 3110 3111 3118 3130 3139 3146 3152 3158 3165 3175 3184 3193 3196 3194 3205 3214 3228 3238 3245 3249 3255 3260 3259 3254 3251 3252 3254 3253 3246 3246 3249 3239 3227 3231 3227 3196 3159 3127 3112
-9999 -9999 -9999 -9999 -9999 -9999 -9999 -9999 -9999 -9999 3108 3107 3107 3088 3079 3069 3066 3057 3043 3031 3043 3064 3084 3082 3085 3079 3082 3085 3077 3071 3061 3059 3059 3073 3082 3095 3086 3085 3094 3111 3121 3121 3114 3109 3112 3123 3134 3136 3138 3146 3153 3162 3176 3188 3198 3199 3201 3204 3214 3226 3230 3232 3235 3247 3254 3260 3258 3256 3256 3256 3255 3251 3249 3251 3250 3242 3243 3233 3203 3163 3129 3114
-9999 -9999 -9999 -9999 -9999 -9999 -9999 -9999 -9999 -9999 -9999 3107 3108 3106 3095 3088 3078 3071 3051 3042 3037 3064 3075 3083 3083 3079 3075 3081 3070 3059 3058 3058 3064 3070 3087 3081 3083 3088 3107 3117 3122 3121 3117 3110 3115 3126 3136 3132 3135 3142 3150 3166 3179 3192 3198 3204 3205 3210 3217 3220 3224 3223 3228 3234 3247 3253 3258 3253 3247 3252 3249 3254 3249 3251 3251 3250 3247 3242 3222 3196 3169 3153
-9999 -9999 -9999 -9999 -9999 -9999 -9999 -9999 -9999 -9999 -9999 -9999 3108 3109 3109 3101 3094 3082 3071 3050 3054 3058 3073 3079 3075 3075 3069 3055 3052 3052 3059 3069 3078 3078 3071 3074 3078 3096 3115 3119 3112 3117 3113 3113 3117 3127 3134 3137 3144 3155 3166 3176 3186 3187 3188 3197 3209 3213 3210 3220 3216 3221 3219 3226 3236 3243 3248 3240 3231 3231 3240 3241 3243 3237 3249 3252 3250 3244 3236 3226 3212 3202
-9999 -9999 -9999 -9999 -9999 -9999 -9999 -9999 -9999 -9999 -9999 -9999 3107 3107 3109 3109 3105 3096 3082 3075 3062 3066 3067 3061 3068 3068 3056 3046 3027 3034 3042 3063 3070 3069 3067 3061 3068 3092 3114 3113 3108 3108 3115 3118 3124 3130 3134 3138 3149 3161 3169 3177 3178 3178 3178 3194 3202 3204 3211 3204 3208 3212 3211 3214 3224 3232 3234 3230 3217 3220 3220 3232 3230 3229 3238 3250 3250 3244 3241 3239 3233 3227
-9999 -9999 -9999 -9999 -9999 -9999 -9999 -9999 -9999 -9999 -9999 -9999 -9999 3105 3107 3108 3107 3101 3092 3082 3076 3069 3057 3051 3051 3059 3053 3033 3023 3004 3005 3021 3042 3054 3062 3059 3064 3087 3108 3112 3108 3109 3116 3123 3128 3131 3133 3136 3139 3148 3157 3164 3169 3167 3174 3182 3188 3195 3190 3190 3189 3200 3207 3206 3212 3217 3228 3227 3217 3209 3212 3216 3224 3222 3229 3241 3245 3242 3241 3241 3238 3233
-9999 -9999 -9999 -9999 -9999 -9999 -9999 -9999 -9999 -9999 -9999 -9999 -9999 3103 3104 3107 3108 3107 3102 3094 3087 3077 3064 3051 3044 3045 3038 3034 3013 2992 2975 2986 3002 3023 3044 3052 3068 3084 3104 3112 3108 3109 3113 3123 3128 3126 3127 3125 3127 3133 3146 3155 3153 3155 3161 3171 3171 3179 3183 3169 3174 3192 3199 3195 3203 3211 3218 3225 3218 3209 3204 3212 3217 3214 3222 3231 3234 3232 3234 3237 3231 3226
-9999 -9999 -9999 -9999 -9999 -9999 -9999 -9999 -9999 -9999 -9999 -9999 -9999 -9999 3104 3104 3107 3110 3110 3101 3096 3092 3082 3068 3060 3051 3036 3029 3011 2975 2955 2950 2962 2985 3017 3042 3066 3087 3096 3103 3107 3107 3113 3120 3122 3121 3123 3124 3124 3134 3137 3133 3132 3139 3149 3157 3163 3172 3169 3159 3164 3176 3182 3191 3190 3204 3213 3216 3212 3201 3205 3206 3210 3212 3210 3220 3221 3217 3220 3227 3219 3217
-9999 -9999 -9999 -9999 -9999 -9999 -9999 -9999 -9999 -9999 -9999 -9999 -9999 -9999 -9999 3104 3105 3109 3109 3104 3099 3099 3092 3086 3074 3067 3060 3044 3024 2985 2945 2933 2939 2968 3005 3037 3064 3083 3087 3099 3109 3120 3121 3123 3120 3113 3120 3134 3139 3140 3132 3117 3116 3124 3139 3144 3151 3154 3156 3145 3153 3161 3172 3171 3186 3181 3194 3208 3208 3192 3195 3201 3204 3200 3200 3201 3201 3202 3207 3213 3211 3203
-9999 -9999 -9999 -9999 -9999 -9999 -9999 -9999 -9999 -9999 -9999 -9999 -9999 -9999 -9999 3103 3104 3106 3107 3102 3101 3100 3099 3089 3072 3067 3049 3044 3021 2988 2943 2918 2922 2959 2999 3034 3070 3090 3098 3117 3130 3139 3141 3134 3115 3109 3118 3129 3148 3158 3154 3129 3116 3118 3124 3126 3128 3135 3133 3135 3138 3143 3146 3159 3157 3163 3179 3199 3200 3185 3184 3192 3197 3197 3195 3190 3191 3189 3197 3202 3200 3196
-9999 -9999 -9999 -9999 -9999 -9999 -9999 -9999 -9999 -9999 -9999 -9999 -9999 -9999 -9999 -9999 3104 3104 3105 3102 3099 3098 3094 3080 3067 3048 3041 3025 3026 2997 2970 2940 2941 2967 3012 3050 3089 3107 3122 3133 3148 3153 3157 3144 3131 3127 3129 3136 3146 3178 3178 3153 3130 3126 3120 3119 3111 3105 3116 3120 3122 3116 3113 3117 3136 3144 3165 3189 3193 3181 3179 3183 3187 3195 3193 3191 3182 3182 3184 3190 3186 3182
-9999 -9999 -9999 -9999 -9999 -9999 -9999 -9999 -9999 -9999 -9999 -9999 -9999 -9999 -9999 -9999 3103 3103 3103 3101 3092 3085 3078 3069 3053 3050 3045 3045 3044 3043 3026 3013 2998 3018 3050 3084 3118 3139 3139 3154 3153 3161 3155 3147 3132 3148 3157 3144 3159 3185 3192 3165 3152 3135 3125 3108 3103 3100 3109 3119 3120 3108 3099 3104 3124 3134 3150 3167 3185 3180 3170 3173 3181 3187 3194 3189 3185 3181 3179 3179 3176 3166
-9999 -9999 -9999 -9999 -9999 -9999 -9999 -9999 -9999 -9999 -9999 -9999 -9999 -9999 -9999 -9999 -9999 3103 3103 3097 3089 3081 3074 3069 3053 3058 3065 3070 3080 3079 3083 3077 3062 3069 3091 3121 3141 3152 3157 3160 3165 3165 3168 3154 3148 3169 3171 3156 3164 3195 3193 3182 3159 3134 3101 3088 3097 3108 3114 3127 3120 3116 3115 3127 3153 3161 3158 3169 3192 3188 3167 3158 3168 3183 3186 3180 3176 3175 3172 3174 3168 3162
-9999 -9999 -9999 -9999 -9999 -9999 -9999 -9999 -9999 -9999 -9999 -9999 -9999 -9999 -9999 -9999 -9999 -9999 3102 3103 3097 3092 3093 3079 3079 3075 3089 3094 3099 3103 3113 3115 3111 3113 3132 3146 3163 3164 3164 3166 3170 3178 3178 3175 3172 3178 3176 3158 3167 3191 3207 3180 3163 3117 3081 3077 3092 3114 3130 3142 3136 3120 3125 3138 3171 3188 3188 3191 3203 3194 3164 3150 3149 3161 3166 3164 3160 3163 3169 3169 3169 3161
-9999 -9999 -9999 -9999 -9999 -9999 -9999 -9999 -9999 -9999 -9999 -9999 -9999 -9999 -9999 -9999 -9999 -9999 -9999 3102 3102 3102 3098 3103 3097 3108 3116 3116 3118 3119 3125 3133 3135 3140 3146 3158 3170 3172 3170 3170 3174 3182 3187 3192 3188 3196 3187 3173 3170 3189 3199 3201 3159 3128 3103 3098 3096 3102 3126 3153 3146 3123 3116 3140 3173 3211 3221 3219 3218 3202 3178 3155 3147 3145 3147 3147 3149 3153 3160 3168 3163 3159
-9999 -9999 -9999 -9999 -9999 -9999 -9999 -9999 -9999 -9999 -9999 -9999 -9999 -9999 -9999 -9999 -9999 -9999 -9999 -9999 3102 3104 3106 3104 3113 3115 3123 3126 3129 3130 3133 3135 3143 3148 3152 3157 3169 3178 3176 3175 3176 3182 3190 3195 3200 3204 3205 3195 3184 3193 3216 3211 3196 3167 3158 3146 3120 3113 3122 3165 3157 3137 3135 3158 3198 3221 3236 3234 3228 3199 3173 3166 3160 3158 3157 3148 3141 3145 3144 3145 3146 3147
-9999 -9999 -9999 -9999 -9999 -9999 -9999 -9999 -9999 -9999 -9999 -9999 -9999 -9999 -9999 -9999 -9999 -9999 -9999 -9999 -9999 3108 3110 3113 3113 3118 3124 3129 3132 3135 3136 3138 3143 3153 3156 3161 3171 3173 3181 3179 3177 3181 3188 3195 3201 3206 3208 3205 3201 3209 3227 3236 3226 3213 3207 3187 3157 3138 3148 3181 3193 3178 3176 3211 3225 3235 3221 3229 3219 3187 3168 3169 3181 3192 3170 3152 3145 3142 3133 3129 3136 3129
-9999 -9999 -9999 -9999 -9999 -9999 -9999 -9999 -9999 -9999 -9999 -9999 -9999 -9999 -9999 -9999 -9999 -9999 -9999 -9999 -9999 -9999 -9999 -9999 -9999 -9999 3131 3132 3134 3137 3142 3141 3150 3154 3163 3168 3172 3178 3179 3182 3179 3180 3188 3196 3201 3205 3206 3204 3209 3220 3233 3238 3244 3247 3236 3220 3192 3185 3190 3216 3223 3217 3217 3230 3234 3219 3205 3213 3217 3196 3193 3196 3213 3206 3193 3171 3172 3175 3166 3157 3159 3161
-9999 -9999 -9999 -9999 -9999 -9999 -9999 -9999 -9999 -9999 -9999 -9999 -9999 -9999 -9999 -9999 -9999 -9999 -9999 -9999 -9999 -9999 -9999 -9999 -9999 -9999 -9999 -9999 3148 3141 3143 3150 3152 3160 3161 3170 3177 3178 3184 3184 3182 3182 3187 3195 3200 3203 3206 3208 3212 3223 3223 3227 3238 3244 3252 3234 3230 3232 3221 3231 3227 3221 3218 3218 3203 3189 3172 3173 3178 3178 3193 3206 3202 3212 3205 3201 3195 3197 3188 3192 3195 3194
-9999 -9999 -9999 -9999 -9999 -9999 -9999 -9999 -9999 -9999 -9999 -9999 -9999 -9999 -9999 -9999 -9999 -9999 -9999 -9999 -9999 -9999 -9999 -9999 -9999 -9999 -9999 -9999 3161 3157 3147 3151 3159 3161 3167 3169 3178 3182 3183 3185 3184 3182 3186 3191 3198 3203 3205 3210 3216 3220 3217 3220 3224 3235 3222 3221 3227 3234 3234 3220 3204 3193 3185 3180 3165 3168 3148 3136 3122 3139 3161 3174 3168 3170 3186 3188 3180 3159 3163 3178 3181 3192
-9999 -9999 -9999 -9999 -9999 -9999 -9999 -9999 -9999 -9999 -9999 -9999 -9999 -9999 -9999 -9999 -9999 -9999 -9999 -9999 -9999 -9999 -9999 -9999 -9999 -9999 -9999 -9999 3179 3167 3155 3154 3158 3165 3168 3174 3181 3182 3184 3184 3186 3185 3184 3189 3193 3199 3202 3203 3208 3210 3213 3214 3224 3219 3217 3195 3201 3209 3210 3217 3200 3169 3153 3133 3130 3141 3128 3108 3094 3099 3128 3134 3124 3131 3150 3170 3160 3139 3128 3132 3144 3144
-9999 -9999 -9999 -9999 -9999 -9999 -9999 -9999 -9999 -9999 -9999 -9999 -9999 -9999 -9999 -9999 -9999 -9999 -9999 -9999 -9999 -9999 -9999 -9999 -9999 -9999 -9999 -9999 -9999 3176 3166 3155 3159 3165 3171 3178 3182 3186 3184 3185 3186 3187 3187 3186 3190 3193 3193 3193 3192 3198 3199 3204 3204 3212 3214 3204 3184 3177 3182 3193 3192 3175 3141 3117 3103 3108 3106 3097 3078 3078 3077 3086 3087 3098 3118 3140 3147 3135 3108 3115 3102 3117
-9999 -9999 -9999 -9999 -9999 -9999 -9999 -9999 -9999 -9999 -9999 -9999 -9999 -9999 -9999 -9999 -9999 -9999 -9999 -9999 -9999 -9999 -9999 -9999 -9999 -9999 -9999 -9999 -9999 3188 3175 3169 3162 3166 3174 3178 3183 3186 3187 3185 3185 3186 3188 3187 3187 3190 3194 3189 3187 3187 3189 3186 3179 3178 3198 3202 3192 3167 3157 3161 3166 3157 3139 3110 3092 3083 3076 3071 3070 3049 3034 3048 3069 3091 3105 3118 3127 3115 3099 3091 3093 3104
-9999 -9999 -9999 -9999 -9999 -9999 -9999 -9999 -9999 -9999 -9999 -9999 -9999 -9999 -9999 -9999 -9999 -9999 -9999 -9999 -9999 -9999 -9999 -9999 -9999 -9999 -9999 -9999 -9999 -9999 3188 3178 3174 3169 3174 3180 3182 3190 3191 3186 3185 3185 3186 3188 3187 3188 3190 3189 3187 3182 3174 3166 3148 3137 3157 3184 3184 3180 3149 3126 3115 3109 3109 3104 3085 3080 3062 3063 3053 3045 3021 3030 3062 3089 3103 3105 3106 3098 3078 3079 3087 3113
-9999 -9999 -9999 -9999 -9999 -9999 -9999 -9999 -9999 -9999 -9999 -9999 -9999 -9999 -9999 -9999 -9999 -9999 -9999 -9999 -9999 -9999 -9999 -9999 -9999 -9999 -9999 -9999 -9999 -9999 -9999 3191 3182 3179 3174 3180 3185 3191 3194 3190 3186 3184 3185 3185 3185 3183 3183 3182 3180 3170 3158 3140 3123 3097 3111 3134 3163 3170 3156 3129 3101 3089 3093 3090 3090 3076 3069 3048 3047 3039 3015 3030 3059 3085 3089 3096 3091 3082 3064 3071 3094 3120
