Data/tmax/PRISM_tmax_pr_1963-1995_normal_450mM1_08_asc.asc
ncols 557
nrows 164
xllcorner -67.31875000000
yllcorner 17.86875000000
cellsize 0.00416666667
NODATA_value -9999
[rows 108 to 143 of 164, columns 246 to 327 of 557]
2995 2975 2949 2951 2944 2892 2839 2796 2773 2816 2843 2814 2769 2720 2702 2714 2743 2773 2781 2769 2774 2803 2825 2822 2808 2818 2854 2858 2854 2838 2830 2830 2804 2754 2724 2732 2751 2785 2800 2807 2800 2794 2817 2827 2824 2802 2743 2696 2685 2679 2676 2673 2678 2675 2659 2651 2652 2664 2667 2662 2656 2666 2678 2685 2685 2689 2698 2724 2780 2842 2908 2944 2955 2964 2961 2957 2955 2956 2954 2949 2945 2937
3014 2984 2943 2951 2967 2947 2892 2825 2791 2817 2826 2789 2743 2708 2699 2732 2745 2768 2800 2784 2773 2784 2782 2768 2754 2764 2798 2822 2817 2797 2786 2785 2770 2722 2704 2727 2769 2787 2793 2789 2792 2795 2779 2768 2794 2778 2722 2677 2671 2689 2691 2691 2672 2668 2652 2648 2679 2702 2715 2709 2697 2696 2702 2697 2697 2689 2679 2706 2764 2829 2887 2919 2928 2934 2938 2933 2935 2941 2945 2945 2940 2935
3035 2997 2952 2951 2983 2979 2944 2888 2847 2845 2833 2807 2777 2766 2779 2780 2770 2778 2811 2799 2764 2778 2774 2749 2730 2725 2749 2763 2772 2757 2743 2739 2723 2705 2702 2733 2762 2760 2757 2771 2780 2780 2749 2736 2766 2767 2737 2707 2704 2711 2705 2683 2670 2669 2671 2688 2728 2754 2774 2757 2729 2717 2709 2700 2691 2679 2686 2716 2774 2831 2874 2898 2915 2926 2923 2926 2929 2936 2939 2940 2941 2937
3051 3034 2998 2990 3005 2991 2971 2932 2888 2852 2849 2847 2848 2856 2860 2853 2817 2835 2870 2847 2822 2807 2786 2742 2697 2692 2700 2721 2733 2736 2724 2709 2707 2698 2709 2720 2732 2739 2751 2754 2764 2762 2749 2737 2757 2760 2750 2737 2729 2717 2694 2668 2659 2672 2700 2740 2791 2828 2825 2789 2742 2720 2705 2687 2674 2667 2681 2731 2786 2832 2863 2890 2906 2922 2927 2928 2933 2936 2936 2942 2944 2946
3078 3057 3038 3020 3003 2972 2942 2902 2855 2839 2862 2910 2927 2933 2935 2902 2901 2921 2943 2918 2870 2839 2774 2707 2675 2679 2694 2722 2764 2774 2773 2748 2729 2707 2687 2675 2686 2714 2735 2732 2720 2742 2755 2756 2763 2762 2757 2748 2732 2707 2684 2670 2658 2682 2715 2788 2865 2889 2862 2806 2758 2739 2721 2707 2689 2672 2676 2707 2763 2810 2851 2871 2904 2917 2923 2930 2932 2935 2940 2939 2950 2954
3069 3043 3020 3004 2979 2944 2920 2872 2828 2845 2907 2971 2988 3003 2991 2978 2974 2970 2954 2903 2850 2793 2731 2684 2675 2693 2723 2753 2805 2842 2848 2825 2798 2749 2701 2655 2650 2674 2696 2695 2706 2745 2756 2763 2766 2765 2767 2752 2740 2716 2693 2683 2683 2694 2746 2833 2912 2920 2873 2820 2793 2776 2760 2747 2735 2708 2686 2696 2730 2789 2828 2871 2893 2906 2916 2921 2928 2935 2931 2934 2941 2957
3041 3014 2980 2947 2926 2919 2908 2888 2878 2902 2969 3020 3040 3054 3048 3022 3003 2966 2904 2839 2780 2738 2706 2685 2693 2738 2757 2790 2842 2883 2904 2885 2869 2823 2763 2697 2644 2639 2644 2673 2710 2742 2744 2736 2742 2757 2761 2757 2745 2727 2707 2704 2715 2734 2787 2869 2947 2950 2902 2874 2861 2837 2805 2806 2787 2759 2728 2711 2741 2787 2838 2869 2893 2904 2908 2914 2924 2922 2926 2923 2934 2949
3024 3003 2950 2908 2896 2895 2910 2915 2931 2969 3013 3056 3075 3074 3046 3019 2977 2920 2849 2796 2750 2745 2733 2718 2744 2783 2829 2856 2896 2935 2934 2927 2911 2876 2820 2745 2674 2626 2627 2666 2709 2730 2722 2706 2725 2750 2761 2757 2756 2736 2725 2734 2766 2797 2841 2912 2967 2988 2966 2951 2930 2890 2870 2865 2846 2819 2784 2758 2761 2804 2847 2872 2884 2893 2901 2911 2910 2915 2919 2928 2937 2955
2991 2975 2938 2924 2937 2953 2943 2941 2951 2983 3026 3068 3086 3075 3042 3005 2964 2890 2836 2796 2795 2811 2806 2794 2812 2867 2913 2936 2952 2951 2953 2935 2932 2894 2845 2781 2707 2644 2626 2653 2686 2694 2690 2702 2723 2750 2761 2756 2746 2739 2736 2759 2799 2841 2894 2939 2982 3007 3019 2997 2960 2934 2921 2926 2909 2875 2837 2792 2774 2789 2821 2841 2847 2865 2885 2897 2906 2911 2921 2932 2950 2966
2935 2929 2932 2952 2999 3018 2998 2970 2970 2994 3039 3079 3097 3073 3029 2990 2940 2910 2874 2873 2884 2904 2888 2872 2899 2938 2973 2960 2938 2927 2908 2930 2926 2906 2860 2812 2742 2668 2624 2634 2639 2647 2662 2685 2722 2744 2745 2746 2743 2748 2764 2787 2809 2842 2887 2938 2973 3008 3028 3006 2976 2964 2978 2973 2938 2899 2856 2818 2793 2786 2800 2808 2812 2833 2857 2884 2896 2906 2916 2932 2957 2987
2895 2917 2943 2995 3042 3063 3048 3024 3014 3030 3057 3094 3106 3069 3005 2947 2923 2910 2940 2962 2973 2977 2958 2955 2973 2981 2974 2933 2882 2837 2840 2862 2879 2875 2866 2813 2751 2680 2621 2605 2611 2620 2655 2696 2737 2745 2743 2742 2756 2779 2828 2854 2864 2865 2896 2941 2980 3011 3029 3021 2989 3007 3003 2980 2934 2881 2850 2849 2837 2822 2817 2817 2820 2830 2854 2882 2891 2896 2898 2920 2958 2989
2913 2950 2987 3017 3062 3087 3084 3072 3061 3053 3074 3100 3109 3079 3010 2955 2917 2931 2952 2996 3025 3035 3021 3019 3016 2991 2957 2901 2834 2798 2769 2783 2791 2829 2838 2819 2762 2685 2631 2600 2613 2648 2693 2755 2792 2788 2764 2752 2756 2797 2855 2906 2922 2930 2946 2975 3001 3018 3035 3025 3031 3023 3010 2965 2914 2863 2861 2882 2884 2856 2852 2855 2839 2835 2852 2880 2899 2899 2903 2924 2942 2956
2963 2995 3014 3027 3058 3092 3105 3096 3077 3070 3086 3118 3126 3094 3056 3014 2983 2948 2963 3005 3049 3070 3062 3053 3036 3008 2967 2916 2866 2814 2787 2758 2733 2760 2805 2799 2770 2715 2660 2648 2677 2723 2772 2822 2860 2850 2812 2778 2765 2778 2835 2875 2907 2942 2962 2965 2965 2975 2995 3022 3036 3048 3013 2962 2906 2865 2871 2911 2914 2898 2898 2887 2866 2830 2829 2874 2905 2931 2947 2954 2940 2920
3001 3033 3054 3063 3088 3112 3112 3096 3070 3061 3092 3124 3125 3109 3089 3066 3040 3009 3006 3046 3076 3083 3067 3044 3021 3013 2995 2966 2922 2892 2850 2791 2730 2729 2742 2758 2756 2737 2711 2714 2756 2807 2845 2884 2916 2905 2866 2823 2794 2784 2792 2814 2844 2892 2912 2892 2875 2886 2925 2969 3021 3045 3029 2977 2925 2881 2904 2946 2966 2956 2947 2926 2871 2819 2803 2835 2896 2941 2974 2988 2952 2922
3033 3051 3079 3102 3120 3128 3121 3103 3083 3083 3109 3136 3140 3128 3117 3100 3083 3065 3074 3089 3086 3073 3038 3003 2981 2973 2977 2976 2969 2932 2901 2840 2778 2748 2736 2730 2733 2733 2743 2764 2801 2847 2894 2940 2969 2956 2919 2878 2840 2796 2774 2767 2796 2829 2856 2832 2795 2810 2839 2901 2972 3028 3036 2999 2947 2923 2938 2987 3015 3006 2981 2936 2881 2822 2789 2823 2875 2936 2987 3000 2993 2965
3074 3074 3090 3113 3132 3142 3138 3128 3123 3125 3136 3150 3148 3143 3134 3121 3117 3115 3114 3108 3082 3053 3033 3001 2968 2952 2939 2966 2960 2951 2921 2886 2840 2812 2788 2753 2740 2742 2786 2813 2834 2855 2909 2972 3014 2997 2955 2912 2865 2806 2756 2760 2785 2815 2851 2851 2826 2804 2821 2863 2941 3013 3047 3031 2993 2964 2984 3026 3041 3014 2970 2918 2867 2825 2805 2823 2871 2925 2969 3000 3011 3017
3109 3102 3101 3109 3128 3145 3152 3151 3151 3154 3155 3152 3144 3135 3122 3114 3124 3127 3119 3098 3073 3062 3043 3027 3003 2968 2945 2941 2953 2944 2939 2909 2882 2866 2842 2814 2775 2782 2837 2895 2894 2893 2932 2996 3012 2984 2929 2889 2856 2797 2767 2785 2824 2839 2884 2919 2901 2882 2869 2885 2936 3004 3057 3060 3038 3012 3027 3053 3048 3004 2947 2894 2864 2843 2837 2850 2863 2908 2945 2973 3013 3036
3133 3129 3115 3113 3129 3146 3156 3161 3163 3163 3159 3149 3138 3120 3100 3083 3106 3118 3118 3108 3086 3071 3055 3030 3001 2983 2949 2929 2918 2924 2926 2916 2904 2902 2902 2876 2838 2829 2884 2945 2965 2952 2980 3007 2999 2932 2860 2818 2801 2784 2780 2831 2877 2892 2921 2964 2971 2952 2931 2910 2933 2991 3049 3082 3073 3061 3067 3071 3041 2988 2938 2912 2888 2895 2897 2890 2881 2893 2932 2962 2993 3025
3148 3147 3133 3130 3137 3150 3159 3165 3168 3166 3157 3146 3134 3126 3096 3084 3087 3104 3103 3094 3086 3060 3026 2996 2980 2966 2957 2922 2910 2917 2936 2942 2942 2954 2952 2935 2904 2884 2919 2972 3008 3015 3029 3030 2985 2911 2819 2775 2765 2790 2827 2878 2921 2931 2955 2989 3012 3007 2972 2937 2938 2982 3046 3083 3098 3090 3090 3069 3030 2986 2961 2944 2942 2950 2956 2939 2905 2918 2947 2981 2992 3003
3154 3152 3149 3146 3154 3160 3167 3170 3172 3169 3160 3145 3138 3126 3112 3091 3092 3079 3084 3086 3073 3047 3018 2999 2982 2987 2971 2955 2937 2951 2975 2992 2995 2997 3001 2990 2959 2930 2929 2972 3018 3054 3069 3049 2998 2929 2855 2801 2792 2808 2854 2891 2926 2956 2983 3024 3053 3046 3017 2978 2970 3005 3054 3094 3105 3101 3087 3073 3043 3015 2999 2991 2986 3000 2998 2968 2930 2939 2979 2993 2981 2970
3158 3158 3161 3166 3170 3172 3175 3175 3175 3171 3164 3155 3143 3139 3132 3121 3107 3102 3098 3097 3090 3067 3044 3033 3027 3010 3000 2971 2979 2993 3028 3043 3036 3038 3032 3023 2996 2961 2937 2962 3023 3068 3091 3058 3008 2960 2905 2861 2819 2814 2835 2874 2921 2978 3021 3055 3078 3077 3053 3029 3030 3043 3086 3119 3120 3109 3101 3090 3080 3060 3036 3035 3023 3044 3037 2994 2958 2979 2996 2989 2946 2932
3169 3170 3175 3177 3178 3180 3180 3180 3178 3174 3169 3160 3154 3153 3146 3142 3135 3125 3120 3103 3088 3075 3063 3065 3047 3035 3009 3005 3010 3047 3074 3080 3060 3041 3026 3020 3005 2987 2974 2995 3042 3094 3115 3091 3046 3004 2969 2925 2873 2848 2857 2892 2943 3000 3039 3067 3090 3078 3068 3065 3063 3078 3106 3127 3134 3128 3121 3122 3112 3083 3070 3063 3064 3073 3055 3015 3000 3014 3011 2963 2910 2893
3183 3182 3182 3182 3183 3184 3183 3182 3179 3176 3172 3167 3162 3162 3161 3152 3149 3142 3125 3101 3086 3076 3079 3078 3077 3053 3036 3036 3064 3091 3110 3081 3046 3015 3006 2998 3012 3023 3016 3040 3067 3109 3139 3133 3100 3067 3033 2986 2937 2920 2918 2934 2977 3011 3044 3077 3086 3073 3062 3074 3086 3095 3119 3136 3139 3141 3139 3135 3121 3102 3094 3101 3097 3080 3048 3015 3029 3051 3018 2959 2901 2880
3191 3189 3188 3187 3187 3186 3185 3183 3181 3177 3176 3173 3168 3170 3165 3159 3154 3152 3141 3126 3117 3111 3108 3112 3113 3092 3070 3074 3098 3125 3115 3079 3036 3024 3021 3031 3046 3074 3082 3091 3112 3134 3164 3165 3143 3120 3091 3043 3004 2999 2991 3000 3021 3060 3080 3108 3117 3090 3085 3096 3093 3090 3108 3127 3139 3143 3150 3145 3134 3125 3124 3130 3112 3085 3029 3004 3034 3065 3037 2980 2942 2918
3196 3195 3193 3192 3190 3188 3186 3184 3182 3181 3179 3176 3173 3171 3167 3160 3160 3159 3159 3152 3144 3144 3128 3122 3125 3130 3112 3118 3139 3153 3145 3106 3078 3066 3072 3063 3094 3119 3137 3152 3161 3174 3184 3175 3160 3153 3136 3100 3074 3071 3059 3051 3076 3088 3119 3144 3145 3128 3124 3122 3098 3077 3090 3108 3131 3148 3154 3158 3152 3147 3140 3132 3113 3083 3042 3016 3051 3088 3076 3042 3004 2979
3195 3198 3196 3193 3191 3189 3186 3185 3184 3183 3183 3180 3177 3178 3174 3171 3167 3170 3166 3159 3154 3152 3139 3118 3134 3147 3153 3157 3165 3179 3176 3157 3130 3105 3099 3092 3114 3158 3164 3192 3201 3204 3198 3173 3154 3164 3169 3149 3132 3130 3111 3108 3105 3117 3139 3162 3166 3157 3154 3147 3123 3104 3104 3120 3137 3155 3165 3166 3165 3157 3146 3114 3089 3064 3033 3029 3065 3107 3114 3086 3047 2995
3202 3199 3196 3194 3192 3190 3188 3187 3186 3185 3184 3183 3183 3183 3182 3181 3180 3175 3175 3169 3162 3166 3161 3146 3151 3170 3176 3169 3179 3188 3194 3186 3160 3141 3129 3128 3157 3172 3183 3198 3215 3218 3208 3182 3162 3176 3179 3167 3168 3172 3159 3155 3160 3159 3171 3183 3179 3174 3172 3167 3157 3149 3149 3146 3155 3167 3172 3174 3173 3170 3146 3110 3077 3055 3044 3056 3099 3133 3128 3091 3033 2966
3203 3200 3197 3195 3194 3192 3190 3189 3188 3186 3185 3185 3185 3186 3187 3187 3186 3182 3180 3178 3173 3175 3175 3174 3176 3180 3180 3184 3186 3197 3205 3203 3194 3182 3185 3180 3196 3200 3198 3208 3224 3224 3221 3206 3197 3196 3186 3172 3186 3200 3197 3197 3198 3197 3199 3196 3188 3186 3184 3182 3181 3178 3179 3174 3174 3178 3181 3181 3180 3170 3143 3114 3093 3086 3079 3100 3135 3147 3133 3081 3019 2967
3202 3201 3198 3197 3196 3194 3193 3191 3190 3188 3188 3187 3187 3186 3189 3190 3190 3187 3185 3184 3183 3182 3185 3185 3186 3188 3190 3190 3199 3205 3208 3213 3216 3221 3222 3219 3221 3219 3214 3227 3231 3231 3227 3228 3224 3228 3215 3205 3216 3231 3223 3221 3222 3215 3210 3205 3200 3196 3195 3193 3193 3193 3193 3191 3188 3189 3187 3187 3183 3173 3158 3138 3135 3135 3127 3138 3156 3166 3145 3106 3059 3017
3204 3202 3200 3198 3197 3195 3194 3193 3191 3190 3189 3189 3187 3188 3189 3192 3192 3191 3189 3189 3190 3190 3190 3191 3191 3192 3195 3199 3204 3207 3212 3215 3222 3233 3237 3228 3229 3224 3226 3234 3238 3237 3237 3236 3237 3240 3240 3237 3244 3241 3238 3234 3230 3225 3219 3215 3209 3207 3203 3201 3201 3201 3201 3199 3197 3194 3192 3190 3189 3185 3177 3176 3173 3172 3168 3168 3176 3175 3166 3142 3110 3085
3205 3204 3202 3200 3198 3196 3195 3194 3193 3192 3191 3190 3190 3190 3192 3193 3194 3193 3193 3193 3194 3193 3193 3194 3195 3196 3199 3202 3206 3210 3214 3216 3221 3231 3234 3232 3232 3232 3239 3241 3243 3241 3241 3243 3243 3244 3248 3249 3250 3247 3243 3240 3237 3232 3227 3222 3218 3215 3211 3209 3208 3207 3205 3201 3195 3191 3188 3186 3184 3183 3182 3180 3179 3178 3177 3177 3181 3179 3178 3167 3153 3137
3206 3205 3204 3202 3200 3198 3197 3195 3195 3194 3193 3192 3192 3189 3189 3193 3194 3195 3195 3195 3195 3196 3196 3196 3197 3199 3201 3204 3208 3212 3217 3220 3223 3233 3236 3234 3239 3244 3244 3246 3245 3244 3243 3245 3245 3248 3248 3251 3251 3251 3248 3245 3242 3238 3233 3228 3224 3220 3217 3215 3213 3213 3205 3196 3186 3177 3172 3169 3168 3167 3165 3163 3160 3161 3162 3167 3171 3175 3174 3172 3167 3162
3207 3206 3205 3204 3202 3200 3198 3197 3197 3197 3196 3194 3191 3185 3183 3188 3194 3195 3196 3196 3196 3197 3198 3199 3199 3200 3202 3205 3209 3214 3218 3223 3227 3233 3236 3238 3242 3245 3246 3246 3245 3245 3245 3245 3247 3247 3248 3249 3251 3251 3251 3249 3246 3242 3238 3233 3228 3224 3220 3219 3222 3214 3208 3197 3187 -9999 -9999 -9999 -9999 -9999 -9999 -9999 3153 3153 3154 3155 3161 3161 3160 3159 3157 3157
3205 3205 3204 3203 3202 3201 3199 3198 3198 3198 3197 3196 3193 3186 3182 3188 3193 3195 3196 3197 3197 3198 3200 3201 3202 3203 3204 3208 3212 3215 3220 3223 3227 3233 3235 3238 3240 3242 3243 3244 3246 3246 3246 3247 3246 3247 3248 3251 3252 3253 3251 3249 3247 3237 3242 3237 3230 3226 3226 3229 3222 3218 3208 3200 -9999 -9999 -9999 -9999 -9999 -9999 -9999 -9999 -9999 3153 3153 3156 3155 -9999 -9999 -9999 3153 3154
3204 3204 3203 3203 3202 3200 3200 3199 3199 3199 3198 3197 3195 3190 3186 3189 3193 3196 3197 3198 3199 3201 3202 3204 3205 3205 3207 3211 3214 3219 3221 3225 3228 3233 3237 3238 3240 3241 3241 3243 3244 3245 3246 3245 3246 3249 3253 3256 3258 3255 3253 3250 3239 3237 3229 3231 3236 3227 3236 3230 3224 3216 3210 -9999 -9999 -9999 -9999 -9999 -9999 -9999 -9999 -9999 -9999 -9999 3155 3155 -9999 -9999 -9999 -9999 -9999 -9999
3204 3204 3203 3203 3202 3201 3200 3200 3200 3199 3199 3198 3197 3193 3191 3193 3196 3198 3199 3200 3201 3202 3203 3205 3207 3209 3211 3213 3217 3219 3225 3227 3230 3234 3237 3239 3241 3242 3241 3241 3243 3244 3244 3247 3251 3256 3261 3263 3261 3259 -9999 -9999 -9999 -9999 3217 3218 3223 3235 3235 3233 3223 3216 -9999 -9999 -9999 -9999 -9999 -9999 -9999 -9999 -9999 -9999 -9999 -9999 -9999 -9999 -9999 -9999 -9999 -9999 -9999 -9999
