Data/tmax/PRISM_tmax_pr_1963-1995_normal_450mM1_05_asc.asc
ncols 557
nrows 164
xllcorner -67.31875000000
yllcorner 17.86875000000
cellsize 0.00416666667
NODATA_value -9999
[rows 72 to 107 of 164, columns 246 to 327 of 557]
2719 2700 2685 2672 2677 2683 2686 2683 2685 2698 2708 2717 2725 2731 2742 2769 2817 2867 2910 2936 2982 2974 2925 2861 2806 2765 2745 2739 2737 2752 2762 2780 2791 2813 2838 2866 2899 2916 2907 2895 2886 2893 2909 2923 2936 2954 2976 2998 3014 3016 3025 3043 3045 3049 3041 3028 3019 3013 3015 3034 3061 3075 3077 3079 3080 3080 3082 3082 3070 3069 3065 3059 3066 3057 3057 3058 3044 3030 3034 3041 3042 3049
2717 2714 2698 2692 2689 2700 2702 2707 2713 2718 2727 2732 2748 2772 2781 2803 2827 2863 2900 2938 2957 2947 2891 2819 2766 2736 2720 2724 2735 2754 2771 2783 2803 2830 2868 2896 2913 2915 2906 2901 2890 2889 2904 2925 2945 2973 2996 3011 3010 3005 3015 3034 3044 3054 3054 3050 3044 3036 3032 3043 3063 3075 3078 3078 3078 3078 3079 3080 3077 3071 3058 3048 3042 3034 3027 3032 3013 2986 2983 2992 2989 3019
2707 2714 2714 2706 2712 2714 2714 2721 2723 2727 2731 2741 2772 2807 2836 2855 2870 2892 2927 2946 2958 2936 2872 2810 2766 2750 2747 2756 2776 2802 2814 2826 2837 2862 2897 2919 2918 2909 2893 2883 2875 2876 2894 2906 2934 2966 2986 2989 2978 2959 2978 3007 3036 3051 3060 3062 3063 3060 3061 3062 3073 3074 3075 3076 3075 3076 3077 3078 3076 3070 3052 3029 3026 3021 3014 3017 2996 2960 2953 2953 2958 2978
2700 2717 2725 2724 2719 2717 2717 2715 2714 2717 2725 2733 2751 2784 2808 2835 2857 2905 2950 2965 2955 2943 2905 2856 2829 2815 2804 2805 2814 2828 2829 2838 2841 2855 2891 2913 2907 2896 2873 2862 2854 2860 2875 2889 2913 2934 2943 2941 2924 2911 2934 2982 3020 3046 3056 3063 3066 3068 3070 3071 3072 3070 3070 3072 3073 3074 3075 3077 3075 3068 3045 3013 2999 3006 3009 2997 2974 2957 2943 2952 2951 2969
2706 2722 2736 2735 2725 2725 2728 2728 2723 2721 2727 2732 2750 2775 2798 2808 2837 2890 2947 2943 2940 2951 2937 2905 2877 2864 2835 2813 2807 2803 2801 2800 2806 2824 2865 2889 2879 2870 2858 2839 2832 2842 2860 2869 2885 2894 2883 2884 2876 2879 2914 2962 3013 3040 3049 3061 3063 3066 3068 3070 3068 3066 3067 3070 3073 3074 3075 3076 3075 3069 3049 3005 2984 2989 2986 2977 2952 2942 2940 2944 2956 2972
2718 2736 2752 2759 2750 2759 2773 2781 2774 2767 2754 2757 2789 2831 2861 2875 2891 2932 2953 2938 2924 2952 2938 2897 2870 2849 2829 2803 2786 2777 2771 2784 2794 2820 2853 2875 2857 2846 2835 2820 2811 2831 2848 2860 2862 2841 2827 2827 2839 2858 2893 2945 2995 3024 3044 3053 3057 3060 3062 3065 3064 3063 3067 3072 3074 3076 3077 3077 3075 3069 3058 3031 2996 2990 2986 2967 2953 2953 2950 2946 2958 2970
2729 2745 2767 2784 2800 2811 2836 2848 2856 2853 2824 2810 2842 2875 2918 2938 2958 2957 2950 2912 2908 2940 2915 2855 2812 2801 2792 2781 2770 2759 2773 2795 2821 2834 2857 2867 2841 2829 2816 2799 2798 2818 2840 2845 2831 2810 2785 2788 2817 2847 2893 2935 2983 3019 3036 3051 3053 3055 3060 3061 3061 3062 3068 3072 3074 3074 3075 3076 3075 3071 3066 3051 3033 3019 3008 3000 2988 2982 2966 2958 2963 2962
2730 2740 2756 2796 2825 2852 2849 2858 2885 2895 2887 2869 2880 2903 2939 2966 2967 2945 2899 2875 2890 2921 2892 2825 2773 2750 2746 2745 2734 2741 2768 2802 2819 2825 2833 2841 2828 2803 2802 2792 2788 2805 2818 2819 2813 2796 2772 2778 2814 2864 2898 2949 2996 3021 3037 3048 3050 3055 3057 3060 3059 3061 3069 3071 3070 3069 3068 3068 3070 3073 3069 3060 3035 3022 3014 3015 2994 2983 2962 2963 2965 2956
2718 2722 2724 2754 2802 2810 2808 2821 2859 2910 2921 2924 2922 2937 2964 2975 2965 2910 2867 2848 2886 2921 2890 2830 2776 2748 2738 2728 2731 2744 2774 2790 2792 2786 2801 2822 2812 2799 2789 2790 2791 2793 2800 2803 2796 2786 2778 2794 2845 2889 2936 2977 3005 3018 3026 3038 3048 3053 3057 3059 3060 3063 3066 3069 3063 3059 3056 3044 3059 3066 3070 3050 3028 3009 3011 3009 3009 2987 2983 2988 2992 2960
2702 2699 2701 2723 2747 2749 2744 2767 2823 2875 2927 2942 2957 2953 2978 2974 2954 2915 2857 2859 2896 2911 2881 2838 2798 2767 2756 2758 2754 2762 2779 2768 2753 2753 2777 2813 2818 2804 2805 2790 2784 2786 2788 2789 2784 2784 2781 2811 2865 2920 2957 2989 2994 2982 2995 3018 3039 3049 3054 3060 3060 3060 3063 3058 3048 3045 3035 3029 3030 3050 3058 3058 3039 3034 3032 3038 3026 3016 3015 3022 3016 2987
2680 2698 2703 2711 2725 2710 2696 2730 2780 2843 2900 2939 2959 2971 2964 2961 2938 2907 2871 2872 2903 2892 2854 2816 2780 2756 2750 2751 2750 2760 2759 2756 2747 2752 2781 2804 2818 2817 2797 2791 2789 2787 2795 2794 2786 2790 2802 2832 2870 2907 2944 2957 2946 2943 2961 3002 3030 3044 3054 3057 3056 3057 3047 3039 3021 3017 3027 3003 3006 3006 3026 3045 3050 3051 3055 3053 3047 3040 3035 3042 3033 3010
2668 2696 2704 2718 2718 2698 2701 2737 2800 2855 2886 2922 2954 2961 2949 2925 2904 2868 2863 2883 2902 2880 2831 2792 2762 2733 2736 2729 2739 2744 2759 2763 2769 2787 2794 2809 2819 2811 2809 2796 2799 2806 2805 2794 2793 2807 2821 2849 2875 2891 2899 2911 2908 2905 2936 2975 3014 3042 3053 3056 3045 3044 3035 3006 2977 2981 2990 2977 2959 2961 2971 3005 3022 3028 3044 3058 3055 3053 3055 3048 3037 3023
2654 2680 2702 2713 2713 2702 2714 2765 2823 2860 2879 2900 2942 2948 2925 2903 2864 2840 2853 2882 2908 2882 2839 2809 2781 2771 2753 2752 2752 2766 2771 2773 2780 2785 2794 2801 2807 2814 2805 2806 2809 2809 2805 2799 2797 2810 2828 2860 2888 2905 2912 2912 2908 2902 2922 2955 3003 3036 3050 3038 3034 3033 3019 2987 2952 2944 2955 2937 2925 2922 2933 2950 2968 2976 3009 3033 3048 3052 3056 3049 3040 3028
2634 2664 2687 2705 2709 2705 2732 2783 2830 2867 2892 2920 2940 2943 2907 2882 2859 2829 2832 2875 2886 2877 2852 2837 2838 2814 2794 2781 2782 2783 2774 2764 2765 2778 2785 2796 2813 2811 2811 2811 2812 2810 2809 2804 2809 2818 2837 2868 2911 2927 2936 2945 2938 2945 2951 2986 3017 3039 3043 3026 3011 3011 2999 2968 2928 2925 2929 2915 2911 2912 2909 2926 2925 2940 2974 3018 3035 3048 3052 3048 3043 3034
2654 2662 2681 2697 2702 2711 2753 2802 2844 2879 2901 2929 2946 2917 2879 2858 2854 2830 2823 2832 2860 2832 2813 2815 2827 2829 2822 2800 2796 2786 2764 2763 2765 2783 2795 2806 2809 2811 2810 2812 2815 2818 2818 2820 2818 2828 2852 2884 2899 2908 2914 2920 2938 2946 2982 3006 3030 3038 3034 3013 2989 2983 2965 2943 2915 2911 2921 2917 2911 2913 2924 2921 2945 2949 2982 3012 3032 3042 3045 3047 3044 3038
2687 2689 2696 2708 2718 2733 2778 2828 2858 2868 2883 2920 2928 2913 2859 2833 2830 2818 2790 2805 2821 2790 2747 2752 2781 2814 2823 2818 2793 2781 2780 2772 2789 2799 2810 2808 2810 2809 2807 2809 2814 2819 2825 2830 2830 2841 2856 2872 2880 2867 2882 2904 2925 2959 2989 3018 3028 3036 3034 3011 2991 2971 2959 2938 2911 2906 2915 2916 2916 2927 2936 2955 2964 2985 2994 3015 3027 3034 3039 3043 3045 3038
2727 2737 2756 2763 2760 2764 2790 2822 2838 2846 2874 2914 2934 2919 2885 2838 2816 2786 2766 2761 2785 2760 2720 2722 2753 2790 2822 2815 2805 2799 2797 2801 2802 2809 2811 2809 2806 2806 2808 2807 2807 2806 2807 2818 2826 2837 2845 2848 2835 2848 2880 2922 2951 2979 3005 3017 3023 3029 3037 3026 3013 3001 2984 2962 2926 2906 2901 2909 2924 2947 2977 2979 2998 3003 3007 3015 3025 3031 3038 3044 3045 3040
2769 2783 2815 2835 2831 2821 2824 2825 2826 2832 2881 2918 2916 2912 2906 2865 2803 2781 2747 2733 2756 2754 2733 2736 2745 2769 2792 2810 2802 2815 2811 2810 2807 2809 2811 2803 2799 2798 2801 2807 2803 2791 2787 2788 2799 2814 2826 2820 2826 2845 2901 2939 2961 2979 2999 3007 3002 3017 3026 3027 3025 3018 3004 2984 2945 2904 2885 2897 2922 2960 2988 2997 3009 3017 3016 3022 3029 3033 3039 3042 3038 3032
2808 2826 2841 2855 2879 2871 2862 2863 2849 2849 2886 2897 2872 2874 2896 2884 2839 2807 2781 2749 2744 2750 2745 2737 2739 2738 2765 2780 2803 2800 2813 2811 2806 2807 2810 2804 2798 2796 2798 2803 2802 2791 2779 2773 2769 2791 2803 2809 2816 2858 2898 2917 2918 2934 2960 2971 2975 2984 2995 3010 3020 3006 2995 2978 2946 2906 2894 2907 2936 2960 2982 2988 2997 3014 3022 3030 3036 3040 3040 3035 3018 3006
2828 2827 2816 2820 2829 2841 2833 2853 2874 2888 2905 2888 2843 2849 2873 2891 2886 2865 2838 2786 2759 2745 2739 2736 2725 2732 2745 2773 2776 2791 2797 2804 2799 2797 2802 2796 2791 2792 2790 2799 2800 2792 2783 2766 2763 2776 2792 2796 2811 2842 2866 2866 2856 2869 2900 2925 2934 2941 2953 2982 2999 2975 2950 2922 2910 2892 2896 2923 2941 2956 2967 2971 2987 3000 3013 3026 3032 3033 3030 3019 3004 2983
2796 2783 2757 2754 2786 2790 2790 2809 2860 2891 2910 2884 2867 2853 2880 2905 2911 2885 2850 2810 2766 2737 2731 2725 2723 2721 2741 2753 2766 2768 2781 2785 2782 2781 2785 2775 2774 2777 2778 2786 2792 2790 2779 2769 2760 2784 2796 2798 2800 2808 2810 2806 2797 2814 2848 2875 2893 2899 2918 2951 2972 2943 2886 2860 2838 2840 2866 2905 2927 2943 2957 2971 2979 2993 3005 3015 3020 3019 3018 3014 2993 2982
2753 2738 2730 2733 2756 2774 2768 2776 2806 2848 2874 2877 2880 2900 2904 2915 2904 2857 2819 2782 2762 2745 2736 2741 2737 2734 2738 2751 2753 2762 2767 2771 2767 2765 2770 2760 2754 2761 2771 2776 2784 2780 2773 2761 2767 2784 2805 2803 2787 2766 2749 2746 2748 2776 2803 2826 2842 2861 2878 2919 2955 2925 2869 2815 2788 2778 2819 2879 2914 2933 2953 2966 2976 2986 2995 3011 3004 3009 3005 3000 2995 2976
2726 2726 2719 2721 2733 2749 2754 2752 2762 2789 2819 2845 2892 2915 2925 2925 2900 2849 2792 2760 2759 2777 2777 2790 2788 2771 2757 2752 2754 2765 2777 2777 2777 2782 2781 2766 2762 2768 2771 2783 2779 2776 2774 2773 2783 2802 2811 2801 2767 2724 2693 2690 2716 2749 2773 2786 2812 2834 2869 2912 2951 2940 2886 2821 2764 2752 2803 2848 2883 2912 2940 2956 2965 2969 2991 2996 2992 2979 2973 2980 2983 2979
2719 2724 2726 2723 2724 2730 2735 2733 2737 2743 2768 2801 2859 2907 2919 2925 2914 2873 2822 2764 2781 2821 2838 2840 2840 2807 2787 2768 2768 2787 2804 2814 2816 2810 2802 2787 2781 2778 2792 2788 2788 2781 2787 2796 2808 2815 2811 2795 2752 2699 2659 2668 2700 2739 2749 2775 2818 2867 2909 2933 2960 2937 2887 2823 2766 2755 2784 2810 2834 2871 2913 2936 2944 2963 2978 2996 2976 2958 2944 2959 2976 2976
2702 2710 2716 2725 2724 2722 2720 2721 2718 2721 2736 2764 2822 2871 2887 2887 2902 2903 2869 2822 2827 2871 2876 2869 2860 2834 2821 2810 2805 2817 2838 2841 2839 2832 2818 2802 2800 2802 2802 2808 2795 2797 2799 2814 2819 2812 2806 2785 2748 2699 2679 2685 2723 2729 2737 2770 2831 2889 2919 2927 2924 2898 2865 2825 2771 2747 2763 2776 2799 2844 2885 2915 2936 2954 2979 2989 2981 2963 2953 2968 2978 2965
2684 2679 2695 2712 2721 2721 2718 2715 2713 2707 2715 2735 2789 2833 2841 2834 2859 2901 2908 2883 2883 2902 2898 2889 2874 2862 2861 2853 2830 2836 2841 2847 2838 2838 2833 2824 2824 2822 2825 2820 2820 2811 2819 2818 2822 2810 2794 2781 2745 2716 2709 2730 2738 2734 2737 2785 2834 2882 2902 2892 2876 2860 2840 2814 2764 2755 2772 2790 2830 2866 2899 2925 2948 2963 2975 2982 2980 2969 2969 2977 2976 2962
2678 2677 2687 2707 2713 2718 2718 2718 2713 2705 2704 2711 2759 2807 2803 2800 2821 2874 2904 2903 2901 2905 2902 2899 2895 2877 2874 2857 2847 2840 2853 2836 2839 2829 2839 2839 2839 2839 2838 2837 2830 2834 2823 2825 2813 2807 2799 2786 2768 2742 2747 2745 2741 2730 2746 2781 2819 2866 2878 2869 2865 2847 2828 2794 2763 2766 2803 2834 2860 2891 2923 2946 2955 2964 2972 2972 2958 2950 2955 2971 2962 2947
2694 2685 2692 2705 2709 2708 2713 2709 2707 2699 2694 2699 2727 2752 2763 2746 2793 2845 2862 2881 2888 2872 2876 2889 2888 2863 2848 2841 2843 2855 2846 2837 2818 2826 2829 2841 2841 2847 2845 2839 2833 2833 2832 2821 2819 2812 2808 2799 2787 2773 2753 2746 2735 2728 2738 2761 2796 2831 2844 2828 2812 2817 2787 2760 2747 2787 2836 2856 2876 2895 2913 2928 2940 2961 2969 2957 2928 2904 2928 2947 2941 2932
2697 2690 2691 2706 2705 2703 2693 2685 2682 2678 2679 2685 2696 2709 2699 2724 2780 2819 2837 2852 2876 2854 2846 2866 2865 2853 2824 2821 2839 2848 2842 2823 2820 2807 2821 2826 2838 2845 2849 2844 2840 2839 2837 2836 2827 2822 2813 2794 2793 2775 2762 2739 2731 2726 2719 2726 2761 2802 2791 2759 2745 2753 2739 2730 2754 2812 2865 2890 2899 2899 2901 2904 2919 2950 2970 2951 2914 2887 2901 2926 2921 2906
2693 2683 2681 2696 2703 2693 2673 2665 2660 2656 2659 2668 2673 2667 2677 2708 2754 2796 2792 2826 2857 2845 2821 2833 2842 2837 2826 2812 2826 2839 2843 2829 2820 2811 2806 2819 2831 2844 2850 2850 2845 2844 2839 2832 2818 2808 2784 2770 2765 2758 2732 2709 2702 2694 2678 2680 2721 2756 2738 2702 2695 2714 2712 2731 2778 2836 2880 2906 2920 2925 2922 2918 2927 2951 2968 2958 2923 2891 2896 2914 2909 2902
2697 2696 2683 2692 2704 2693 2678 2664 2661 2652 2642 2641 2641 2642 2663 2677 2719 2731 2752 2784 2837 2840 2826 2819 2820 2830 2826 2818 2822 2831 2837 2835 2828 2821 2821 2825 2835 2843 2847 2847 2844 2838 2822 2810 2790 2765 2745 2726 2721 2704 2677 2652 2646 2646 2629 2623 2659 2700 2673 2661 2666 2686 2702 2745 2801 2849 2877 2889 2907 2926 2940 2945 2946 2962 2963 2955 2926 2892 2882 2891 2901 2900
2731 2719 2699 2696 2697 2699 2688 2682 2679 2671 2662 2642 2633 2630 2644 2668 2668 2691 2708 2735 2786 2831 2839 2839 2815 2808 2821 2820 2827 2835 2838 2829 2830 2829 2830 2833 2834 2836 2830 2830 2837 2818 2787 2757 2740 2721 2691 2678 2663 2639 2611 2586 2587 2593 2580 2563 2589 2614 2610 2616 2647 2682 2710 2760 2810 2837 2845 2844 2859 2887 2918 2940 2952 2956 2958 2947 2929 2897 2879 2876 2885 2889
2768 2753 2720 2703 2696 2686 2684 2678 2679 2690 2691 2683 2661 2643 2643 2634 2639 2656 2672 2683 2722 2780 2822 2824 2812 2794 2789 2812 2824 2833 2833 2829 2825 2821 2821 2819 2811 2803 2787 2795 2812 2802 2755 2733 2720 2702 2678 2660 2635 2599 2565 2544 2541 2555 2548 2536 2534 2548 2549 2588 2647 2684 2730 2766 2788 2797 2794 2786 2806 2844 2888 2921 2943 2951 2943 2934 2914 2893 2875 2870 2872 2884
2824 2796 2759 2745 2713 2682 2657 2652 2653 2683 2714 2722 2701 2670 2653 2629 2615 2629 2645 2649 2683 2735 2774 2806 2812 2795 2796 2788 2812 2822 2827 2821 2810 2794 2787 2781 2763 2751 2734 2763 2789 2793 2777 2753 2728 2717 2697 2677 2646 2607 2573 2548 2543 2550 2561 2546 2530 2524 2523 2568 2626 2671 2709 2732 2738 2741 2741 2755 2788 2828 2877 2918 2936 2941 2934 2908 2882 2869 2861 2860 2869 2873
2863 2838 2815 2803 2764 2706 2667 2643 2649 2682 2725 2733 2710 2677 2658 2633 2618 2634 2645 2646 2667 2709 2750 2776 2793 2801 2789 2786 2786 2800 2804 2797 2773 2745 2737 2727 2705 2699 2713 2743 2766 2763 2773 2762 2735 2724 2710 2695 2668 2628 2595 2580 2570 2580 2579 2570 2548 2525 2519 2547 2580 2618 2655 2672 2673 2678 2703 2734 2777 2820 2871 2912 2926 2934 2922 2899 2880 2868 2862 2861 2867 2872
2892 2870 2850 2850 2809 2749 2702 2672 2670 2710 2748 2741 2703 2662 2638 2632 2638 2659 2663 2650 2661 2704 2739 2750 2763 2766 2781 2777 2768 2768 2768 2758 2727 2691 2674 2667 2661 2679 2709 2734 2723 2730 2758 2762 2754 2737 2712 2677 2652 2630 2601 2596 2598 2606 2605 2583 2576 2565 2553 2554 2569 2584 2610 2619 2624 2635 2654 2693 2743 2789 2850 2897 2908 2910 2911 2896 2884 2884 2873 2865 2864 2864
