Data/tmax/PRISM_tmax_pr_1963-1995_normal_450mM1_10_asc.asc
ncols 557
nrows 164
xllcorner -67.31875000000
yllcorner 17.86875000000
cellsize 0.00416666667
NODATA_value -9999
[rows 0 to 35 of 164, columns 164 to 245 of 557]
-9999 -9999 -9999 -9999 -9999 -9999 -9999 -9999 -9999 -9999 -9999 -9999 -9999 -9999 -9999 -9999 -9999 -9999 -9999 -9999 -9999 -9999 -9999 -9999 -9999 -9999 -9999 -9999 -9999 -9999 -9999 -9999 -9999 -9999 -9999 -9999 -9999 -9999 -9999 -9999 -9999 -9999 -9999 -9999 -9999 -9999 -9999 -9999 -9999 -9999 -9999 -9999 -9999 -9999 -9999 -9999 -9999 -9999 -9999 -9999 -9999 -9999 -9999 -9999 -9999 -9999 -9999 -9999 -9999 -9999 -9999 -9999 -9999 -9999 -9999 -9999 -9999 -9999 -9999 -9999 -9999 -9999
-9999 -9999 -9999 -9999 -9999 -9999 -9999 -9999 -9999 -9999 -9999 -9999 -9999 -9999 -9999 -9999 -9999 -9999 -9999 -9999 -9999 -9999 -9999 -9999 -9999 -9999 -9999 -9999 -9999 -9999 -9999 -9999 -9999 -9999 -9999 -9999 -9999 -9999 -9999 -9999 -9999 -9999 -9999 -9999 -9999 -9999 -9999 -9999 -9999 -9999 -9999 -9999 -9999 -9999 -9999 -9999 -9999 -9999 -9999 -9999 -9999 -9999 -9999 -9999 -9999 -9999 -9999 -9999 -9999 -9999 -9999 -9999 -9999 -9999 -9999 -9999 -9999 -9999 -9999 -9999 -9999 -9999
-9999 -9999 -9999 -9999 -9999 -9999 -9999 -9999 -9999 -9999 -9999 -9999 -9999 -9999 -9999 -9999 -9999 -9999 -9999 -9999 -9999 -9999 -9999 -9999 -9999 -9999 -9999 -9999 -9999 -9999 -9999 -9999 -9999 -9999 -9999 -9999 -9999 -9999 -9999 -9999 -9999 -9999 -9999 -9999 -9999 -9999 -9999 -9999 -9999 -9999 -9999 -9999 -9999 -9999 -9999 -9999 -9999 -9999 -9999 -9999 -9999 -9999 -9999 -9999 -9999 -9999 -9999 -9999 -9999 -9999 -9999 -9999 -9999 -9999 -9999 -9999 -9999 -9999 -9999 -9999 -9999 -9999
-9999 -9999 -9999 -9999 -9999 -9999 -9999 -9999 -9999 -9999 -9999 -9999 -9999 -9999 -9999 -9999 -9999 -9999 -9999 -9999 -9999 -9999 -9999 -9999 -9999 -9999 -9999 -9999 -9999 -9999 -9999 -9999 -9999 -9999 -9999 -9999 -9999 -9999 -9999 -9999 -9999 -9999 -9999 -9999 -9999 -9999 -9999 -9999 -9999 -9999 -9999 -9999 -9999 -9999 -9999 -9999 -9999 -9999 -9999 -9999 -9999 -9999 -9999 -9999 -9999 -9999 -9999 -9999 -9999 -9999 -9999 -9999 -9999 -9999 -9999 -9999 -9999 -9999 -9999 -9999 -9999 -9999
-9999 -9999 -9999 -9999 -9999 -9999 -9999 -9999 -9999 -9999 -9999 -9999 -9999 -9999 -9999 -9999 -9999 -9999 -9999 -9999 -9999 -9999 -9999 -9999 -9999 -9999 -9999 -9999 -9999 -9999 -9999 -9999 -9999 -9999 -9999 -9999 -9999 -9999 -9999 -9999 -9999 -9999 -9999 -9999 -9999 -9999 -9999 -9999 -9999 -9999 -9999 -9999 -9999 -9999 -9999 -9999 -9999 -9999 -9999 -9999 -9999 -9999 -9999 -9999 -9999 -9999 -9999 -9999 -9999 -9999 -9999 -9999 -9999 -9999 -9999 -9999 -9999 -9999 -9999 -9999 -9999 -9999
-9999 -9999 -9999 -9999 -9999 -9999 -9999 -9999 -9999 -9999 -9999 -9999 -9999 -9999 -9999 -9999 -9999 -9999 -9999 -9999 -9999 -9999 -9999 -9999 -9999 -9999 -9999 -9999 -9999 -9999 -9999 -9999 -9999 -9999 -9999 -9999 -9999 -9999 -9999 -9999 -9999 -9999 -9999 -9999 -9999 -9999 -9999 -9999 -9999 -9999 -9999 -9999 -9999 -9999 -9999 -9999 -9999 -9999 -9999 -9999 -9999 -9999 -9999 -9999 -9999 -9999 -9999 -9999 -9999 -9999 -9999 -9999 -9999 -9999 -9999 -9999 -9999 -9999 -9999 -9999 -9999 -9999
-9999 -9999 -9999 -9999 -9999 -9999 -9999 -9999 -9999 -9999 -9999 -9999 -9999 -9999 -9999 -9999 -9999 -9999 -9999 -9999 -9999 -9999 -9999 -9999 -9999 -9999 -9999 -9999 -9999 -9999 -9999 -9999 -9999 -9999 -9999 -9999 -9999 -9999 -9999 -9999 -9999 -9999 -9999 -9999 -9999 -9999 -9999 -9999 -9999 -9999 -9999 -9999 -9999 -9999 -9999 -9999 -9999 -9999 -9999 -9999 -9999 -9999 -9999 -9999 -9999 -9999 -9999 -9999 -9999 -9999 -9999 -9999 -9999 -9999 -9999 -9999 -9999 -9999 -9999 -9999 -9999 -9999
-9999 -9999 -9999 -9999 -9999 -9999 -9999 -9999 -9999 -9999 -9999 -9999 -9999 -9999 -9999 -9999 -9999 -9999 -9999 -9999 -9999 -9999 -9999 -9999 -9999 -9999 -9999 -9999 -9999 -9999 -9999 -9999 -9999 -9999 -9999 -9999 -9999 -9999 -9999 -9999 -9999 -9999 -9999 -9999 -9999 -9999 -9999 -9999 -9999 -9999 -9999 -9999 -9999 -9999 -9999 -9999 -9999 -9999 -9999 -9999 -9999 -9999 -9999 -9999 -9999 -9999 -9999 -9999 -9999 -9999 -9999 -9999 -9999 -9999 -9999 -9999 -9999 -9999 -9999 -9999 -9999 -9999
-9999 -9999 -9999 -9999 -9999 -9999 -9999 -9999 -9999 -9999 -9999 -9999 -9999 -9999 -9999 -9999 -9999 -9999 -9999 -9999 -9999 -9999 -9999 -9999 -9999 -9999 -9999 -9999 -9999 -9999 -9999 -9999 -9999 -9999 -9999 -9999 -9999 -9999 -9999 -9999 -9999 -9999 -9999 -9999 -9999 -9999 -9999 -9999 -9999 -9999 -9999 -9999 -9999 -9999 -9999 -9999 -9999 -9999 -9999 -9999 -9999 -9999 -9999 -9999 -9999 -9999 -9999 -9999 -9999 -9999 -9999 -9999 -9999 -9999 -9999 -9999 -9999 -9999 -9999 -9999 -9999 -9999
-9999 -9999 -9999 -9999 -9999 -9999 -9999 -9999 -9999 -9999 -9999 -9999 -9999 -9999 -9999 -9999 -9999 -9999 -9999 -9999 -9999 -9999 -9999 -9999 -9999 -9999 -9999 -9999 -9999 -9999 -9999 -9999 -9999 -9999 -9999 -9999 -9999 -9999 -9999 -9999 -9999 -9999 -9999 -9999 -9999 -9999 -9999 -9999 -9999 -9999 -9999 -9999 -9999 -9999 -9999 -9999 -9999 -9999 -9999 -9999 -9999 -9999 -9999 -9999 -9999 -9999 -9999 -9999 -9999 -9999 -9999 -9999 -9999 -9999 -9999 -9999 -9999 -9999 -9999 -9999 -9999 -9999
-9999 -9999 -9999 -9999 -9999 -9999 -9999 -9999 -9999 -9999 -9999 -9999 -9999 -9999 -9999 -9999 -9999 -9999 -9999 -9999 -9999 -9999 -9999 -9999 -9999 -9999 -9999 -9999 -9999 -9999 -9999 -9999 -9999 -9999 -9999 -9999 -9999 -9999 -9999 -9999 -9999 -9999 -9999 -9999 -9999 -9999 -9999 -9999 -9999 -9999 -9999 -9999 -9999 -9999 -9999 -9999 -9999 -9999 -9999 -9999 -9999 -9999 -9999 -9999 -9999 -9999 -9999 -9999 -9999 -9999 -9999 -9999 -9999 -9999 -9999 -9999 -9999 -9999 -9999 -9999 -9999 -9999
3192 3192 3192 3192 3193 3192 3192 -9999 -9999 -9999 -9999 -9999 -9999 -9999 -9999 -9999 -9999 -9999 -9999 -9999 -9999 -9999 -9999 -9999 -9999 -9999 -9999 -9999 -9999 -9999 -9999 -9999 -9999 -9999 -9999 -9999 -9999 -9999 -9999 -9999 -9999 -9999 -9999 -9999 -9999 -9999 -9999 -9999 -9999 -9999 -9999 -9999 -9999 3181 -9999 -9999 3181 3182 -9999 -9999 -9999 -9999 -9999 -9999 -9999 -9999 -9999 -9999 -9999 -9999 -9999 -9999 -9999 -9999 -9999 -9999 -9999 -9999 -9999 -9999 -9999 -9999
3192 3192 3192 3192 3192 3192 3191 3191 3191 3190 3189 -9999 -9999 -9999 -9999 3184 3184 3185 3187 3186 3185 -9999 -9999 -9999 -9999 -9999 -9999 -9999 -9999 -9999 -9999 -9999 -9999 -9999 -9999 -9999 -9999 -9999 -9999 -9999 -9999 -9999 -9999 -9999 -9999 -9999 -9999 3182 3181 3182 3182 3182 3183 3182 3182 3183 3183 3183 3184 3184 -9999 3186 3185 3185 3184 3183 3183 3183 -9999 -9999 -9999 -9999 -9999 -9999 -9999 -9999 -9999 -9999 -9999 -9999 -9999 -9999
3191 3191 3191 3191 3191 3190 3190 3191 3191 3190 3188 3187 3186 3185 3186 3186 3188 3189 3188 3187 3185 3184 3184 3184 3184 3184 3182 3181 -9999 -9999 -9999 -9999 -9999 -9999 -9999 -9999 -9999 -9999 -9999 -9999 -9999 -9999 -9999 -9999 -9999 -9999 3185 3184 3184 3184 3184 3184 3185 3184 3185 3185 3185 3184 3184 3185 3188 3187 3187 3187 3186 3186 3185 3185 3185 3185 3185 3185 3186 3186 -9999 -9999 -9999 -9999 -9999 -9999 -9999 -9999
3189 3188 3188 3188 3189 3188 3188 3188 3189 3187 3187 3188 3188 3187 3187 3187 3189 3189 3189 3188 3187 3187 3188 3189 3189 3188 3185 3183 3181 3179 3178 -9999 -9999 -9999 -9999 -9999 -9999 -9999 -9999 -9999 -9999 -9999 -9999 -9999 -9999 3185 3185 3183 3183 3183 3183 3184 3184 3184 3184 3185 3184 3184 3184 3186 3187 3187 3186 3187 3187 3187 3187 3187 3187 3187 3187 3187 3186 3186 3186 -9999 -9999 -9999 -9999 -9999 -9999 -9999
3187 3187 3187 3189 3190 3190 3189 3188 3186 3183 3184 3186 3188 3188 3185 3183 3184 3186 3186 3186 3182 3184 3186 3189 3188 3186 3186 3186 3184 3182 3180 3180 3180 3181 3179 3178 -9999 -9999 -9999 -9999 -9999 -9999 -9999 -9999 3184 3185 3182 3180 3177 3177 3179 3181 3182 3180 3182 3182 3182 3182 3184 3186 3186 3185 3185 3184 3186 3186 3185 3186 3186 3187 3188 3186 3184 3184 3187 3187 3187 3188 3188 3188 3188 3188
3188 3187 3189 3190 3191 3191 3190 3189 3187 3184 3182 3184 3184 3185 3184 3181 3183 3185 3185 3182 3179 3177 3180 3183 3182 3180 3179 3180 3183 3183 3183 3184 3185 3184 3182 3180 3180 3180 3181 3180 3180 3181 3182 3184 3185 3184 3180 3177 3176 3177 3180 3182 3182 3182 3181 3181 3180 3182 3184 3186 3187 3187 3185 3186 3186 3185 3185 3184 3185 3186 3185 3182 3176 3179 3183 3188 3188 3188 3188 3188 3188 3188
3189 3189 3189 3190 3190 3190 3189 3189 3189 3187 3186 3185 3186 3186 3186 3185 3186 3186 3186 3185 3181 3181 3181 3184 3182 3177 3175 3174 3178 3181 3183 3183 3181 3182 3182 3182 3182 3183 3184 3184 3184 3184 3184 3185 3185 3183 3180 3178 3179 3181 3182 3184 3184 3183 3184 3183 3183 3184 3185 3186 3186 3186 3186 3186 3187 3186 3186 3185 3185 3186 3186 3181 3176 3175 3183 3186 3187 3188 3188 3189 3188 3188
3190 3189 3190 3190 3189 3189 3189 3189 3189 3189 3188 3188 3188 3188 3187 3186 3186 3186 3186 3185 3185 3185 3184 3185 3185 3183 3180 3179 3181 3183 3182 3175 3173 3173 3173 3176 3176 3178 3181 3183 3183 3185 3185 3185 3184 3184 3182 3182 3183 3183 3186 3182 3182 3185 3185 3185 3185 3185 3185 3186 3186 3186 3186 3186 3187 3187 3187 3186 3186 3186 3184 3180 3173 3176 3180 3184 3185 3185 3186 3186 3185 3185
3190 3190 3189 3190 3189 3189 3190 3190 3189 3188 3188 3189 3190 3189 3188 3186 3186 3186 3186 3185 3185 3185 3185 3185 3185 3184 3184 3182 3184 3183 3180 3176 3168 3166 3164 3162 3162 3164 3170 3176 3181 3183 3184 3184 3184 3183 3183 3183 3182 3184 3181 3178 3179 3182 3185 3185 3185 3185 3185 3186 3186 3186 3186 3186 3186 3186 3186 3186 3185 3184 3182 3177 3174 3175 3181 3183 3184 3184 3183 3180 3178 3179
3186 3185 3185 3186 3187 3185 3185 3185 3186 3185 3186 3187 3187 3187 3186 3186 3186 3186 3185 3186 3185 3185 3185 3185 3185 3184 3184 3183 3183 3183 3183 3178 3176 3174 3168 3166 3165 3166 3171 3178 3180 3184 3183 3184 3184 3184 3182 3182 3184 3183 3182 3179 3180 3184 3185 3185 3185 3184 3185 3185 3186 3185 3185 3185 3185 3185 3185 3184 3183 3182 3180 3179 3177 3180 3183 3185 3186 3186 3184 3182 3178 3176
3176 3171 3174 3179 3180 3177 3175 3176 3178 3179 3177 3178 3180 3180 3181 3179 3183 3184 3185 3185 3185 3184 3184 3185 3184 3184 3183 3183 3182 3179 3176 3171 3167 3165 3162 3161 3163 3166 3172 3175 3179 3179 3180 3180 3182 3180 3179 3178 3180 3180 3181 3179 3182 3183 3184 3185 3184 3184 3185 3185 3185 3185 3184 3184 3184 3184 3183 3183 3182 3182 3182 3183 3183 3183 3184 3185 3186 3185 3185 3184 3182 3180
3152 3152 3154 3166 3174 3172 3170 3169 3171 3167 3164 3163 3167 3171 3168 3170 3174 3175 3179 3184 3185 3184 3184 3184 3184 3183 3183 3179 3175 3171 3161 3151 3146 3147 3148 3152 3157 3163 3167 3171 3169 3169 3169 3171 3171 3173 3173 3173 3174 3175 3175 3176 3176 3178 3180 3183 3183 3183 3183 3183 3183 3184 3183 3183 3183 3184 3183 3183 3182 3183 3184 3185 3185 3184 3184 3185 3185 3185 3185 3185 3184 3183
3139 3139 3149 3160 3168 3165 3161 3161 3163 3159 3152 3153 3158 3157 3160 3161 3163 3161 3165 3174 3176 3179 3178 3184 3183 3182 3180 3175 3174 3170 3162 3151 3146 3148 3150 3154 3157 3160 3162 3162 3158 3155 3155 3156 3159 3161 3167 3168 3166 3168 3171 3169 3169 3171 3177 3181 3182 3181 3181 3181 3181 3182 3182 3182 3183 3184 3183 3183 3182 3183 3184 3184 3183 3180 3181 3177 3177 3177 3182 3182 3183 3182
3147 3151 3156 3162 3162 3156 3151 3149 3150 3147 3145 3143 3146 3148 3150 3156 3157 3151 3153 3159 3162 3162 3171 3177 3182 3181 3179 3176 3174 3170 3160 3153 3149 3146 3147 3148 3147 3148 3149 3153 3152 3152 3152 3154 3154 3159 3161 3161 3160 3162 3165 3165 3163 3168 3173 3176 3177 3177 3179 3179 3180 3180 3177 3182 3182 3182 3181 3179 3180 3181 3181 3180 3176 3174 3167 3161 3154 3157 3162 3166 3170 3170
3157 3159 3158 3159 3156 3149 3143 3139 3138 3136 3134 3137 3137 3139 3141 3143 3145 3142 3147 3152 3155 3162 3170 3179 3181 3181 3180 3177 3173 3164 3155 3152 3147 3142 3136 3133 3132 3131 3134 3137 3142 3144 3145 3145 3149 3150 3154 3153 3152 3155 3157 3157 3155 3158 3163 3163 3161 3163 3166 3170 3172 3169 3171 3178 3181 3177 3174 3170 3169 3170 3168 3164 3162 3155 3153 3144 3140 3141 3142 3143 3144 3155
3155 3154 3152 3150 3145 3138 3132 3128 3126 3124 3127 3127 3129 3130 3129 3127 3129 3132 3138 3146 3153 3165 3174 3180 3180 3180 3179 3178 3177 3169 3165 3165 3159 3148 3140 3135 3132 3133 3133 3135 3136 3138 3137 3137 3138 3140 3141 3141 3142 3143 3145 3140 3136 3136 3142 3143 3140 3139 3143 3148 3155 3161 3166 3176 3179 3173 3162 3157 3157 3156 3151 3148 3146 3143 3141 3141 3141 3141 3141 3137 3141 3145
3144 3144 3145 3144 3139 3134 3130 3128 3128 3128 3127 3128 3127 3128 3128 3126 3128 3133 3138 3144 3151 3161 3171 3174 3177 3178 3175 3174 3172 3171 3169 3167 3162 3155 3149 3144 3143 3141 3138 3135 3134 3132 3129 3126 3125 3125 3126 3128 3129 3132 3131 3129 3121 3121 3127 3131 3133 3132 3136 3143 3157 3163 3166 3173 3172 3168 3155 3151 3153 3153 3147 3140 3136 3132 3134 3138 3141 3144 3145 3146 3144 3145
3139 3140 3139 3138 3133 3130 3131 3133 3135 3134 3134 3132 3130 3131 3131 3130 3133 3137 3140 3141 3144 3148 3152 3155 3164 3165 3171 3168 3167 3166 3165 3163 3160 3154 3151 3148 3144 3139 3133 3130 3127 3125 3121 3118 3118 3119 3121 3121 3125 3125 3126 3123 3120 3120 3123 3128 3129 3133 3134 3145 3155 3157 3155 3155 3164 3161 3161 3156 3162 3167 3159 3146 3139 3133 3134 3137 3140 3143 3148 3150 3154 3152
3139 3136 3134 3130 3125 3125 3129 3133 3135 3134 3131 3130 3129 3130 3129 3131 3133 3136 3137 3134 3131 3131 3131 3135 3140 3149 3156 3165 3166 3165 3163 3162 3157 3155 3147 3141 3135 3129 3126 3123 3124 3124 3121 3119 3120 3120 3121 3121 3121 3121 3120 3120 3119 3121 3124 3126 3130 3130 3134 3140 3147 3148 3141 3143 3145 3153 3147 3150 3159 3167 3164 3153 3143 3137 3136 3136 3137 3141 3145 3150 3154 3156
3132 3128 3124 3121 3120 3122 3126 3131 3130 3128 3125 3122 3122 3124 3125 3125 3128 3130 3129 3124 3122 3125 3129 3129 3133 3132 3142 3152 3159 3160 3162 3161 3160 3154 3148 3133 3127 3123 3121 3121 3121 3121 3119 3119 3118 3118 3119 3117 3117 3116 3116 3115 3118 3119 3121 3125 3128 3131 3133 3135 3138 3137 3135 3129 3128 3126 3129 3131 3148 3166 3169 3161 3154 3147 3143 3140 3140 3141 3142 3144 3147 3149
3123 3117 3113 3116 3115 3121 3124 3122 3123 3121 3115 3112 3113 3115 3117 3119 3121 3122 3120 3120 3119 3123 3127 3127 3125 3120 3125 3131 3138 3143 3147 3156 3160 3159 3144 3127 3117 3117 3116 3116 3115 3114 3114 3112 3111 3112 3112 3113 3110 3109 3109 3110 3111 3112 3115 3119 3122 3124 3128 3124 3126 3130 3123 3123 3124 3126 3125 3132 3151 3167 3169 3163 3160 3157 3155 3152 3150 3148 3143 3141 3140 3139
3116 3113 3109 3107 3111 3114 3112 3112 3110 3107 3106 3105 3106 3109 3113 3117 3118 3116 3116 3112 3113 3115 3115 3115 3116 3116 3114 3116 3117 3116 3125 3143 3156 3156 3135 3115 3108 3109 3108 3108 3107 3106 3107 3109 3107 3105 3107 3105 3104 3101 3101 3102 3103 3103 3106 3110 3111 3111 3114 3125 3121 3124 3126 3123 3128 3127 3127 3133 3149 3163 3162 3158 3156 3157 3156 3153 3150 3148 3145 3140 3137 3135
3118 3114 3111 3109 3109 3108 3108 3102 3103 3104 3104 3104 3105 3105 3107 3110 3109 3107 3103 3103 3101 3102 3105 3107 3111 3110 3111 3108 3108 3105 3111 3136 3154 3147 3123 3103 3102 3104 3103 3099 3096 3096 3100 3100 3100 3100 3099 3095 3092 3090 3092 3096 3098 3099 3102 3105 3106 3105 3124 3123 3124 3121 3120 3123 3123 3124 3122 3127 3139 3154 3162 3149 3151 3152 3147 3143 3138 3138 3138 3135 3134 3129
3119 3121 3116 3115 3113 3114 3107 3108 3106 3107 3109 3107 3105 3104 3105 3106 3105 3103 3104 3101 3100 3101 3102 3105 3108 3107 3104 3104 3102 3099 3105 3131 3150 3144 3115 3096 3096 3095 3093 3092 3089 3090 3092 3095 3095 3097 3097 3092 3087 3086 3091 3098 3102 3104 3104 3107 3106 3120 3127 3129 3118 3114 3117 3118 3118 3115 3115 3116 3123 3145 3145 3139 3134 3134 3129 3123 3115 3120 3125 3124 3123 3124
3122 3118 3117 3114 3115 3113 3112 3108 3110 3109 3110 3107 3104 3102 3105 3105 3103 3102 3103 3101 3099 3101 3102 3103 3105 3103 3102 3100 3100 3097 3104 3127 3148 3143 3112 3093 3084 3086 3086 3087 3090 3088 3090 3090 3089 3091 3093 3090 3088 3087 3093 3098 3100 3101 3100 3098 3108 3120 3125 3118 3108 3110 3111 3113 3111 3108 3107 3108 3117 3137 3140 3121 3119 3113 3114 3106 3107 3111 3120 3119 3115 3113
