Data/tmax/PRISM_tmax_pr_1963-1995_normal_450mM1_10_asc.asc
ncols 557
nrows 164
xllcorner -67.31875000000
yllcorner 17.86875000000
cellsize 0.00416666667
NODATA_value -9999
[rows 108 to 143 of 164, columns 0 to 81 of 557]
-9999 -9999 -9999 -9999 -9999 -9999 -9999 -9999 -9999 -9999 -9999 -9999 -9999 -9999 -9999 -9999 -9999 -9999 -9999 -9999 -9999 -9999 -9999 -9999 -9999 -9999 -9999 3226 3226 3225 3223 3219 3213 3208 3208 3212 3213 3221 3233 3242 3247 3250 3252 3253 3253 3254 3254 3253 3252 3252 3251 3250 3250 3249 3248 3247 3247 3246 3245 3243 3241 3239 3238 3235 3230 3228 3223 3223 3213 3197 3181 3171 3166 3166 3162 3166 3167 3162 3145 3142 3142 3161
-9999 -9999 -9999 -9999 -9999 -9999 -9999 -9999 -9999 -9999 -9999 -9999 -9999 -9999 -9999 -9999 -9999 -9999 -9999 -9999 -9999 -9999 -9999 -9999 -9999 -9999 3225 3225 3223 3222 3218 3212 3208 3205 3205 3208 3213 3224 3235 3242 3246 3248 3249 3250 3251 3251 3251 3252 3251 3251 3250 3250 3250 3249 3249 3248 3247 3246 3244 3243 3241 3237 3230 3220 3216 3223 3226 3222 3214 3204 3189 3183 3181 3171 3167 3171 3177 3159 3149 3142 3155 3166
-9999 -9999 -9999 -9999 -9999 -9999 -9999 -9999 -9999 -9999 -9999 -9999 -9999 -9999 -9999 -9999 -9999 -9999 -9999 -9999 -9999 -9999 -9999 -9999 -9999 -9999 -9999 3222 3220 3217 3214 3209 3205 3206 3205 3206 3213 3224 3235 3241 3243 3245 3245 3245 3245 3245 3246 3248 3250 3249 3248 3246 3246 3245 3247 3247 3246 3245 3243 3241 3238 3231 3218 3205 3202 3212 3224 3222 3216 3208 3202 3196 3184 3174 3170 3180 3180 3169 3158 3162 3163 3177
-9999 -9999 -9999 -9999 -9999 -9999 -9999 -9999 -9999 -9999 -9999 -9999 -9999 -9999 -9999 -9999 -9999 -9999 -9999 -9999 -9999 -9999 -9999 -9999 -9999 -9999 3222 3221 3217 3216 3212 3206 3205 3203 3202 3206 3210 3223 3233 3237 3241 3241 3240 3241 3241 3240 3238 3240 3243 3240 3238 3233 3221 3225 3232 3236 3233 3231 3234 3235 3233 3230 3220 3211 3206 3213 3220 3222 3218 3215 3209 3200 3190 3179 3180 3189 3185 3180 3181 3178 3179 3186
-9999 -9999 -9999 -9999 -9999 -9999 -9999 -9999 -9999 -9999 -9999 -9999 -9999 -9999 -9999 -9999 -9999 -9999 -9999 -9999 -9999 -9999 -9999 -9999 -9999 3221 3220 3218 3216 3214 3209 3205 3202 3204 3205 3208 3216 3224 3232 3236 3236 3234 3234 3236 3235 3226 3217 3210 3216 3209 3211 3203 3182 3177 3187 3194 3188 3191 3204 3216 3217 3219 3221 3206 3205 3202 3210 3215 3219 3216 3214 3211 3201 3197 3196 3197 3190 3191 3196 3193 3191 3192
-9999 -9999 -9999 -9999 -9999 -9999 -9999 -9999 -9999 -9999 -9999 -9999 -9999 -9999 -9999 -9999 -9999 -9999 -9999 -9999 -9999 -9999 -9999 -9999 -9999 3221 3219 3217 3215 3213 3210 3208 3210 3210 3214 3218 3222 3226 3228 3231 3229 3226 3226 3224 3209 3200 3168 3162 3160 3165 3180 3179 3148 3128 3138 3141 3142 3151 3173 3184 3188 3202 3204 3198 3186 3183 3185 3189 3206 3206 3209 3209 3209 3207 3205 3200 3195 3198 3200 3199 3197 3195
-9999 -9999 -9999 -9999 -9999 -9999 -9999 -9999 -9999 -9999 -9999 -9999 -9999 -9999 -9999 -9999 -9999 -9999 -9999 -9999 -9999 -9999 -9999 -9999 -9999 -9999 3218 3218 3216 3214 3212 3213 3214 3216 3219 3222 3221 3220 3220 3220 3219 3217 3214 3199 3184 3160 3146 3128 3138 3147 3172 3171 3137 3119 3121 3129 3133 3143 3157 3160 3159 3178 3193 3187 3187 3178 3165 3168 3179 3185 3187 3191 3201 3202 3204 3201 3199 3200 3200 3200 3198 3197
-9999 -9999 -9999 -9999 -9999 -9999 -9999 -9999 -9999 -9999 -9999 -9999 -9999 -9999 -9999 -9999 -9999 -9999 -9999 -9999 -9999 -9999 -9999 -9999 -9999 -9999 -9999 3217 3217 3214 3212 3215 3216 3216 3217 3216 3213 3212 3211 3211 3208 3205 3195 3177 3154 3154 3143 3141 3140 3147 3160 3154 3131 3130 3135 3137 3136 3143 3152 3152 3150 3159 3170 3173 3175 3176 3170 3162 3171 3166 3162 3163 3176 3186 3187 3197 3198 3199 3197 3197 3192 3193
-9999 -9999 -9999 -9999 -9999 -9999 -9999 -9999 -9999 -9999 -9999 -9999 -9999 -9999 -9999 -9999 -9999 -9999 -9999 -9999 -9999 -9999 -9999 -9999 -9999 -9999 3217 3217 3215 3211 3209 3212 3212 3209 3206 3199 3198 3196 3202 3203 3199 3193 3181 3164 3153 3157 3158 3152 3145 3149 3158 3147 3148 3148 3151 3146 3142 3146 3154 3152 3153 3158 3162 3166 3171 3168 3163 3159 3160 3152 3147 3148 3153 3159 3159 3168 3186 3190 3189 3181 3174 3178
-9999 -9999 -9999 -9999 -9999 -9999 -9999 -9999 -9999 -9999 -9999 -9999 -9999 -9999 -9999 -9999 -9999 -9999 -9999 -9999 -9999 -9999 -9999 -9999 -9999 3217 3217 3217 3211 3205 3203 3206 3205 3202 3195 3192 3184 3184 3185 3191 3191 3186 3177 3169 3165 3164 3164 3157 3148 3156 3160 3160 3156 3156 3151 3148 3156 3158 3162 3165 3164 3168 3173 3174 3171 3170 3168 3162 3156 3150 3147 3138 3145 3134 3130 3139 3159 3173 3171 3162 3155 3166
-9999 -9999 -9999 -9999 -9999 -9999 -9999 -9999 -9999 -9999 -9999 -9999 -9999 -9999 -9999 -9999 -9999 -9999 -9999 -9999 -9999 -9999 -9999 -9999 -9999 3217 3217 3214 3209 3202 3200 3200 3199 3196 3194 3189 3187 3180 3182 3184 3183 3179 3173 3170 3167 3168 3165 3160 3158 3159 3168 3161 3163 3155 3150 3158 3163 3169 3171 3171 3178 3179 3179 3178 3178 3177 3178 3177 3175 3171 3161 3160 3147 3141 3128 3129 3145 3148 3151 3149 3154 3167
-9999 -9999 -9999 -9999 -9999 -9999 -9999 -9999 -9999 -9999 -9999 -9999 -9999 -9999 -9999 -9999 -9999 -9999 -9999 -9999 -9999 -9999 -9999 -9999 -9999 3217 3217 3214 3210 3206 3201 3200 3197 3195 3191 3190 3188 3186 3189 3190 3190 3182 3179 3175 3175 3171 3173 3169 3165 3167 3163 3166 3167 3160 3162 3163 3172 3172 3173 3176 3179 3184 3182 3182 3182 3187 3188 3188 3189 3187 3183 3176 3175 3167 3163 3157 3148 3154 3155 3163 3171 3182
-9999 -9999 -9999 -9999 -9999 -9999 -9999 -9999 -9999 -9999 -9999 -9999 -9999 -9999 -9999 -9999 -9999 -9999 -9999 -9999 -9999 -9999 -9999 -9999 -9999 -9999 3216 3214 3208 3205 3200 3196 3195 3192 3190 3189 3189 3192 3194 3198 3196 3192 3188 3187 3180 3178 3175 3175 3172 3170 3171 3168 3169 3163 3165 3169 3171 3174 3174 3175 3181 3183 3183 3183 3187 3191 3193 3194 3194 3195 3193 3195 3193 3189 3187 3175 3174 3168 3177 3181 3191 3195
-9999 -9999 -9999 -9999 -9999 -9999 -9999 -9999 -9999 -9999 -9999 -9999 -9999 -9999 -9999 -9999 -9999 -9999 -9999 -9999 -9999 -9999 -9999 -9999 -9999 3217 3217 3211 3208 3202 3199 3195 3193 3192 3191 3193 3194 3195 3199 3198 3198 3195 3194 3191 3186 3181 3181 3176 3178 3178 3175 3174 3169 3162 3165 3168 3171 3174 3174 3177 3181 3185 3186 3186 3189 3193 3196 3194 3194 3198 3201 3202 3200 3197 3194 3186 3181 3186 3189 3191 3195 3203
-9999 -9999 -9999 -9999 -9999 -9999 -9999 -9999 -9999 -9999 -9999 -9999 -9999 -9999 -9999 -9999 -9999 -9999 -9999 -9999 -9999 -9999 -9999 -9999 3217 3217 3214 3213 3206 3206 3201 3199 3197 3195 3196 3198 3198 3200 3199 3199 3197 3197 3197 3194 3191 3186 3185 3181 3181 3183 3182 3179 3176 3169 3172 3173 3173 3175 3178 3179 3183 3186 3187 3189 3191 3194 3195 3196 3197 3201 3204 3204 3205 3202 3194 3188 3184 3189 3194 3198 3202 3206
-9999 -9999 -9999 -9999 -9999 -9999 -9999 -9999 -9999 -9999 -9999 -9999 -9999 -9999 -9999 -9999 -9999 -9999 -9999 -9999 -9999 -9999 -9999 3217 3217 3216 3216 3212 3212 3209 3208 3205 3203 3201 3201 3200 3202 3202 3203 3200 3202 3201 3199 3197 3195 3191 3189 3186 3186 3187 3185 3184 3181 3178 3179 3179 3178 3180 3181 3183 3185 3187 3188 3190 3192 3194 3196 3197 3200 3203 3204 3205 3206 3205 3201 3191 3193 3194 3199 3201 3203 3206
-9999 -9999 -9999 -9999 -9999 -9999 -9999 -9999 -9999 -9999 -9999 -9999 -9999 -9999 -9999 -9999 -9999 -9999 -9999 -9999 -9999 -9999 -9999 -9999 3217 3216 3215 3216 3215 3214 3212 3211 3209 3206 3203 3203 3203 3204 3205 3203 3201 3201 3200 3198 3197 3194 3192 3191 3191 3189 3188 3186 3184 3183 3183 3183 3182 3183 3183 3184 3186 3188 3190 3191 3193 3194 3196 3198 3200 3204 3205 3207 3209 3209 3206 3205 3204 3206 3207 3207 3207 3209
-9999 -9999 -9999 -9999 -9999 -9999 -9999 -9999 -9999 -9999 -9999 -9999 -9999 -9999 -9999 -9999 -9999 -9999 -9999 -9999 -9999 -9999 -9999 -9999 -9999 3212 3214 3215 3216 3215 3214 3214 3212 3209 3206 3203 3203 3204 3204 3200 3198 3198 3198 3197 3199 3197 3195 3194 3192 3192 3190 3189 3187 3185 3185 3185 3184 3184 3185 3186 3188 3190 3191 3193 3195 3196 3197 3199 3201 3203 3206 3208 3210 3210 3212 3211 3212 3213 3213 3212 3210 3210
-9999 -9999 -9999 -9999 -9999 -9999 -9999 -9999 -9999 -9999 -9999 -9999 -9999 -9999 -9999 -9999 -9999 -9999 -9999 -9999 -9999 -9999 -9999 -9999 -9999 -9999 3214 3216 3216 3215 3215 3214 3213 3211 3208 3205 3205 3203 3203 3199 3197 3198 3199 3199 3199 3199 3196 3195 3194 3192 3191 3189 3188 3188 3187 3187 3187 3187 3187 3189 3190 3192 3194 3195 3197 3198 3200 3201 3202 3204 3205 3208 3209 3212 3213 3214 3215 3215 3214 3213 3211 3211
-9999 -9999 -9999 -9999 -9999 -9999 -9999 -9999 -9999 -9999 -9999 -9999 -9999 -9999 -9999 -9999 -9999 -9999 -9999 -9999 -9999 -9999 -9999 -9999 -9999 -9999 -9999 -9999 -9999 -9999 3215 3214 3213 3211 3209 3207 3206 3205 3203 3201 3200 3202 3203 3200 3200 3198 3196 3194 3193 3192 3191 3191 3191 3190 3190 3189 3189 3190 3191 3192 3194 3196 3197 3199 3200 3201 3203 3203 3204 3205 3206 3207 3209 3211 3213 3215 3215 3215 3214 3213 3212 3212
-9999 -9999 -9999 -9999 -9999 -9999 -9999 -9999 -9999 -9999 -9999 -9999 -9999 -9999 -9999 -9999 -9999 -9999 -9999 -9999 -9999 -9999 -9999 -9999 -9999 -9999 -9999 -9999 -9999 -9999 3215 3214 3213 3211 3209 3208 3208 3207 3205 3203 3204 3204 3205 3202 3199 3198 3196 3194 3193 3192 3193 3192 3192 3192 3192 3191 3191 3193 3194 3195 3197 3199 3201 3202 3204 3205 3206 3206 3206 3207 3208 3208 3209 3211 3213 3214 3215 3215 3214 3214 3213 3213
-9999 -9999 -9999 -9999 -9999 -9999 -9999 -9999 -9999 -9999 -9999 -9999 -9999 -9999 -9999 -9999 -9999 -9999 -9999 -9999 -9999 -9999 -9999 -9999 -9999 -9999 -9999 3214 3214 3215 3215 3214 3213 3212 3211 3210 3209 3208 3205 3205 3204 3205 3205 3202 3199 3196 3192 3188 3186 3183 3185 3190 3191 3191 3188 3187 3188 3188 3195 3197 3199 3201 3202 3205 3206 3207 3208 3208 3208 3209 3209 3209 3210 3211 3212 3213 3214 3214 3214 3214 3213 3212
-9999 -9999 -9999 -9999 -9999 -9999 -9999 -9999 -9999 -9999 -9999 -9999 -9999 -9999 -9999 -9999 -9999 -9999 -9999 -9999 -9999 -9999 -9999 -9999 -9999 -9999 3216 3215 3215 3215 3215 3213 3212 3212 3211 3211 3210 3208 3206 3204 3204 3204 3203 3199 3195 3189 3176 3164 3159 3150 3153 3168 3177 3177 3169 3167 3170 3173 3184 3195 3197 3196 3198 3202 3206 3207 3209 3210 3211 3211 3211 3210 3211 3211 3212 3213 3213 3214 3214 3213 3212 3211
-9999 -9999 -9999 -9999 -9999 -9999 -9999 -9999 -9999 -9999 -9999 -9999 -9999 -9999 -9999 -9999 -9999 -9999 -9999 -9999 -9999 -9999 -9999 -9999 -9999 3215 3215 3214 3213 3208 3206 3205 3201 3202 3208 3208 3207 3204 3203 3203 3202 3201 3198 3192 3186 3173 3152 3125 3107 3094 3103 3121 3137 3138 3135 3140 3142 3151 3174 3188 3189 3187 3186 3192 3200 3204 3207 3209 3211 3212 3212 3212 3208 3211 3212 3213 3213 3213 3213 3212 3212 3211
-9999 -9999 -9999 -9999 -9999 -9999 -9999 -9999 -9999 -9999 -9999 -9999 -9999 -9999 -9999 -9999 -9999 -9999 -9999 -9999 -9999 -9999 -9999 -9999 3215 3215 3208 3207 3198 3191 3185 3182 3182 3185 3192 3196 3196 3198 3197 3198 3198 3195 3188 3177 3165 3154 3128 3099 3077 3063 3065 3085 3095 3111 3110 3116 3130 3143 3167 3183 3186 3181 3180 3185 3190 3198 3200 3201 3198 3205 3210 3206 3206 3205 3205 3208 3211 3210 3210 3211 3210 3210
-9999 -9999 -9999 -9999 -9999 -9999 -9999 -9999 -9999 -9999 -9999 -9999 -9999 -9999 -9999 -9999 -9999 -9999 -9999 -9999 -9999 -9999 -9999 3215 3215 3207 3200 3190 3187 3176 3175 3179 3179 3182 3185 3185 3188 3190 3193 3196 3194 3184 3166 3149 3141 3126 3115 3096 3080 3067 3074 3087 3106 3119 3127 3134 3134 3156 3172 3174 3177 3179 3179 3179 3184 3187 3189 3183 3180 3184 3198 3201 3197 3193 3184 3194 3192 3193 3199 3203 3201 3202
-9999 -9999 -9999 -9999 -9999 -9999 -9999 -9999 -9999 -9999 -9999 -9999 -9999 -9999 -9999 -9999 -9999 -9999 -9999 -9999 -9999 -9999 3215 3215 3213 3208 3195 3193 3188 3186 3183 3187 3191 3191 3190 3189 3190 3190 3189 3190 3184 3164 3143 3138 3131 3122 3107 3101 3092 3086 3096 3120 3140 3158 3156 3148 3149 3157 3167 3163 3161 3169 3168 3176 3177 3185 3187 3183 3177 3183 3191 3193 3187 3177 3165 3169 3175 3173 3179 3187 3187 3182
-9999 -9999 -9999 -9999 -9999 -9999 -9999 -9999 -9999 -9999 -9999 -9999 -9999 -9999 -9999 -9999 -9999 -9999 -9999 -9999 -9999 -9999 3215 3215 3214 3208 3202 3198 3199 3195 3195 3197 3199 3199 3199 3198 3197 3192 3187 3185 3176 3162 3145 3145 3147 3128 3117 3119 3120 3121 3133 3153 3169 3171 3163 3163 3157 3171 3179 3174 3169 3162 3163 3163 3177 3183 3191 3195 3193 3197 3204 3198 3191 3177 3169 3181 3185 3185 3189 3189 3185 3185
-9999 -9999 -9999 -9999 -9999 -9999 -9999 -9999 -9999 -9999 -9999 -9999 -9999 -9999 -9999 -9999 -9999 -9999 -9999 -9999 -9999 -9999 3215 3215 3214 3211 3208 3206 3205 3203 3202 3203 3205 3205 3205 3203 3201 3196 3190 3183 3177 3167 3163 3167 3168 3157 3151 3155 3161 3162 3167 3179 3182 3168 3167 3175 3182 3192 3201 3200 3195 3191 3178 3182 3181 3191 3190 3196 3193 3204 3213 3212 3205 3202 3194 3202 3205 3204 3200 3199 3196 3196
-9999 -9999 -9999 -9999 -9999 -9999 -9999 -9999 -9999 -9999 -9999 -9999 -9999 -9999 -9999 -9999 -9999 -9999 -9999 -9999 -9999 -9999 3216 3216 3215 3214 3212 3210 3208 3206 3206 3207 3209 3210 3209 3208 3204 3200 3193 3187 3181 3177 3175 3180 3182 3181 3177 3182 3184 3183 3187 3193 3184 3171 3171 3194 3206 3210 3214 3216 3215 3214 3210 3204 3205 3197 3198 3191 3192 3197 3214 3211 3218 3217 3215 3214 3214 3214 3210 3208 3208 3205
-9999 -9999 -9999 -9999 -9999 -9999 -9999 -9999 -9999 -9999 -9999 -9999 -9999 -9999 -9999 -9999 -9999 -9999 -9999 -9999 -9999 -9999 3216 3216 3216 3215 3213 3211 3208 3207 3207 3209 3211 3212 3212 3210 3206 3202 3198 3193 3185 3181 3181 3189 3192 3191 3192 3194 3195 3193 3196 3198 3184 3177 3189 3208 3216 3218 3220 3222 3222 3222 3221 3221 3219 3218 3212 3214 3204 3210 3208 3211 3212 3217 3218 3219 3219 3218 3217 3216 3214 3212
-9999 -9999 -9999 -9999 -9999 -9999 -9999 -9999 -9999 -9999 -9999 -9999 -9999 -9999 -9999 -9999 -9999 -9999 -9999 -9999 -9999 -9999 3216 3216 3216 3215 3214 3212 3209 3209 3210 3212 3214 3215 3215 3213 3211 3208 3204 3198 3188 3181 3184 3194 3197 3196 3199 3202 3199 3197 3203 3199 3191 3187 3207 3216 3219 3221 3222 3223 3223 3223 3223 3223 3223 3223 3223 3223 3220 3219 3221 3213 3218 3216 3212 3216 3221 3220 3219 3218 3216 3212
-9999 -9999 -9999 -9999 -9999 -9999 -9999 -9999 -9999 -9999 -9999 -9999 -9999 -9999 -9999 -9999 -9999 -9999 -9999 -9999 -9999 -9999 3216 3216 3216 3215 3214 3213 3212 3212 3214 3215 3216 3216 3216 3216 3215 3213 3210 3203 3196 3188 3193 3201 3202 3200 3204 3204 3202 3201 3206 3209 3198 3204 3214 3220 3222 3221 3223 3223 3223 3223 3223 3223 3223 3223 3223 3223 3223 3222 3222 3222 3221 3215 3213 3215 3217 3218 3219 3219 3217 3212
-9999 -9999 -9999 -9999 -9999 -9999 -9999 -9999 -9999 -9999 -9999 -9999 -9999 -9999 -9999 -9999 -9999 -9999 -9999 -9999 -9999 -9999 3216 3216 3216 3215 3215 3213 3211 3212 3213 3215 3216 3217 3217 3217 3217 3217 3214 3208 3203 3201 3202 3209 3209 3208 3211 3212 3208 3209 3214 3216 3213 3215 3221 3222 3221 3221 3222 3222 3223 -9999 -9999 -9999 -9999 3223 3223 3223 3222 3222 3221 3220 3221 3219 3217 3217 3217 3215 3214 3216 3215 3206
-9999 -9999 -9999 -9999 -9999 -9999 -9999 -9999 -9999 -9999 -9999 -9999 -9999 -9999 -9999 -9999 -9999 -9999 -9999 -9999 -9999 -9999 -9999 3216 3214 3214 3213 3210 3207 3208 3210 3212 3214 3216 3218 3218 3219 3218 3216 3214 3211 3210 3212 3214 3215 3214 3216 3216 3216 3217 3219 3219 3220 3221 3222 3220 3220 3219 3221 3222 -9999 -9999 -9999 -9999 -9999 -9999 -9999 -9999 -9999 -9999 -9999 -9999 -9999 3217 3216 3218 3217 -9999 3209 3210 3206 3199
-9999 -9999 -9999 -9999 -9999 -9999 -9999 -9999 -9999 -9999 -9999 -9999 -9999 -9999 -9999 -9999 -9999 -9999 -9999 -9999 -9999 -9999 -9999 -9999 3210 3208 3209 3206 3208 3211 3213 3214 3214 -9999 -9999 3218 3218 3219 3219 3218 3219 3218 3218 3219 3219 3219 3219 3219 3221 3220 3219 3219 3219 3220 3220 3219 3218 3219 3221 -9999 -9999 -9999 -9999 -9999 -9999 -9999 -9999 -9999 -9999 -9999 -9999 -9999 -9999 -9999 3216 3216 -9999 -9999 3207 3209 3207 3200
