Data/tmax/PRISM_tmax_pr_1963-1995_normal_450mM1_03_asc.asc
ncols 557
nrows 164
xllcorner -67.31875000000
yllcorner 17.86875000000
cellsize 0.00416666667
NODATA_value -9999
[rows 72 to 107 of 164, columns 82 to 163 of 557]
3009 2983 2980 2958 2930 2918 2965 2999 2988 2995 3027 3066 3059 3044 3031 3037 3057 3058 3058 3056 3054 3060 3033 3014 3000 3005 2974 2943 2904 2852 2823 2794 2797 2786 2774 2759 2748 2715 2691 2682 2689 2686 2698 2720 2724 2703 2669 2645 2631 2628 2637 2651 2667 2709 2771 2831 2878 2914 2929 2938 2968 2980 2981 2981 2973 2957 2940 2934 2936 2941 2936 2948 2942 2915 2885 2892 2909 2909 2907 2877 2837 2778
2974 2951 2964 2959 2928 2911 2938 2953 2952 2961 3002 3040 3066 3032 3008 2994 3010 3026 3038 3047 3037 3022 3001 2974 2968 2976 2978 2957 2935 2906 2847 2804 2769 2760 2744 2733 2726 2701 2675 2670 2689 2696 2713 2711 2685 2674 2663 2635 2609 2584 2580 2594 2624 2678 2745 2815 2862 2880 2891 2907 2946 2973 2970 2970 2967 2961 2943 2922 2914 2917 2922 2917 2920 2905 2893 2890 2894 2899 2886 2855 2838 2797
2952 2935 2944 2943 2921 2906 2919 2950 2961 2992 3013 3049 3060 3035 2987 2966 2962 2976 2999 3011 3009 2987 2959 2929 2926 2949 2955 2952 2945 2922 2888 2831 2795 2760 2736 2714 2703 2689 2676 2681 2686 2698 2703 2677 2641 2637 2653 2632 2588 2555 2535 2537 2568 2619 2700 2770 2822 2839 2852 2888 2933 2958 2949 2943 2941 2937 2923 2898 2880 2898 2903 2891 2886 2884 2884 2869 2872 2875 2855 2826 2826 2827
2912 2903 2908 2915 2913 2917 2941 2966 3007 3024 3041 3056 3058 3025 2977 2928 2915 2922 2949 2974 2987 2983 2960 2924 2907 2911 2914 2914 2916 2922 2904 2879 2833 2803 2761 2716 2689 2666 2661 2661 2663 2664 2673 2646 2604 2611 2632 2611 2569 2526 2496 2489 2518 2576 2646 2724 2773 2793 2829 2874 2923 2936 2924 2894 2883 2884 2871 2844 2847 2866 2877 2860 2842 2848 2858 2842 2839 2846 2822 2788 2807 2828
2881 2859 2871 2889 2911 2934 2954 2988 3014 3021 3019 3035 3036 2998 2955 2906 2870 2875 2894 2916 2948 2975 2969 2947 2923 2898 2879 2867 2884 2895 2907 2891 2877 2839 2807 2746 2696 2659 2642 2635 2623 2640 2663 2636 2610 2618 2633 2617 2567 2522 2479 2465 2506 2564 2624 2671 2708 2739 2785 2844 2886 2910 2901 2868 2835 2820 2807 2793 2803 2838 2846 2830 2807 2815 2832 2817 2817 2827 2803 2784 2808 2819
2867 2845 2848 2882 2920 2954 2974 3001 3018 3004 3002 3009 3001 2976 2938 2889 2844 2822 2828 2849 2885 2931 2949 2944 2941 2908 2864 2839 2831 2850 2865 2874 2865 2858 2829 2790 2731 2692 2665 2640 2623 2630 2654 2640 2627 2635 2650 2637 2596 2559 2508 2491 2522 2563 2582 2599 2617 2661 2735 2803 2852 2891 2908 2880 2848 2818 2783 2759 2765 2794 2806 2804 2792 2792 2799 2783 2788 2796 2799 2805 2821 2818
2848 2829 2858 2906 2948 2977 2990 3004 3007 2984 2968 2974 2965 2939 2917 2878 2831 2787 2778 2791 2833 2875 2894 2914 2931 2915 2871 2818 2794 2790 2814 2816 2820 2820 2828 2806 2766 2732 2708 2671 2629 2618 2631 2627 2632 2646 2647 2636 2618 2580 2553 2528 2538 2546 2540 2532 2553 2610 2706 2792 2851 2889 2901 2883 2855 2825 2773 2724 2716 2737 2752 2775 2783 2771 2765 2738 2746 2765 2790 2813 2833 2810
2828 2841 2883 2920 2945 2958 2965 2985 2981 2956 2936 2925 2918 2892 2869 2842 2806 2760 2734 2757 2796 2835 2862 2891 2914 2909 2872 2818 2769 2752 2755 2759 2762 2778 2802 2791 2758 2733 2721 2698 2646 2618 2621 2620 2619 2630 2626 2622 2596 2585 2567 2565 2571 2557 2537 2538 2560 2627 2715 2802 2864 2884 2868 2836 2839 2799 2739 2685 2661 2675 2693 2734 2759 2753 2720 2697 2697 2719 2755 2797 2815 2798
2843 2867 2908 2911 2894 2893 2917 2946 2963 2933 2901 2880 2868 2841 2811 2781 2756 2714 2705 2727 2774 2818 2867 2888 2903 2902 2879 2838 2792 2749 2730 2709 2729 2760 2769 2749 2705 2695 2711 2711 2693 2662 2651 2623 2605 2592 2592 2578 2559 2531 2540 2554 2567 2556 2536 2547 2586 2654 2746 2813 2863 2872 2841 2814 2813 2786 2721 2665 2632 2638 2655 2698 2734 2720 2686 2649 2645 2668 2714 2759 2778 2758
2858 2891 2915 2885 2846 2844 2866 2917 2920 2916 2876 2843 2821 2790 2756 2719 2692 2677 2669 2704 2748 2805 2853 2878 2863 2871 2861 2836 2805 2777 2730 2711 2719 2749 2754 2705 2662 2644 2673 2711 2719 2704 2689 2646 2594 2574 2562 2539 2503 2478 2487 2511 2530 2523 2511 2526 2587 2675 2758 2818 2849 2858 2833 2811 2818 2805 2753 2707 2666 2653 2652 2692 2714 2692 2652 2607 2584 2610 2667 2727 2734 2714
2869 2898 2914 2877 2832 2832 2862 2878 2898 2893 2876 2846 2816 2773 2732 2685 2661 2654 2662 2695 2745 2800 2848 2837 2812 2808 2819 2793 2789 2777 2743 2705 2711 2744 2746 2708 2654 2626 2629 2676 2707 2713 2701 2662 2611 2579 2559 2530 2480 2456 2455 2474 2488 2489 2503 2546 2610 2689 2772 2794 2800 2815 2811 2801 2823 2821 2798 2760 2711 2670 2650 2662 2672 2637 2602 2554 2537 2565 2632 2687 2696 2686
2857 2887 2903 2876 2838 2843 2862 2865 2847 2859 2854 2842 2834 2804 2761 2716 2682 2671 2674 2703 2755 2805 2838 2813 2769 2764 2764 2753 2742 2747 2717 2680 2689 2726 2754 2737 2692 2638 2628 2636 2676 2698 2708 2690 2652 2626 2611 2564 2514 2478 2466 2455 2463 2479 2514 2571 2636 2707 2758 2760 2745 2753 2758 2765 2799 2818 2810 2775 2725 2667 2622 2631 2614 2580 2540 2510 2520 2577 2634 2680 2677 2684
2823 2852 2892 2869 2835 2830 2850 2835 2816 2810 2805 2816 2828 2830 2806 2760 2716 2691 2672 2697 2742 2793 2825 2815 2772 2746 2730 2711 2707 2712 2692 2670 2683 2732 2760 2749 2727 2685 2637 2627 2636 2677 2711 2704 2687 2677 2656 2611 2562 2528 2504 2491 2492 2510 2552 2611 2669 2721 2758 2737 2699 2696 2699 2719 2756 2787 2778 2753 2695 2637 2601 2603 2583 2531 2490 2471 2519 2589 2635 2656 2653 2677
2794 2842 2873 2875 2832 2820 2829 2830 2806 2795 2780 2786 2804 2811 2805 2776 2720 2676 2636 2652 2689 2748 2796 2810 2781 2739 2716 2691 2679 2686 2680 2685 2713 2748 2754 2740 2725 2699 2660 2616 2625 2661 2692 2687 2672 2680 2670 2651 2610 2586 2557 2544 2542 2551 2581 2626 2683 2733 2739 2707 2663 2650 2653 2678 2717 2736 2750 2736 2695 2648 2616 2612 2578 2525 2487 2476 2536 2595 2614 2629 2633 2671
2810 2836 2867 2873 2858 2832 2826 2821 2804 2779 2770 2766 2773 2789 2790 2776 2729 2665 2620 2608 2651 2699 2761 2784 2765 2736 2722 2699 2666 2648 2668 2692 2722 2751 2735 2704 2684 2673 2639 2608 2608 2647 2673 2638 2623 2634 2649 2655 2647 2633 2615 2596 2595 2597 2617 2652 2696 2725 2712 2665 2620 2602 2606 2637 2665 2692 2715 2727 2718 2675 2643 2624 2597 2569 2531 2516 2535 2557 2576 2599 2630 2667
2833 2836 2854 2871 2871 2853 2831 2806 2778 2757 2730 2740 2763 2770 2789 2786 2746 2687 2628 2617 2623 2659 2707 2735 2724 2716 2722 2709 2653 2624 2639 2674 2704 2723 2723 2678 2654 2639 2616 2589 2604 2644 2649 2615 2578 2580 2593 2624 2644 2656 2644 2637 2622 2633 2655 2685 2715 2720 2681 2629 2584 2556 2555 2584 2612 2638 2667 2698 2706 2692 2645 2618 2596 2587 2578 2539 2515 2495 2506 2557 2604 2637
2842 2851 2863 2884 2881 2865 2840 2812 2774 2737 2720 2720 2742 2765 2768 2773 2756 2702 2660 2630 2627 2623 2649 2675 2666 2669 2701 2701 2655 2611 2613 2642 2666 2709 2717 2704 2668 2653 2624 2604 2628 2656 2659 2615 2575 2553 2550 2585 2622 2645 2653 2626 2618 2622 2657 2699 2725 2730 2680 2625 2575 2536 2517 2523 2556 2581 2609 2644 2682 2684 2664 2622 2595 2590 2587 2570 2518 2477 2472 2520 2567 2581
2836 2840 2877 2882 2855 2833 2838 2834 2798 2769 2735 2728 2738 2741 2738 2751 2745 2717 2681 2657 2640 2634 2639 2635 2631 2634 2668 2694 2659 2608 2588 2599 2625 2667 2703 2703 2697 2666 2632 2610 2627 2649 2649 2623 2594 2558 2544 2555 2598 2638 2635 2619 2592 2598 2631 2683 2730 2740 2716 2660 2607 2557 2508 2496 2493 2513 2548 2589 2628 2657 2653 2633 2603 2587 2587 2575 2542 2492 2483 2516 2548 2537
2813 2839 2872 2872 2813 2789 2809 2819 2816 2796 2778 2760 2761 2744 2735 2719 2712 2694 2678 2652 2654 2655 2644 2638 2621 2617 2659 2689 2661 2613 2579 2556 2571 2612 2645 2677 2679 2654 2613 2586 2591 2617 2630 2626 2613 2588 2548 2547 2569 2609 2607 2581 2555 2558 2589 2646 2706 2745 2731 2703 2654 2603 2550 2496 2469 2461 2487 2536 2579 2605 2612 2599 2579 2563 2560 2557 2523 2488 2477 2504 2519 2501
2797 2833 2878 2863 2822 2792 2786 2811 2803 2805 2785 2769 2754 2753 2732 2716 2689 2660 2651 2646 2655 2654 2655 2636 2626 2618 2641 2674 2645 2599 2559 2534 2530 2553 2583 2614 2634 2607 2569 2539 2536 2565 2594 2594 2603 2588 2560 2540 2566 2586 2577 2540 2525 2526 2559 2617 2683 2713 2730 2722 2690 2645 2591 2536 2478 2440 2444 2484 2527 2555 2558 2549 2532 2522 2532 2530 2510 2478 2464 2480 2486 2455
2777 2827 2853 2854 2839 2825 2804 2790 2794 2769 2745 2718 2712 2706 2730 2728 2688 2654 2644 2643 2646 2646 2640 2643 2640 2626 2646 2663 2627 2569 2537 2510 2499 2504 2509 2553 2572 2545 2506 2477 2472 2507 2536 2544 2560 2550 2521 2518 2540 2564 2553 2528 2524 2539 2572 2631 2680 2702 2704 2717 2706 2667 2621 2568 2505 2449 2425 2436 2475 2500 2503 2498 2481 2482 2494 2502 2491 2465 2459 2460 2455 2433
2786 2815 2823 2802 2825 2823 2793 2791 2777 2754 2712 2692 2671 2675 2697 2714 2697 2658 2638 2629 2616 2601 2608 2630 2641 2650 2654 2678 2647 2590 2550 2522 2499 2464 2463 2505 2531 2492 2440 2402 2397 2443 2483 2503 2530 2502 2460 2464 2495 2527 2535 2531 2541 2569 2607 2651 2688 2683 2681 2696 2700 2679 2653 2603 2551 2501 2455 2442 2442 2447 2451 2447 2439 2445 2462 2463 2458 2462 2459 2460 2455 2438
2786 2793 2757 2750 2776 2775 2758 2761 2771 2750 2727 2696 2675 2661 2674 2689 2688 2671 2644 2615 2580 2559 2568 2588 2623 2631 2645 2670 2662 2637 2609 2576 2525 2460 2436 2469 2494 2466 2407 2358 2341 2382 2436 2473 2495 2474 2421 2411 2438 2471 2499 2504 2528 2563 2594 2631 2658 2654 2630 2654 2672 2675 2663 2629 2579 2533 2507 2468 2436 2414 2410 2420 2408 2417 2437 2442 2464 2482 2501 2491 2478 2463
2771 2760 2709 2692 2716 2722 2711 2722 2740 2740 2719 2701 2680 2673 2671 2667 2657 2643 2625 2602 2574 2550 2540 2554 2578 2605 2618 2648 2649 2633 2625 2601 2563 2502 2454 2463 2463 2446 2409 2351 2323 2338 2386 2423 2462 2448 2411 2398 2391 2412 2441 2452 2475 2501 2525 2554 2595 2595 2576 2593 2625 2635 2644 2609 2556 2515 2504 2491 2457 2425 2433 2436 2416 2416 2431 2456 2491 2537 2560 2551 2531 2510
2735 2721 2692 2669 2669 2679 2694 2695 2722 2740 2740 2730 2716 2724 2725 2691 2651 2618 2607 2608 2604 2578 2552 2541 2553 2574 2605 2627 2607 2593 2575 2557 2546 2525 2500 2477 2459 2440 2414 2376 2327 2322 2336 2365 2386 2401 2386 2379 2360 2357 2385 2407 2435 2464 2478 2503 2545 2553 2523 2541 2574 2585 2598 2570 2504 2459 2461 2476 2467 2466 2479 2493 2463 2448 2456 2480 2526 2575 2613 2621 2611 2579
2667 2693 2711 2694 2685 2713 2733 2727 2748 2784 2787 2769 2760 2757 2767 2749 2699 2651 2629 2641 2650 2634 2601 2579 2572 2571 2589 2599 2582 2565 2550 2533 2527 2520 2516 2501 2472 2457 2439 2399 2367 2332 2327 2328 2332 2338 2347 2346 2326 2308 2337 2383 2428 2465 2480 2496 2521 2518 2484 2488 2516 2521 2543 2516 2454 2393 2400 2429 2458 2488 2529 2540 2520 2493 2485 2498 2524 2575 2625 2651 2659 2639
2686 2714 2754 2753 2735 2755 2799 2780 2795 2824 2826 2814 2776 2760 2780 2791 2775 2727 2691 2669 2689 2684 2659 2650 2609 2580 2574 2569 2544 2550 2554 2555 2537 2520 2498 2486 2463 2447 2437 2416 2389 2362 2339 2338 2332 2340 2338 2345 2313 2293 2320 2373 2427 2467 2487 2495 2504 2487 2446 2438 2448 2455 2478 2466 2409 2358 2354 2390 2442 2496 2548 2577 2573 2550 2528 2520 2526 2545 2584 2618 2656 2671
2758 2765 2810 2808 2766 2787 2822 2840 2854 2864 2868 2839 2794 2757 2764 2809 2828 2808 2745 2709 2703 2719 2733 2722 2691 2630 2607 2593 2570 2565 2594 2608 2586 2540 2519 2499 2468 2448 2431 2415 2393 2363 2350 2362 2376 2391 2389 2380 2352 2325 2338 2382 2427 2468 2493 2502 2498 2474 2436 2421 2417 2406 2424 2426 2388 2342 2330 2368 2417 2474 2528 2574 2595 2602 2582 2566 2545 2540 2538 2564 2598 2640
2827 2815 2854 2845 2799 2773 2815 2869 2900 2912 2892 2860 2803 2755 2751 2794 2832 2844 2807 2738 2721 2739 2760 2793 2777 2721 2678 2662 2634 2626 2649 2671 2623 2574 2558 2543 2510 2461 2444 2430 2417 2395 2394 2419 2459 2482 2478 2448 2418 2377 2369 2398 2432 2469 2485 2491 2487 2480 2466 2447 2423 2401 2404 2390 2371 2332 2308 2338 2385 2431 2480 2530 2583 2613 2627 2611 2591 2564 2543 2538 2543 2567
2862 2855 2880 2874 2825 2790 2813 2863 2922 2937 2922 2872 2823 2780 2757 2771 2816 2848 2847 2800 2750 2754 2772 2811 2827 2795 2733 2722 2694 2676 2703 2714 2660 2610 2602 2607 2561 2520 2494 2489 2474 2468 2463 2496 2540 2582 2566 2530 2486 2430 2401 2402 2441 2472 2472 2469 2467 2477 2484 2472 2447 2430 2419 2405 2389 2360 2331 2361 2399 2425 2466 2511 2562 2619 2643 2650 2631 2616 2584 2559 2545 2532
2899 2900 2917 2891 2844 2832 2817 2850 2910 2944 2928 2877 2823 2778 2757 2766 2799 2841 2873 2859 2831 2818 2835 2855 2876 2825 2771 2761 2736 2715 2746 2767 2718 2674 2679 2668 2643 2606 2590 2574 2551 2531 2535 2552 2605 2646 2630 2586 2543 2484 2419 2407 2435 2465 2466 2452 2449 2460 2475 2471 2463 2471 2466 2438 2433 2409 2383 2413 2444 2447 2467 2508 2558 2614 2656 2662 2672 2663 2630 2610 2572 2545
2951 2958 2946 2902 2871 2868 2849 2853 2911 2958 2936 2865 2799 2764 2756 2782 2803 2848 2878 2897 2889 2901 2905 2922 2908 2866 2814 2811 2786 2765 2795 2805 2786 2749 2746 2744 2712 2682 2658 2622 2582 2577 2584 2618 2656 2695 2678 2632 2597 2535 2467 2420 2437 2458 2455 2448 2442 2441 2446 2449 2469 2508 2510 2489 2478 2460 2442 2471 2502 2482 2471 2487 2536 2600 2641 2660 2664 2695 2689 2655 2638 2596
2992 2987 2956 2918 2912 2896 2882 2874 2931 2977 2936 2858 2786 2748 2772 2790 2817 2842 2870 2890 2906 2913 2933 2948 2944 2913 2881 2880 2862 2840 2847 2850 2820 2793 2797 2788 2736 2695 2651 2606 2586 2605 2646 2686 2723 2745 2729 2689 2641 2585 2504 2448 2428 2430 2429 2444 2441 2439 2426 2431 2468 2530 2565 2548 2545 2522 2505 2530 2556 2525 2482 2478 2519 2586 2634 2637 2642 2683 2711 2705 2682 2660
3024 2997 2966 2958 2938 2938 2892 2893 2934 2981 2959 2895 2837 2804 2820 2834 2845 2850 2849 2866 2873 2896 2928 2968 2979 2970 2937 2937 2924 2920 2906 2881 2844 2811 2816 2790 2732 2658 2624 2599 2602 2651 2706 2756 2779 2794 2775 2727 2675 2608 2536 2471 2437 2411 2421 2445 2468 2460 2451 2446 2473 2541 2588 2618 2616 2599 2578 2583 2611 2578 2535 2517 2551 2612 2653 2657 2636 2684 2733 2727 2724 2698
3038 3021 3001 2990 2992 2966 2944 2908 2942 2988 2980 2936 2880 2849 2870 2900 2900 2878 2869 2858 2854 2863 2897 2941 2980 2983 2965 2957 2961 2957 2951 2913 2874 2844 2838 2802 2719 2657 2626 2622 2629 2676 2737 2790 2823 2833 2806 2768 2710 2647 2576 2525 2478 2440 2447 2474 2492 2504 2496 2488 2493 2525 2587 2644 2688 2681 2653 2653 2670 2647 2596 2575 2598 2652 2687 2699 2680 2693 2747 2766 2750 2709
3057 3045 3033 3020 3011 3009 2977 2956 2961 3004 2989 2938 2886 2858 2885 2929 2940 2910 2883 2904 2885 2880 2900 2929 2968 2998 2985 2976 2970 2967 2943 2925 2895 2871 2862 2810 2749 2700 2679 2678 2667 2697 2749 2811 2846 2843 2810 2763 2716 2663 2612 2580 2537 2502 2499 2514 2528 2562 2565 2543 2527 2529 2555 2637 2714 2746 2735 2720 2743 2720 2667 2624 2644 2689 2731 2749 2718 2704 2744 2780 2773 2723
