Data/tmax/PRISM_tmax_pr_1963-1995_normal_450mM1_10_asc.asc
ncols 557
nrows 164
xllcorner -67.31875000000
yllcorner 17.86875000000
cellsize 0.00416666667
NODATA_value -9999
[rows 72 to 107 of 164, columns 0 to 81 of 557]
-9999 -9999 -9999 -9999 -9999 -9999 -9999 -9999 -9999 -9999 -9999 -9999 -9999 -9999 -9999 -9999 -9999 -9999 -9999 -9999 -9999 -9999 -9999 -9999 -9999 -9999 -9999 -9999 -9999 -9999 -9999 3224 3224 3219 3219 3218 3220 3226 3227 3225 3221 3217 3216 3217 3215 3212 3205 3203 3208 3198 3187 3176 3152 3132 3126 3143 3168 3203 3202 3192 3174 3164 3157 3162 3147 3147 3127 3108 3095 3086 3078 3085 3114 3129 3135 3134 3136 3126 3115 3131 3156 3165
-9999 -9999 -9999 -9999 -9999 -9999 -9999 -9999 -9999 -9999 -9999 -9999 -9999 -9999 -9999 -9999 -9999 -9999 -9999 -9999 -9999 -9999 -9999 -9999 -9999 -9999 -9999 -9999 -9999 -9999 -9999 3225 3225 3224 3220 3219 3219 3222 3223 3220 3215 3210 3212 3212 3211 3211 3205 3208 3203 3190 3185 3169 3155 3135 3134 3139 3151 3169 3172 3156 3149 3137 3145 3141 3140 3130 3116 3102 3091 3085 3076 3083 3100 3114 3125 3125 3133 3119 3109 3132 3147 3140
-9999 -9999 -9999 -9999 -9999 -9999 -9999 -9999 -9999 -9999 -9999 -9999 -9999 -9999 -9999 -9999 -9999 -9999 -9999 -9999 -9999 -9999 -9999 -9999 -9999 -9999 -9999 -9999 -9999 -9999 -9999 3225 3225 3224 3222 3220 3219 3218 3217 3211 3204 3201 3202 3204 3198 3200 3204 3201 3195 3181 3169 3160 3145 3143 3148 3148 3145 3152 3140 3123 3103 3095 3093 3102 3112 3113 3106 3099 3089 3078 3066 3069 3087 3106 3109 3116 3116 3110 3105 3115 3121 3108
-9999 -9999 -9999 -9999 -9999 -9999 -9999 -9999 -9999 -9999 -9999 -9999 -9999 -9999 -9999 -9999 -9999 -9999 -9999 -9999 -9999 -9999 -9999 -9999 -9999 -9999 -9999 -9999 -9999 -9999 -9999 3225 3225 3225 3224 3221 3218 3214 3211 3206 3200 3193 3196 3188 3184 3191 3195 3204 3198 3182 3179 3170 3162 3156 3163 3163 3154 3153 3151 3137 3113 3086 3071 3062 3080 3101 3107 3097 3087 3070 3051 3054 3076 3095 3099 3087 3103 3099 3098 3094 3085 3062
-9999 -9999 -9999 -9999 -9999 -9999 -9999 -9999 -9999 -9999 -9999 -9999 -9999 -9999 -9999 -9999 -9999 -9999 -9999 -9999 -9999 -9999 -9999 -9999 -9999 -9999 -9999 -9999 -9999 -9999 -9999 -9999 3225 3225 3224 3223 3215 3210 3207 3201 3196 3190 3186 3179 3175 3182 3193 3196 3185 3171 3158 3149 3150 3156 3160 3160 3158 3153 3153 3156 3142 3108 3072 3048 3040 3069 3085 3094 3086 3071 3059 3049 3064 3072 3072 3073 3071 3088 3083 3080 3060 3042
-9999 -9999 -9999 -9999 -9999 -9999 -9999 -9999 -9999 -9999 -9999 -9999 -9999 -9999 -9999 -9999 -9999 -9999 -9999 -9999 -9999 -9999 -9999 -9999 -9999 -9999 -9999 -9999 -9999 -9999 -9999 -9999 3225 3225 3225 3220 3213 3202 3200 3199 3194 3191 3185 3178 3173 3178 3182 3187 3183 3160 3135 3126 3127 3133 3145 3140 3133 3119 3122 3139 3147 3123 3097 3058 3036 3028 3049 3063 3067 3063 3052 3048 3054 3057 3057 3054 3056 3058 3072 3064 3061 3039
-9999 -9999 -9999 -9999 -9999 -9999 -9999 -9999 -9999 -9999 -9999 -9999 -9999 -9999 -9999 -9999 -9999 -9999 -9999 -9999 -9999 -9999 -9999 -9999 -9999 -9999 -9999 -9999 -9999 -9999 -9999 -9999 -9999 3225 3225 3223 3213 3206 3201 3200 3202 3199 3195 3189 3183 3178 3173 3173 3172 3162 3134 3111 3113 3119 3130 3129 3113 3090 3085 3114 3124 3131 3113 3091 3053 3023 3025 3027 3027 3022 3020 3032 3038 3036 3037 3034 3028 3039 3052 3048 3042 3025
-9999 -9999 -9999 -9999 -9999 -9999 -9999 -9999 -9999 -9999 -9999 -9999 -9999 -9999 -9999 -9999 -9999 -9999 -9999 -9999 -9999 -9999 -9999 -9999 -9999 -9999 -9999 -9999 -9999 -9999 -9999 -9999 -9999 -9999 3225 3225 3224 3217 3215 3213 3212 3211 3208 3203 3200 3186 3172 3169 3174 3169 3150 3131 3118 3118 3131 3129 3114 3088 3084 3084 3106 3114 3119 3103 3079 3051 3027 3017 2998 2986 2993 3000 3018 3012 2997 2999 2999 3010 3016 3019 3016 2999
-9999 -9999 -9999 -9999 -9999 -9999 -9999 -9999 -9999 -9999 -9999 -9999 -9999 -9999 -9999 -9999 -9999 -9999 -9999 -9999 -9999 -9999 -9999 -9999 -9999 -9999 -9999 -9999 -9999 -9999 -9999 -9999 -9999 -9999 -9999 3225 3225 3225 3223 3222 3220 3218 3215 3211 3202 3191 3183 3177 3184 3184 3169 3156 3150 3139 3147 3139 3123 3106 3096 3079 3076 3095 3105 3100 3084 3069 3054 3031 3011 2999 2992 2994 2992 2979 2960 2958 2957 2962 2962 2966 2984 2990
-9999 -9999 -9999 -9999 -9999 -9999 -9999 -9999 -9999 -9999 -9999 -9999 -9999 -9999 -9999 -9999 -9999 -9999 -9999 -9999 -9999 -9999 -9999 -9999 -9999 -9999 -9999 -9999 -9999 -9999 -9999 -9999 -9999 -9999 -9999 -9999 3225 3225 3225 3223 3222 3221 3218 3213 3205 3200 3197 3197 3197 3187 3183 3179 3175 3164 3157 3154 3136 3129 3128 3108 3083 3084 3079 3079 3074 3065 3057 3040 3035 3018 3004 2994 2983 2964 2950 2933 2935 2928 2922 2922 2952 2980
-9999 -9999 -9999 -9999 -9999 -9999 -9999 -9999 -9999 -9999 -9999 -9999 -9999 -9999 -9999 -9999 -9999 -9999 -9999 -9999 -9999 -9999 -9999 -9999 -9999 -9999 -9999 -9999 -9999 -9999 -9999 -9999 -9999 -9999 -9999 -9999 3225 3225 3225 3224 3223 3222 3220 3216 3213 3209 3203 3202 3194 3192 3187 3198 3196 3187 3183 3172 3164 3155 3157 3139 3115 3085 3080 3079 3081 3081 3062 3050 3041 3022 3001 2983 2979 2975 2963 2961 2953 2946 2925 2920 2942 2993
-9999 -9999 -9999 -9999 -9999 -9999 -9999 -9999 -9999 -9999 -9999 -9999 -9999 -9999 -9999 -9999 -9999 -9999 -9999 -9999 -9999 -9999 -9999 -9999 -9999 -9999 -9999 -9999 -9999 -9999 -9999 -9999 -9999 -9999 -9999 -9999 -9999 3225 3225 3224 3223 3222 3221 3218 3214 3208 3201 3189 3189 3180 3185 3192 3200 3202 3202 3203 3191 3182 3176 3153 3130 3115 3100 3105 3101 3096 3078 3063 3053 3037 3000 2996 2995 3002 2998 2986 2972 2947 2930 2907 2934 2974
-9999 -9999 -9999 -9999 -9999 -9999 -9999 -9999 -9999 -9999 -9999 -9999 -9999 -9999 -9999 -9999 -9999 -9999 -9999 -9999 -9999 -9999 -9999 -9999 -9999 -9999 -9999 -9999 -9999 -9999 -9999 -9999 -9999 -9999 -9999 -9999 -9999 3225 3225 3225 3224 3223 3219 3214 3208 3197 3187 3190 3187 3188 3187 3189 3183 3194 3192 3192 3186 3183 3170 3158 3147 3125 3117 3104 3094 3087 3080 3072 3069 3038 3027 3011 3024 3032 3021 2992 2966 2940 2919 2899 2908 2929
-9999 -9999 -9999 -9999 -9999 -9999 -9999 -9999 -9999 -9999 -9999 -9999 -9999 -9999 -9999 -9999 -9999 -9999 -9999 -9999 -9999 -9999 -9999 -9999 -9999 -9999 -9999 -9999 -9999 -9999 -9999 -9999 -9999 -9999 -9999 -9999 3225 3225 3225 3225 3224 3224 3218 3210 3192 3177 3163 3160 3175 3183 3179 3177 3175 3169 3173 3165 3156 3149 3145 3140 3133 3111 3095 3081 3059 3057 3074 3091 3079 3067 3037 3041 3052 3055 3041 3016 2990 2965 2949 2925 2908 2920
-9999 -9999 -9999 -9999 -9999 -9999 -9999 -9999 -9999 -9999 -9999 -9999 -9999 -9999 -9999 -9999 -9999 -9999 -9999 -9999 -9999 -9999 -9999 -9999 -9999 -9999 -9999 -9999 -9999 -9999 -9999 -9999 -9999 -9999 3225 3225 3225 3225 3225 3224 3222 3218 3214 3206 3195 3174 3151 3136 3134 3142 3145 3146 3146 3157 3143 3142 3134 3120 3109 3114 3110 3101 3087 3071 3048 3053 3083 3112 3120 3094 3082 3073 3067 3073 3051 3038 3022 3003 2986 2965 2957 2935
-9999 -9999 -9999 -9999 -9999 -9999 -9999 -9999 -9999 -9999 -9999 -9999 -9999 -9999 -9999 -9999 -9999 -9999 -9999 -9999 -9999 -9999 -9999 -9999 -9999 -9999 -9999 -9999 -9999 -9999 -9999 -9999 -9999 3225 3225 3225 3225 3225 3224 3221 3217 3215 3211 3208 3202 3189 3167 3137 3119 3106 3100 3097 3104 3104 3105 3105 3113 3103 3103 3106 3116 3117 3105 3085 3065 3077 3111 3144 3147 3137 3106 3080 3061 3036 3022 3014 3012 3001 2989 2987 2983 2970
-9999 -9999 -9999 -9999 -9999 -9999 -9999 -9999 -9999 -9999 -9999 -9999 -9999 -9999 -9999 -9999 -9999 -9999 -9999 -9999 -9999 -9999 -9999 -9999 -9999 -9999 -9999 -9999 -9999 -9999 -9999 -9999 3226 3226 3225 3225 3225 3225 3223 3221 3217 3215 3214 3210 3202 3194 3183 3163 3142 3122 3101 3080 3059 3058 3049 3065 3089 3114 3122 3137 3143 3152 3135 3113 3114 3129 3145 3144 3149 3125 3103 3065 3029 3008 2987 2985 2977 2970 2968 2966 2985 2981
-9999 -9999 -9999 -9999 -9999 -9999 -9999 -9999 -9999 -9999 -9999 -9999 -9999 -9999 -9999 -9999 -9999 -9999 -9999 -9999 -9999 -9999 -9999 -9999 -9999 -9999 -9999 -9999 -9999 -9999 -9999 3226 3226 3226 3225 3225 3225 3225 3224 3222 3220 3218 3214 3212 3206 3197 3189 3185 3170 3153 3133 3098 3060 3040 3036 3047 3089 3124 3163 3172 3177 3180 3170 3161 3160 3159 3134 3110 3098 3096 3089 3074 3043 3022 2995 2974 2953 2936 2937 2955 2967 2965
-9999 -9999 -9999 -9999 -9999 -9999 -9999 -9999 -9999 -9999 -9999 -9999 -9999 -9999 -9999 -9999 -9999 -9999 -9999 -9999 -9999 -9999 -9999 -9999 -9999 -9999 -9999 -9999 -9999 -9999 -9999 3226 3226 3226 3226 3226 3226 3225 3225 3224 3222 3217 3215 3212 3211 3206 3202 3195 3188 3171 3155 3121 3088 3068 3066 3083 3113 3155 3181 3195 3186 3188 3174 3176 3172 3148 3114 3075 3062 3058 3054 3047 3027 3011 2999 2971 2932 2915 2925 2948 2958 2943
-9999 -9999 -9999 -9999 -9999 -9999 -9999 -9999 -9999 -9999 -9999 -9999 -9999 -9999 -9999 -9999 -9999 -9999 -9999 -9999 -9999 -9999 -9999 -9999 -9999 -9999 -9999 -9999 -9999 -9999 3226 3226 3224 3223 3225 3226 3226 3225 3224 3222 3220 3214 3213 3213 3213 3212 3210 3209 3203 3196 3185 3173 3146 3129 3131 3149 3171 3184 3195 3182 3157 3132 3129 3129 3133 3127 3114 3086 3071 3046 3026 2998 2975 2975 2984 2975 2940 2916 2919 2936 2929 2907
-9999 -9999 -9999 -9999 -9999 -9999 -9999 -9999 -9999 -9999 -9999 -9999 -9999 -9999 -9999 -9999 -9999 -9999 -9999 -9999 -9999 -9999 -9999 -9999 -9999 -9999 -9999 -9999 -9999 3226 3226 3224 3221 3219 3220 3226 3226 3225 3223 3221 3216 3213 3211 3213 3210 3208 3207 3208 3203 3202 3207 3206 3193 3180 3179 3197 3207 3209 3198 3177 3136 3111 3102 3094 3083 3079 3080 3057 3035 3025 3007 2977 2935 2919 2931 2927 2902 2893 2898 2909 2884 2863
-9999 -9999 -9999 -9999 -9999 -9999 -9999 -9999 -9999 -9999 -9999 -9999 -9999 -9999 -9999 -9999 -9999 -9999 -9999 -9999 -9999 -9999 -9999 -9999 -9999 -9999 -9999 -9999 -9999 -9999 3226 3226 3222 3218 3220 3222 3225 3225 3224 3221 3218 3213 3212 3206 3202 3191 3187 3184 3181 3183 3191 3196 3202 3195 3200 3216 3217 3214 3207 3184 3153 3138 3134 3111 3083 3069 3062 3029 2998 2998 3003 2970 2924 2884 2879 2868 2861 2856 2874 2888 2867 2844
-9999 -9999 -9999 -9999 -9999 -9999 -9999 -9999 -9999 -9999 -9999 -9999 -9999 -9999 -9999 -9999 -9999 -9999 -9999 -9999 -9999 -9999 -9999 -9999 -9999 -9999 -9999 -9999 -9999 -9999 3226 3226 3226 3223 3221 3223 3224 3225 3225 3223 3223 3221 3217 3215 3204 3193 3183 3185 3178 3181 3182 3192 3193 3200 3206 3219 3215 3208 3203 3187 3169 3171 3166 3143 3125 3107 3091 3044 3008 3003 3021 2998 2945 2903 2874 2857 2840 2826 2822 2855 2841 2846
-9999 -9999 -9999 -9999 -9999 -9999 -9999 -9999 -9999 -9999 -9999 -9999 -9999 -9999 -9999 -9999 -9999 -9999 -9999 -9999 -9999 -9999 -9999 -9999 -9999 -9999 -9999 -9999 -9999 -9999 -9999 3226 3226 3225 3222 3218 3218 3222 3224 3225 3226 3227 3226 3219 3212 3202 3200 3195 3195 3192 3198 3192 3205 3211 3214 3217 3207 3192 3181 3181 3184 3190 3186 3173 3164 3145 3114 3077 3038 3040 3054 3020 2988 2953 2918 2905 2871 2813 2783 2798 2802 2831
-9999 -9999 -9999 -9999 -9999 -9999 -9999 -9999 -9999 -9999 -9999 -9999 -9999 -9999 -9999 -9999 -9999 -9999 -9999 -9999 -9999 -9999 -9999 -9999 -9999 -9999 -9999 -9999 -9999 -9999 -9999 3227 3227 3225 3218 3208 3201 3209 3220 3225 3229 3230 3227 3219 3212 3211 3209 3214 3207 3211 3200 3196 3202 3215 3227 3224 3211 3191 3186 3189 3201 3208 3199 3186 3187 3157 3130 3107 3091 3083 3072 3036 3021 3008 2990 2953 2907 2837 2783 2782 2775 2780
-9999 -9999 -9999 -9999 -9999 -9999 -9999 -9999 -9999 -9999 -9999 -9999 -9999 -9999 -9999 -9999 -9999 -9999 -9999 -9999 -9999 -9999 -9999 -9999 -9999 -9999 -9999 -9999 -9999 -9999 3227 3227 3226 3224 3214 3196 3182 3192 3207 3221 3230 3233 3231 3226 3222 3223 3227 3228 3228 3225 3217 3194 3194 3210 3222 3219 3206 3198 3198 3210 3205 3206 3197 3192 3179 3169 3148 3132 3127 3113 3093 3062 3067 3059 3028 2992 2939 2868 2856 2829 2778 2763
-9999 -9999 -9999 -9999 -9999 -9999 -9999 -9999 -9999 -9999 -9999 -9999 -9999 -9999 -9999 -9999 -9999 -9999 -9999 -9999 -9999 -9999 -9999 -9999 -9999 -9999 -9999 -9999 -9999 -9999 3227 3227 3227 3224 3215 3194 3174 3181 3198 3216 3228 3236 3238 3238 3238 3240 3239 3240 3239 3238 3228 3213 3204 3213 3218 3207 3194 3187 3200 3209 3205 3199 3192 3178 3173 3165 3157 3150 3149 3140 3127 3105 3094 3070 3035 2994 2948 2929 2913 2889 2831 2795
-9999 -9999 -9999 -9999 -9999 -9999 -9999 -9999 -9999 -9999 -9999 -9999 -9999 -9999 -9999 -9999 -9999 -9999 -9999 -9999 -9999 -9999 -9999 -9999 -9999 -9999 -9999 -9999 -9999 -9999 -9999 3227 3227 3227 3219 3201 3183 3182 3197 3214 3232 3239 3243 3245 3247 3249 3249 3247 3247 3244 3241 3232 3228 3227 3230 3212 3196 3190 3202 3213 3202 3195 3183 3168 3153 3161 3166 3168 3160 3159 3141 3123 3111 3089 3042 3010 2972 2954 2970 2937 2899 2878
-9999 -9999 -9999 -9999 -9999 -9999 -9999 -9999 -9999 -9999 -9999 -9999 -9999 -9999 -9999 -9999 -9999 -9999 -9999 -9999 -9999 -9999 -9999 -9999 -9999 -9999 -9999 -9999 -9999 -9999 3227 3227 3227 3227 3225 3215 3199 3199 3200 3216 3232 3239 3246 3249 3251 3252 3253 3253 3251 3251 3247 3241 3238 3238 3237 3228 3214 3206 3214 3216 3197 3187 3182 3170 3172 3178 3184 3170 3155 3124 3110 3094 3104 3095 3082 3035 3000 2993 3012 2995 2983 2964
-9999 -9999 -9999 -9999 -9999 -9999 -9999 -9999 -9999 -9999 -9999 -9999 -9999 -9999 -9999 -9999 -9999 -9999 -9999 -9999 -9999 -9999 -9999 -9999 -9999 -9999 -9999 -9999 -9999 3228 3227 3227 3227 3227 3224 3218 3213 3206 3204 3207 3216 3227 3238 3250 3252 3253 3254 3254 3254 3253 3250 3245 3241 3242 3241 3235 3228 3223 3224 3213 3189 3187 3181 3192 3191 3196 3179 3154 3108 3084 3084 3091 3115 3140 3114 3089 3056 3038 3046 3051 3035 3000
-9999 -9999 -9999 -9999 -9999 -9999 -9999 -9999 -9999 -9999 -9999 -9999 -9999 -9999 -9999 -9999 -9999 -9999 -9999 -9999 -9999 -9999 -9999 -9999 -9999 -9999 -9999 -9999 -9999 3228 3227 3227 3226 3226 3221 3216 3215 3215 3208 3204 3203 3208 3227 3246 3253 3254 3254 3254 3254 3252 3251 3247 3246 3243 3242 3239 3234 3232 3231 3217 3203 3199 3208 3201 3208 3196 3176 3135 3103 3096 3110 3128 3150 3149 3128 3106 3082 3070 3076 3069 3037 2999
-9999 -9999 -9999 -9999 -9999 -9999 -9999 -9999 -9999 -9999 -9999 -9999 -9999 -9999 -9999 -9999 -9999 -9999 -9999 -9999 -9999 -9999 -9999 -9999 -9999 -9999 -9999 -9999 -9999 3227 3227 3227 3226 3221 3218 3214 3217 3220 3220 3215 3212 3210 3229 3247 3254 3254 3254 3254 3254 3252 3250 3249 3247 3246 3245 3242 3241 3238 3231 3226 3216 3218 3212 3209 3204 3197 3170 3151 3140 3147 3159 3149 3136 3117 3089 3074 3069 3061 3080 3086 3048 3018
-9999 -9999 -9999 -9999 -9999 -9999 -9999 -9999 -9999 -9999 -9999 -9999 -9999 -9999 -9999 -9999 -9999 -9999 -9999 -9999 -9999 -9999 -9999 -9999 -9999 -9999 -9999 -9999 -9999 -9999 3227 3227 3224 3220 3215 3216 3220 3225 3226 3225 3218 3219 3229 3248 3254 3254 3254 3254 3253 3252 3251 3250 3249 3248 3247 3245 3243 3240 3235 3228 3222 3219 3213 3210 3209 3197 3183 3167 3174 3181 3173 3137 3107 3083 3066 3065 3056 3060 3085 3109 3076 3073
-9999 -9999 -9999 -9999 -9999 -9999 -9999 -9999 -9999 -9999 -9999 -9999 -9999 -9999 -9999 -9999 -9999 -9999 -9999 -9999 -9999 -9999 -9999 -9999 -9999 -9999 -9999 -9999 -9999 -9999 3227 3227 3223 3217 3214 3213 3217 3224 3229 3232 3231 3228 3235 3248 3254 3254 3254 3254 3253 3252 3251 3250 3249 3248 3247 3246 3245 3243 3239 3233 3229 3220 3218 3213 3216 3211 3196 3191 3197 3200 3184 3155 3131 3109 3097 3096 3099 3097 3116 3132 3116 3107
-9999 -9999 -9999 -9999 -9999 -9999 -9999 -9999 -9999 -9999 -9999 -9999 -9999 -9999 -9999 -9999 -9999 -9999 -9999 -9999 -9999 -9999 -9999 -9999 -9999 -9999 -9999 -9999 -9999 3227 3227 3226 3222 3216 3214 3213 3213 3217 3230 3239 3242 3243 3246 3252 3254 3255 3254 3254 3253 3252 3251 3250 3249 3248 3248 3247 3246 3244 3243 3240 3236 3231 3226 3224 3221 3216 3208 3209 3211 3206 3193 3179 3164 3152 3143 3143 3146 3149 3151 3147 3131 3137
-9999 -9999 -9999 -9999 -9999 -9999 -9999 -9999 -9999 -9999 -9999 -9999 -9999 -9999 -9999 -9999 -9999 -9999 -9999 -9999 -9999 -9999 -9999 -9999 -9999 -9999 -9999 -9999 3227 3227 3226 3225 3219 3214 3213 3213 3214 3218 3229 3242 3247 3250 3252 3254 3255 3254 3254 3254 3253 3252 3251 3250 3249 3249 3248 3247 3246 3245 3244 3242 3240 3238 3236 3232 3230 3220 3217 3213 3211 3197 3180 3166 3163 3160 3158 3159 3169 3168 3156 3148 3141 3152
