Data/tmax/PRISM_tmax_pr_1963-1995_normal_450mM1_10_asc.asc
ncols 557
nrows 164
xllcorner -67.31875000000
yllcorner 17.86875000000
cellsize 0.00416666667
NODATA_value -9999
[rows 0 to 35 of 164, columns 82 to 163 of 557]
-9999 -9999 -9999 -9999 -9999 -9999 -9999 -9999 -9999 -9999 -9999 -9999 -9999 -9999 -9999 -9999 -9999 -9999 -9999 -9999 -9999 -9999 -9999 -9999 -9999 -9999 -9999 -9999 -9999 -9999 -9999 -9999 -9999 -9999 -9999 -9999 -9999 -9999 -9999 -9999 -9999 -9999 -9999 -9999 -9999 -9999 -9999 -9999 -9999 -9999 -9999 -9999 -9999 -9999 -9999 -9999 -9999 -9999 -9999 -9999 -9999 -9999 -9999 -9999 -9999 -9999 -9999 -9999 -9999 -9999 -9999 -9999 -9999 -9999 -9999 -9999 -9999 -9999 -9999 -9999 -9999 -9999
-9999 -9999 -9999 -9999 -9999 -9999 -9999 -9999 -9999 -9999 -9999 -9999 -9999 -9999 -9999 -9999 -9999 -9999 -9999 -9999 -9999 -9999 -9999 -9999 -9999 -9999 -9999 -9999 -9999 -9999 -9999 -9999 -9999 -9999 -9999 -9999 -9999 -9999 -9999 -9999 -9999 -9999 -9999 -9999 -9999 -9999 -9999 -9999 -9999 -9999 -9999 -9999 -9999 -9999 -9999 -9999 -9999 -9999 -9999 -9999 -9999 -9999 -9999 -9999 -9999 -9999 -9999 -9999 -9999 -9999 -9999 -9999 -9999 -9999 -9999 -9999 -9999 -9999 -9999 -9999 -9999 -9999
-9999 -9999 -9999 -9999 -9999 -9999 -9999 -9999 -9999 -9999 -9999 -9999 -9999 -9999 -9999 -9999 -9999 -9999 -9999 -9999 -9999 -9999 -9999 -9999 -9999 -9999 -9999 -9999 -9999 -9999 -9999 -9999 -9999 -9999 -9999 -9999 -9999 -9999 -9999 -9999 -9999 -9999 -9999 -9999 -9999 -9999 -9999 -9999 -9999 -9999 -9999 -9999 -9999 -9999 -9999 -9999 -9999 -9999 -9999 -9999 -9999 -9999 -9999 -9999 -9999 -9999 -9999 -9999 -9999 -9999 -9999 -9999 -9999 -9999 -9999 -9999 -9999 -9999 -9999 -9999 -9999 -9999
-9999 -9999 -9999 -9999 -9999 -9999 -9999 -9999 -9999 -9999 -9999 -9999 -9999 -9999 -9999 -9999 -9999 -9999 -9999 -9999 -9999 -9999 -9999 -9999 -9999 -9999 -9999 -9999 -9999 -9999 -9999 -9999 -9999 -9999 -9999 -9999 -9999 -9999 -9999 -9999 -9999 -9999 -9999 -9999 -9999 -9999 -9999 -9999 -9999 -9999 -9999 -9999 -9999 -9999 -9999 -9999 -9999 -9999 -9999 -9999 -9999 -9999 -9999 -9999 -9999 -9999 -9999 -9999 -9999 -9999 -9999 -9999 -9999 -9999 -9999 -9999 -9999 -9999 -9999 -9999 -9999 -9999
-9999 -9999 -9999 -9999 -9999 -9999 -9999 -9999 -9999 -9999 -9999 -9999 -9999 -9999 -9999 -9999 -9999 -9999 -9999 -9999 -9999 -9999 -9999 -9999 -9999 -9999 -9999 -9999 -9999 -9999 -9999 -9999 -9999 -9999 -9999 -9999 -9999 -9999 -9999 -9999 -9999 -9999 -9999 -9999 -9999 -9999 -9999 -9999 -9999 -9999 -9999 -9999 -9999 -9999 -9999 -9999 -9999 -9999 -9999 -9999 -9999 -9999 -9999 -9999 -9999 -9999 -9999 -9999 -9999 -9999 -9999 -9999 -9999 -9999 -9999 -9999 -9999 -9999 -9999 -9999 -9999 -9999
-9999 -9999 -9999 -9999 -9999 -9999 -9999 -9999 -9999 -9999 -9999 -9999 -9999 -9999 -9999 -9999 -9999 -9999 -9999 -9999 -9999 -9999 -9999 -9999 -9999 -9999 -9999 -9999 -9999 -9999 -9999 -9999 -9999 -9999 -9999 -9999 -9999 -9999 -9999 -9999 -9999 -9999 -9999 -9999 -9999 -9999 -9999 -9999 -9999 -9999 -9999 -9999 -9999 -9999 -9999 -9999 -9999 -9999 -9999 -9999 -9999 -9999 -9999 -9999 -9999 -9999 -9999 -9999 -9999 -9999 -9999 -9999 -9999 -9999 -9999 -9999 -9999 -9999 -9999 -9999 -9999 -9999
-9999 -9999 -9999 -9999 -9999 -9999 -9999 -9999 -9999 -9999 -9999 -9999 -9999 -9999 -9999 -9999 -9999 -9999 -9999 -9999 -9999 -9999 -9999 -9999 -9999 -9999 -9999 -9999 -9999 -9999 -9999 -9999 -9999 -9999 -9999 -9999 -9999 -9999 -9999 -9999 -9999 -9999 -9999 -9999 -9999 -9999 -9999 -9999 -9999 -9999 -9999 -9999 -9999 -9999 -9999 -9999 -9999 -9999 -9999 -9999 -9999 -9999 -9999 -9999 -9999 -9999 -9999 -9999 -9999 -9999 -9999 -9999 -9999 -9999 -9999 -9999 -9999 -9999 -9999 -9999 -9999 -9999
-9999 -9999 -9999 -9999 -9999 -9999 -9999 -9999 -9999 -9999 -9999 -9999 -9999 -9999 -9999 -9999 -9999 -9999 -9999 -9999 -9999 -9999 -9999 -9999 -9999 -9999 -9999 -9999 -9999 -9999 -9999 -9999 -9999 -9999 -9999 -9999 -9999 -9999 -9999 -9999 -9999 -9999 -9999 -9999 -9999 -9999 -9999 -9999 -9999 -9999 -9999 -9999 -9999 -9999 -9999 -9999 -9999 -9999 -9999 -9999 -9999 -9999 -9999 -9999 -9999 -9999 -9999 -9999 -9999 -9999 -9999 -9999 -9999 -9999 -9999 -9999 -9999 -9999 -9999 -9999 -9999 -9999
-9999 -9999 -9999 -9999 -9999 -9999 -9999 -9999 -9999 -9999 -9999 -9999 -9999 -9999 -9999 -9999 -9999 -9999 -9999 -9999 -9999 -9999 -9999 -9999 -9999 -9999 -9999 -9999 -9999 -9999 -9999 -9999 -9999 -9999 -9999 -9999 -9999 -9999 -9999 -9999 -9999 -9999 -9999 -9999 -9999 -9999 -9999 -9999 -9999 -9999 -9999 -9999 -9999 -9999 -9999 -9999 -9999 -9999 -9999 -9999 -9999 -9999 -9999 -9999 -9999 -9999 -9999 -9999 -9999 -9999 -9999 -9999 -9999 -9999 -9999 -9999 -9999 -9999 -9999 -9999 -9999 -9999
-9999 -9999 -9999 -9999 -9999 -9999 -9999 -9999 -9999 -9999 -9999 -9999 -9999 -9999 -9999 -9999 -9999 -9999 -9999 -9999 -9999 -9999 -9999 -9999 -9999 -9999 -9999 -9999 -9999 -9999 -9999 -9999 -9999 -9999 -9999 -9999 -9999 -9999 -9999 -9999 -9999 -9999 -9999 -9999 -9999 -9999 -9999 -9999 -9999 -9999 -9999 -9999 -9999 -9999 -9999 -9999 -9999 -9999 -9999 -9999 -9999 -9999 -9999 -9999 -9999 -9999 -9999 -9999 -9999 -9999 -9999 -9999 -9999 -9999 -9999 -9999 -9999 -9999 -9999 -9999 -9999 -9999
-9999 -9999 -9999 -9999 -9999 -9999 -9999 -9999 -9999 -9999 -9999 -9999 -9999 -9999 -9999 -9999 -9999 -9999 -9999 -9999 -9999 -9999 -9999 -9999 -9999 -9999 -9999 -9999 -9999 -9999 -9999 -9999 -9999 -9999 -9999 -9999 -9999 -9999 -9999 -9999 -9999 -9999 -9999 -9999 -9999 -9999 -9999 -9999 -9999 -9999 -9999 -9999 -9999 -9999 -9999 -9999 -9999 -9999 -9999 -9999 -9999 -9999 -9999 -9999 -9999 -9999 -9999 -9999 -9999 -9999 -9999 -9999 -9999 -9999 -9999 -9999 -9999 -9999 -9999 -9999 -9999 -9999
3173 3176 3183 3187 -9999 -9999 3195 3197 3197 3190 -9999 -9999 -9999 -9999 -9999 -9999 -9999 -9999 -9999 -9999 -9999 -9999 -9999 -9999 -9999 3188 3187 3187 3187 3187 3184 3184 -9999 -9999 -9999 -9999 -9999 3190 3190 3191 3191 3192 3192 3191 3190 3189 3186 3186 -9999 -9999 -9999 -9999 -9999 -9999 -9999 -9999 -9999 -9999 -9999 -9999 -9999 -9999 -9999 -9999 -9999 -9999 -9999 -9999 -9999 -9999 -9999 -9999 -9999 -9999 -9999 -9999 -9999 -9999 -9999 -9999 3192 3192
3167 3168 3174 3181 3184 3192 3198 3203 3199 3192 3184 3183 3187 3187 3183 -9999 -9999 -9999 -9999 3187 3187 3188 3188 3189 3191 3190 3190 3191 3192 3191 3188 3185 3186 3186 3188 3189 3191 3191 3192 3192 3192 3192 3192 3192 3192 3190 3188 3186 3185 3185 -9999 -9999 -9999 -9999 -9999 -9999 -9999 -9999 -9999 -9999 -9999 -9999 -9999 -9999 -9999 -9999 -9999 -9999 -9999 -9999 -9999 -9999 3193 3193 3193 3193 3192 3192 3192 3192 3192 3192
3171 3167 3169 3170 3176 3177 3176 3177 3177 3170 3172 3175 3179 3180 3179 3176 3179 3182 3184 3186 3188 3189 3191 3191 3191 3191 3191 3191 3191 3191 3188 3188 3188 3189 3189 3190 3190 3189 3190 3190 3190 3190 3191 3191 3191 3191 3189 3188 3187 3186 3186 3186 -9999 -9999 -9999 -9999 -9999 -9999 -9999 -9999 -9999 -9999 -9999 -9999 -9999 -9999 3192 -9999 -9999 -9999 3193 3193 3193 3193 3193 3193 3193 3192 3192 3192 3192 3191
3160 3158 3154 3160 3168 3167 3157 3151 3152 3156 3161 3163 3167 3170 3169 3172 3174 3176 3178 3177 3178 3178 3178 3180 3180 3179 3179 3179 3178 3179 3180 3182 3183 3185 3185 3185 3183 3182 3182 3182 3182 3183 3184 3184 3184 3184 3185 3186 3185 3186 3187 3187 3187 3189 -9999 -9999 -9999 -9999 -9999 -9999 -9999 -9999 -9999 -9999 -9999 3193 3192 3192 -9999 3193 3193 3193 3193 3192 3193 3193 3192 3192 3191 3191 3190 3189
3139 3138 3140 3149 3160 3158 3147 3135 3136 3139 3144 3147 3152 3156 3163 3167 3170 3172 3171 3171 3168 3166 3165 3167 3168 3167 3167 3165 3164 3167 3171 3175 3180 3183 3183 3182 3181 3177 3176 3174 3172 3173 3173 3173 3174 3175 3176 3177 3180 3183 3187 3187 3189 3190 3191 3192 3192 3192 3192 3193 3193 3193 3193 3193 3193 3193 3192 3193 3193 3193 3192 3192 3191 3191 3191 3191 3191 3190 3189 3189 3188 3188
3125 3127 3134 3143 3151 3156 3139 3133 3128 3129 3132 3134 3137 3144 3148 3153 3158 3162 3163 3162 3164 3161 3160 3161 3162 3159 3158 3156 3154 3156 3160 3165 3171 3178 3179 3180 3178 3176 3172 3166 3163 3161 3161 3163 3164 3165 3168 3169 3171 3175 3180 3183 3185 3188 3192 3192 3192 3193 3193 3193 3193 3193 3194 3194 3194 3193 3193 3193 3194 3193 3192 3190 3191 3191 3192 3192 3191 3190 3190 3190 3189 3189
3123 3128 3137 3149 3155 3150 3144 3130 3129 3128 3128 3129 3132 3133 3136 3138 3147 3150 3151 3152 3152 3150 3147 3146 3147 3145 3143 3144 3144 3143 3145 3148 3158 3164 3172 3171 3173 3172 3168 3163 3157 3153 3153 3155 3156 3156 3156 3159 3162 3167 3170 3169 3173 3178 3183 3188 3189 3190 3192 3192 3192 3192 3193 3194 3194 3194 3193 3194 3194 3194 3192 3193 3192 3193 3193 3192 3191 3190 3190 3191 3192 3191
3130 3135 3147 3156 3153 3151 3136 3130 3129 3128 3129 3129 3131 3133 3134 3135 3139 3145 3141 3138 3138 3136 3135 3136 3138 3137 3136 3138 3138 3135 3133 3138 3146 3157 3163 3172 3170 3169 3162 3155 3151 3146 3146 3148 3149 3148 3150 3151 3158 3163 3163 3161 3161 3164 3167 3169 3174 3181 3184 3187 3189 3190 3191 3192 3193 3194 3194 3194 3194 3194 3194 3193 3193 3192 3192 3192 3191 3189 3189 3190 3191 3191
3127 3133 3136 3138 3138 3132 3128 3124 3124 3124 3125 3127 3129 3132 3131 3128 3132 3134 3136 3132 3129 3130 3129 3129 3130 3129 3127 3130 3130 3127 3126 3128 3136 3144 3160 3163 3166 3158 3150 3142 3139 3138 3139 3142 3145 3148 3152 3155 3160 3164 3162 3159 3162 3161 3156 3154 3158 3167 3176 3182 3188 3191 3192 3193 3193 3193 3193 3194 3194 3194 3194 3193 3192 3192 3193 3193 3192 3191 3190 3191 3192 3191
3111 3113 3113 3127 3123 3127 3122 3118 3117 3119 3121 3121 3123 3124 3124 3120 3119 3125 3127 3127 3126 3124 3123 3121 3119 3117 3116 3117 3118 3117 3117 3118 3124 3133 3145 3150 3148 3145 3137 3133 3132 3131 3132 3135 3138 3145 3150 3151 3154 3155 3154 3156 3160 3162 3159 3154 3157 3167 3176 3184 3190 3193 3193 3194 3193 3193 3192 3193 3194 3194 3194 3193 3193 3193 3193 3193 3193 3192 3192 3192 3191 3188
3094 3098 3113 3113 3120 3114 3112 3109 3111 3115 3118 3119 3116 3117 3117 3115 3114 3116 3123 3124 3125 3124 3122 3119 3118 3117 3115 3115 3114 3116 3116 3118 3121 3128 3137 3140 3142 3135 3130 3128 3129 3128 3129 3130 3134 3137 3141 3143 3141 3140 3142 3144 3150 3155 3158 3159 3165 3172 3178 3183 3192 3192 3192 3193 3193 3192 3191 3192 3193 3194 3194 3193 3193 3192 3193 3192 3192 3191 3190 3189 3183 3179
3088 3099 3107 3116 3106 3107 3106 3108 3110 3114 3118 3118 3117 3116 3116 3114 3113 3115 3117 3119 3121 3122 3121 3120 3120 3119 3117 3117 3117 3117 3119 3122 3124 3127 3135 3142 3145 3141 3134 3132 3132 3131 3130 3130 3130 3131 3135 3138 3137 3134 3135 3138 3141 3148 3154 3161 3164 3166 3168 3172 3185 3191 3191 3192 3192 3192 3191 3191 3192 3193 3193 3192 3191 3191 3190 3189 3187 3187 3185 3178 3167 3158
3082 3090 3104 3109 3100 3102 3104 3106 3110 3114 3117 3116 3116 3117 3116 3114 3112 3112 3112 3113 3115 3116 3117 3118 3118 3116 3114 3115 3115 3116 3116 3120 3123 3126 3131 3139 3148 3141 3138 3138 3137 3136 3136 3135 3135 3135 3139 3143 3143 3140 3139 3139 3138 3141 3146 3151 3151 3153 3153 3163 3181 3190 3190 3191 3192 3192 3190 3190 3191 3192 3192 3191 3189 3187 3186 3184 3183 3180 3178 3170 3153 3142
3074 3083 3102 3104 3111 3100 3101 3102 3105 3108 3110 3110 3110 3111 3111 3110 3108 3107 3107 3107 3109 3109 3109 3111 3110 3108 3107 3106 3108 3109 3112 3113 3118 3120 3127 3135 3139 3136 3136 3138 3138 3138 3138 3138 3137 3138 3142 3145 3147 3145 3146 3143 3141 3138 3139 3139 3139 3141 3149 3159 3179 3188 3190 3191 3191 3191 3190 3190 3190 3191 3191 3190 3187 3185 3184 3182 3178 3177 3175 3168 3156 3147
3066 3074 3081 3095 3098 3097 3089 3089 3094 3098 3100 3101 3102 3104 3103 3104 3102 3102 3102 3102 3102 3100 3100 3104 3104 3105 3105 3104 3105 3107 3107 3109 3109 3114 3117 3125 3130 3126 3126 3130 3133 3133 3134 3135 3135 3137 3140 3143 3145 3145 3143 3146 3144 3143 3140 3138 3136 3141 3147 3156 3176 3186 3189 3189 3191 3190 3189 3189 3189 3189 3188 3186 3182 3183 3179 3175 3173 3170 3169 3167 3160 3157
3059 3067 3070 3080 3092 3089 3081 3078 3077 3084 3089 3091 3092 3092 3094 3094 3095 3096 3096 3097 3096 3095 3096 3101 3103 3105 3105 3105 3106 3107 3107 3106 3110 3112 3117 3129 3125 3122 3119 3120 3122 3125 3126 3129 3131 3132 3135 3137 3139 3139 3140 3141 3144 3144 3142 3142 3142 3144 3146 3155 3175 3186 3187 3188 3189 3189 3188 3188 3188 3187 3185 3181 3179 3175 3172 3168 3163 3160 3159 3156 3153 3154
3052 3059 3067 3067 3078 3076 3072 3074 3073 3071 3076 3081 3081 3081 3081 3085 3086 3088 3090 3091 3093 3092 3095 3097 3098 3099 3101 3100 3102 3102 3103 3103 3106 3107 3119 3122 3128 3118 3118 3117 3119 3120 3122 3126 3128 3130 3132 3133 3135 3137 3136 3139 3139 3140 3140 3142 3143 3143 3143 3150 3170 3186 3187 3187 3188 3188 3188 3187 3186 3185 3182 3180 3175 3173 3171 3166 3159 3153 3147 3143 3139 3140
3036 3050 3055 3060 3064 3065 3071 3076 3073 3068 3070 3074 3076 3075 3074 3076 3076 3080 3083 3086 3088 3091 3092 3094 3093 3092 3093 3095 3095 3096 3098 3101 3102 3106 3106 3119 3117 3114 3112 3114 3116 3118 3119 3122 3125 3127 3129 3130 3131 3130 3130 3130 3132 3132 3134 3136 3139 3141 3139 3146 3161 3172 3185 3186 3187 3187 3185 3184 3183 3181 3178 3175 3171 3169 3167 3162 3154 3145 3142 3140 3139 3140
3026 3032 3044 3051 3058 3060 3059 3065 3065 3061 3065 3071 3072 3071 3071 3068 3070 3072 3076 3079 3082 3086 3090 3091 3090 3091 3092 3092 3091 3092 3094 3094 3099 3098 3107 3110 3118 3111 3108 3111 3114 3116 3118 3119 3122 3124 3126 3125 3125 3123 3122 3125 3125 3127 3128 3130 3131 3133 3139 3138 3144 3157 3168 3185 3186 3185 3184 3182 3183 3181 3177 3170 3166 3161 3161 3157 3150 3143 3139 3139 3140 3140
3021 3031 3038 3048 3056 3059 3057 3061 3064 3074 3073 3073 3074 3073 3071 3073 3072 3076 3076 3077 3079 3081 3085 3085 3087 3088 3089 3088 3086 3086 3086 3087 3086 3094 3096 3107 3115 3108 3105 3108 3110 3111 3114 3117 3120 3121 3120 3119 3118 3119 3119 3119 3120 3121 3122 3125 3125 3127 3130 3132 3132 3135 3154 3177 3185 3186 3184 3183 3184 3183 3177 3166 3156 3152 3150 3147 3143 3138 3137 3136 3135 3134
3032 3035 3042 3048 3055 3056 3057 3062 3074 3082 3079 3077 3074 3074 3075 3074 3077 3081 3083 3082 3085 3088 3086 3087 3089 3093 3092 3088 3082 3083 3083 3080 3085 3087 3095 3097 3107 3109 3103 3107 3107 3109 3112 3115 3118 3119 3119 3117 3118 3119 3120 3121 3121 3120 3121 3123 3123 3123 3124 3125 3127 3132 3147 3171 3183 3185 3185 3184 3184 3184 3177 3154 3146 3138 3133 3131 3128 3128 3128 3129 3127 3125
3031 3036 3039 3044 3051 3055 3060 3067 3077 3079 3076 3071 3073 3074 3076 3078 3080 3083 3083 3085 3089 3088 3088 3086 3090 3094 3095 3090 3085 3082 3079 3080 3082 3088 3088 3093 3106 3104 3108 3104 3105 3107 3108 3110 3112 3115 3115 3115 3114 3116 3118 3118 3117 3118 3119 3121 3122 3121 3124 3126 3130 3135 3151 3161 3169 3180 3184 3184 3184 3183 3171 3146 3126 3122 3118 3115 3116 3119 3123 3125 3123 3120
3032 3036 3041 3047 3055 3061 3069 3078 3078 3080 3075 3078 3076 3078 3079 3082 3083 3083 3082 3082 3085 3086 3085 3086 3088 3093 3093 3092 3086 3084 3083 3081 3086 3087 3091 3092 3098 3109 3100 3100 3103 3103 3106 3106 3109 3110 3111 3109 3110 3112 3115 3117 3119 3119 3120 3121 3121 3123 3127 3128 3130 3141 3139 3142 3143 3157 3175 3182 3182 3183 3169 3134 3121 3111 3108 3110 3113 3118 3121 3123 3121 3118
3035 3045 3049 3055 3062 3069 3083 3086 3080 3075 3076 3075 3075 3075 3077 3078 3083 3083 3080 3080 3081 3082 3082 3085 3088 3089 3088 3085 3084 3082 3078 3082 3087 3089 3088 3093 3101 3102 3105 3098 3097 3100 3103 3108 3107 3106 3106 3105 3105 3108 3113 3116 3121 3120 3117 3116 3117 3120 3126 3132 3129 3129 3134 3121 3121 3137 3154 3171 3179 3179 3163 3133 3117 3115 3113 3112 3116 3118 3119 3120 3120 3120
3045 3050 3057 3061 3064 3074 3088 3094 3085 3079 3080 3080 3078 3078 3075 3081 3082 3083 3083 3082 3083 3081 3083 3086 3088 3086 3083 3083 3081 3081 3083 3085 3090 3094 3092 3092 3095 3106 3108 3102 3102 3103 3107 3107 3104 3098 3098 3098 3100 3104 3106 3114 3114 3112 3109 3107 3108 3112 3124 3121 3120 3117 3115 3114 3114 3121 3138 3157 3177 3178 3161 3126 3116 3115 3116 3120 3117 3119 3118 3121 3123 3122
