Data/tmax/PRISM_tmax_pr_1963-1995_normal_450mM1_12_asc.asc
ncols 557
nrows 164
xllcorner -67.31875000000
yllcorner 17.86875000000
cellsize 0.00416666667
NODATA_value -9999
[rows 72 to 107 of 164, columns 328 to 409 of 557]
2910 2906 2904 2901 2909 2912 2907 2901 2895 2889 2879 2866 2843 2818 2779 2740 2714 2720 2709 2707 2710 2707 2698 2693 2688 2668 2631 2596 2564 2542 2515 2494 2497 2541 2599 2658 2701 2739 2766 2771 2732 2672 2619 2578 2566 2577 2608 2640 2688 2732 2765 2788 2791 2797 2822 2840 2852 2856 2866 2869 2849 2820 2813 2824 2819 2796 2769 2771 2780 2806 2848 2874 2883 2885 2886 2889 2891 2893 2895 2895 2893 2890
2886 2902 2888 2891 2896 2905 2908 2910 2908 2903 2902 2895 2883 2865 2837 2799 2778 2777 2767 2771 2767 2760 2761 2757 2745 2721 2687 2653 2622 2594 2565 2536 2541 2583 2634 2686 2736 2778 2814 2828 2793 2746 2699 2660 2644 2655 2677 2699 2738 2781 2817 2832 2814 2815 2828 2857 2867 2870 2880 2884 2870 2850 2847 2828 2802 2753 2767 2788 2819 2841 2869 2883 2886 2887 2887 2888 2893 2893 2893 2895 2893 2893
2862 2874 2884 2874 2881 2893 2904 2910 2912 2909 2907 2907 2901 2891 2876 2853 2828 2827 2816 2819 2819 2809 2809 2811 2793 2779 2747 2714 2677 2648 2616 2583 2583 2603 2638 2679 2716 2766 2822 2856 2843 2807 2766 2734 2718 2725 2742 2758 2791 2830 2856 2866 2851 2829 2835 2854 2882 2882 2890 2893 2887 2868 2850 2830 2774 2742 2763 2820 2849 2870 2881 2889 2887 2884 2880 2885 2888 2892 2892 2889 2892 2891
2836 2857 2863 2865 2868 2879 2895 2908 2911 2910 2907 2902 2889 2881 2881 2873 2874 2863 2862 2862 2858 2853 2852 2847 2840 2824 2800 2761 2731 2700 2668 2637 2623 2631 2650 2680 2706 2745 2805 2857 2874 2846 2819 2792 2785 2779 2795 2808 2824 2853 2876 2881 2872 2847 2830 2855 2879 2892 2888 2889 2893 2875 2855 2839 2803 2769 2794 2836 2869 2882 2892 2891 2883 2873 2875 2880 2889 2892 2891 2889 2884 2886
2834 2848 2859 2861 2868 2881 2894 2906 2909 2909 2907 2897 2879 2861 2858 2877 2883 2890 2885 2886 2883 2878 2875 2875 2866 2859 2837 2808 2776 2751 2720 2691 2680 2676 2696 2724 2745 2778 2826 2884 2893 2887 2860 2840 2832 2829 2836 2836 2835 2836 2865 2887 2886 2860 2837 2858 2883 2878 2863 2859 2879 2878 2865 2858 2849 2825 2843 2864 2886 2894 2895 2887 2871 2874 2879 2889 2894 2897 2896 2890 2885 2885
2827 2836 2845 2856 2869 2884 2898 2902 2905 2907 2907 2904 2892 2875 2869 2878 2892 2893 2885 2886 2885 2887 2884 2877 2873 2874 2858 2842 2823 2797 2772 2750 2734 2732 2750 2776 2796 2833 2879 2908 2923 2908 2891 2878 2876 2876 2882 2875 2845 2829 2846 2881 2893 2872 2852 2869 2880 2865 2833 2829 2865 2883 2874 2876 2873 2870 2877 2892 2898 2899 2896 2881 2871 2877 2892 2897 2896 2896 2897 2894 2892 2888
2815 2827 2839 2850 2862 2881 2894 2897 2895 2898 2902 2902 2900 2893 2881 2888 2896 2887 2880 2865 2868 2879 2875 2863 2858 2858 2858 2861 2855 2841 2824 2806 2789 2787 2805 2825 2847 2880 2913 2936 2932 2927 2911 2907 2916 2919 2917 2903 2875 2848 2856 2879 2900 2892 2879 2884 2895 2881 2858 2845 2882 2906 2895 2888 2882 2883 2892 2897 2902 2903 2896 2880 2876 2887 2896 2896 2896 2896 2896 2896 2894 2893
2796 2812 2828 2835 2851 2871 2885 2878 2878 2884 2893 2896 2896 2890 2879 2884 2891 2894 2876 2861 2859 2869 2869 2849 2834 2829 2835 2856 2856 2863 2859 2849 2841 2841 2858 2873 2890 2912 2928 2936 2939 2930 2922 2923 2936 2935 2924 2910 2895 2880 2878 2893 2903 2905 2894 2901 2901 2901 2880 2874 2897 2912 2909 2894 2891 2888 2893 2901 2904 2901 2889 2883 2883 2894 2895 2896 2896 2896 2896 2896 2896 2895
2791 2792 2813 2831 2846 2867 2875 2861 2854 2871 2883 2891 2890 2883 2873 2876 2882 2893 2890 2876 2874 2884 2878 2859 2840 2825 2829 2839 2843 2847 2867 2870 2869 2881 2893 2906 2916 2917 2927 2935 2940 2942 2934 2941 2944 2941 2935 2925 2919 2916 2914 2912 2916 2914 2910 2905 2911 2908 2899 2896 2907 2915 2913 2909 2897 2898 2893 2897 2902 2898 2888 2884 2889 2894 2895 2895 2895 2896 2896 2897 2897 2897
2802 2791 2803 2824 2849 2865 2874 2859 2849 2859 2878 2884 2881 2873 2866 2859 2876 2884 2890 2886 2886 2888 2885 2876 2858 2848 2843 2834 2807 2828 2847 2864 2871 2880 2889 2898 2901 2897 2907 2928 2942 2946 2945 2947 2946 2945 2942 2940 2938 2935 2930 2927 2925 2922 2919 2918 2915 2916 2915 2912 2918 2916 2914 2911 2906 2895 2886 2893 2900 2900 2892 2887 2888 2891 2895 2895 2896 2895 2897 2897 2898 2897
2829 2802 2797 2816 2832 2849 2871 2868 2856 2855 2870 2877 2870 2862 2853 2854 2864 2883 2886 2885 2886 2884 2877 2865 2853 2851 2849 2829 2796 2795 2826 2847 2864 2863 2865 2876 2873 2878 2888 2917 2931 2939 2940 2944 2940 2942 2945 2945 2944 2941 2937 2933 2929 2928 2927 2923 2920 2920 2914 2916 2916 2918 2917 2915 2909 2897 2888 2889 2900 2899 2894 2891 2883 2886 2894 2896 2894 2896 2896 2898 2898 2899
2851 2818 2809 2805 2813 2825 2857 2876 2869 2863 2864 2867 2862 2852 2846 2845 2864 2872 2875 2880 2882 2879 2867 2842 2821 2824 2844 2829 2805 2797 2805 2829 2855 2868 2862 2861 2881 2882 2898 2906 2918 2918 2915 2915 2915 2921 2936 2944 2944 2943 2940 2937 2935 2933 2931 2919 2915 2910 2896 2895 2900 2914 2918 2913 2908 2901 2889 2894 2895 2898 2898 2893 2886 2889 2893 2895 2897 2896 2899 2899 -9999 -9999
2861 2842 2823 2819 2809 2812 2842 2872 2880 2873 2866 2864 2857 2849 2843 2844 2856 2858 2860 2875 2879 2877 2865 2835 2803 2794 2804 2816 2810 2807 2800 2821 2857 2872 2867 2877 2875 2907 2915 2927 2926 2918 2902 2897 2890 2898 2917 2933 2940 2942 2940 2938 2937 2936 2928 2915 2900 2895 2878 2867 2877 2896 2909 2908 2904 2901 2901 2898 2901 2899 2898 2898 2895 2895 2897 2898 2898 2899 2900 -9999 -9999 -9999
2872 2854 2846 2836 2825 2822 2840 2862 2879 2881 2876 2867 2865 2853 2849 2847 2852 2847 2852 2866 2874 2872 2867 2850 2815 2784 2772 2763 2789 2806 2807 2835 2874 2892 2890 2877 2883 2900 2923 2933 2943 2936 2927 2922 2915 2911 2920 2928 2936 2940 2941 2938 2937 2936 2931 2913 2908 2902 2883 2876 2874 2888 2902 2904 2903 2905 2905 2906 2904 -9999 2899 2899 2899 2899 2899 2899 2900 2900 -9999 -9999 -9999 -9999
2877 2866 2856 2851 2843 2837 2843 2854 2866 2876 2877 2875 2869 2864 2857 2858 2856 2851 2852 2862 2866 2864 2863 2856 2833 2794 2758 2745 2774 2809 2821 2853 2898 2912 2913 2912 2905 2920 2933 2940 2936 2937 2944 2950 2946 2943 2941 2943 2943 2944 2941 2938 2937 2935 2933 2928 2916 2911 2898 2888 2887 2894 2904 2906 2907 2907 2910 2907 -9999 -9999 -9999 -9999 2900 2901 2900 -9999 2902 -9999 -9999 -9999 -9999 -9999
2881 2873 2866 2861 2855 2851 2849 2854 2860 2870 2877 2873 2873 2868 2866 2863 2860 2856 2852 2856 2856 2854 2849 2844 2831 2808 2772 2764 2801 2838 2846 2882 2913 2929 2934 2936 2935 2944 2948 2940 2927 2927 2943 2954 2956 2954 2952 2950 2947 2945 2942 2939 2936 2936 2931 2925 2919 2912 2899 2898 2899 2898 2909 2912 2910 -9999 -9999 -9999 -9999 -9999 -9999 -9999 -9999 -9999 -9999 -9999 -9999 -9999 -9999 -9999 -9999 -9999
2884 2876 2868 2868 2860 2853 2854 2855 2860 2866 2872 2871 2869 2870 2868 2865 2862 2858 2854 2852 2852 2845 2837 2834 2826 2808 2792 2779 2819 2858 2864 2894 2925 2927 2941 2948 2950 2954 2956 2949 2937 2934 2950 2958 2956 2955 2953 2950 2948 2946 2943 2939 2938 2932 2926 2919 2913 2908 2905 2903 2900 2905 2910 2915 2912 -9999 -9999 -9999 -9999 -9999 -9999 -9999 -9999 -9999 -9999 -9999 -9999 -9999 -9999 -9999 -9999 -9999
2874 2862 2857 2848 2845 2847 2850 2857 2860 2866 2870 2867 2866 2867 2866 2865 2862 2860 2858 2858 2855 2851 2847 2844 2840 2832 2802 2791 2807 2833 2846 2872 2903 2912 2933 2950 2954 2955 2956 2959 2953 2953 2959 2958 2956 2954 2952 2950 2949 2946 2943 2944 2941 2937 2926 2920 2915 2910 2907 2906 2911 2910 2918 2915 -9999 -9999 -9999 -9999 -9999 -9999 -9999 -9999 -9999 -9999 -9999 -9999 -9999 -9999 -9999 -9999 -9999 -9999
2855 2837 2819 2817 2812 2826 2842 2853 2862 2863 2866 2864 2862 2859 2858 2859 2859 2855 2862 2865 2867 2864 2857 2859 2858 2849 2835 2806 2815 2836 2836 2854 2883 2902 2923 2945 2953 2952 2946 2951 2951 2960 2959 2957 2955 2954 2953 2951 2948 2948 2948 2950 2948 2943 -9999 -9999 -9999 -9999 2910 2912 2915 2922 2921 -9999 -9999 -9999 -9999 -9999 -9999 -9999 -9999 -9999 -9999 -9999 -9999 -9999 -9999 -9999 -9999 -9999 -9999 -9999
2829 2804 2788 2768 2775 2794 2822 2839 2852 2853 2854 2858 2851 2848 2839 2846 2847 2849 2858 2871 2874 2874 2878 2876 2875 2873 2864 2847 2849 2870 2864 2857 2877 2893 2912 2926 2943 2936 2921 2917 2934 2950 2958 2957 2956 2954 2953 2951 2952 2952 2956 2955 2951 2944 -9999 -9999 -9999 -9999 -9999 -9999 -9999 2925 -9999 -9999 -9999 -9999 -9999 -9999 -9999 -9999 -9999 -9999 -9999 -9999 -9999 -9999 -9999 -9999 -9999 -9999 -9999 -9999
2824 2804 2775 2758 2740 2764 2788 2818 2832 2837 2842 2845 2842 2823 2817 2823 2833 2835 2851 2858 2863 2872 2881 2896 2902 2897 2899 2885 2887 2906 2899 2876 2884 2896 2898 2903 2917 2910 2887 2892 2916 2948 2959 2958 2956 2954 2952 2953 2955 2959 2958 2957 2951 -9999 -9999 -9999 -9999 -9999 -9999 -9999 -9999 -9999 -9999 -9999 -9999 -9999 -9999 -9999 -9999 -9999 -9999 -9999 -9999 -9999 -9999 -9999 -9999 -9999 -9999 -9999 -9999 -9999
2830 2815 2800 2761 2738 2732 2761 2787 2811 2822 2832 2835 2820 2807 2791 2797 2814 2827 2840 2850 2848 2850 2869 2890 2908 2919 2924 2921 2919 2929 2923 2899 2893 2894 2897 2892 2898 2898 2881 2894 2919 2950 2958 2957 2955 2953 2954 2958 2961 2961 2960 2956 -9999 -9999 -9999 -9999 -9999 -9999 -9999 -9999 -9999 -9999 -9999 -9999 -9999 -9999 -9999 -9999 -9999 -9999 -9999 -9999 -9999 -9999 -9999 -9999 -9999 -9999 -9999 -9999 -9999 -9999
2831 2826 2809 2774 2725 2706 2724 2751 2784 2805 2818 2814 2793 2773 2764 2775 2795 2815 2835 2846 2848 2844 2854 2878 2905 2917 2935 2938 2941 2946 2943 2929 2913 2911 2911 2915 2922 2918 2916 2917 2933 2947 2952 2954 2952 2955 2959 2962 2964 2961 2958 -9999 -9999 -9999 -9999 -9999 -9999 -9999 -9999 -9999 -9999 -9999 -9999 -9999 -9999 -9999 -9999 -9999 -9999 -9999 -9999 -9999 -9999 -9999 -9999 -9999 -9999 -9999 -9999 -9999 -9999 -9999
2824 2824 2814 2778 2725 2690 2700 2733 2761 2784 2805 2788 2759 2743 2736 2751 2777 2801 2823 2838 2847 2848 2860 2883 2906 2922 2937 2947 2949 2953 2954 2951 2941 2926 2933 2946 2951 2954 2948 2947 2944 2949 2953 2953 2956 2958 2961 2964 2962 2960 -9999 -9999 -9999 -9999 -9999 -9999 -9999 -9999 -9999 -9999 -9999 -9999 -9999 -9999 -9999 -9999 -9999 -9999 -9999 -9999 -9999 -9999 -9999 -9999 -9999 -9999 -9999 -9999 -9999 -9999 -9999 -9999
2811 2795 2792 2773 2723 2683 2689 2713 2731 2764 2783 2780 2746 2720 2722 2729 2756 2781 2807 2825 2834 2841 2861 2887 2908 2922 2936 2948 2952 2955 2957 2958 2952 2940 2943 2953 2962 2964 2962 2960 2957 2957 2958 2960 2960 2962 2964 2963 -9999 -9999 -9999 -9999 -9999 -9999 -9999 -9999 -9999 -9999 -9999 -9999 -9999 -9999 -9999 -9999 -9999 -9999 -9999 -9999 -9999 -9999 -9999 -9999 -9999 -9999 -9999 -9999 -9999 -9999 -9999 -9999 -9999 -9999
2790 2771 2763 2753 2728 2688 2683 2688 2713 2737 2776 2776 2755 2733 2725 2738 2751 2774 2794 2805 2821 2836 2862 2890 2911 2924 2937 2947 2952 2956 2957 2959 2960 2955 2954 2961 2962 2963 2964 2963 2962 2961 2961 2962 2964 2965 2965 -9999 -9999 -9999 -9999 -9999 -9999 -9999 -9999 -9999 -9999 -9999 -9999 -9999 -9999 -9999 -9999 -9999 -9999 -9999 -9999 -9999 -9999 -9999 -9999 -9999 -9999 -9999 -9999 -9999 -9999 -9999 -9999 -9999 -9999 -9999
2791 2760 2742 2737 2710 2682 2671 2676 2691 2719 2750 2765 2753 2737 2736 2745 2759 2768 2783 2793 2810 2836 2867 2890 2902 2920 2938 2947 2951 2945 2955 2955 2960 2962 2962 2962 2962 2962 2962 2964 2964 2962 2963 2964 2965 2967 2966 -9999 -9999 -9999 -9999 -9999 -9999 -9999 -9999 -9999 -9999 -9999 -9999 -9999 -9999 -9999 -9999 -9999 -9999 -9999 -9999 -9999 -9999 -9999 -9999 -9999 -9999 -9999 -9999 -9999 -9999 -9999 -9999 -9999 -9999 -9999
2787 2770 2760 2734 2715 2695 2680 2687 2692 2706 2720 2736 2741 2732 2735 2748 2759 2772 2785 2795 2812 2841 2865 2874 2885 2911 2933 2942 2936 2931 2937 2953 2957 2959 2958 2963 2962 2961 2963 2963 2964 2964 2964 2965 2966 2966 -9999 -9999 -9999 -9999 -9999 -9999 -9999 -9999 -9999 -9999 -9999 -9999 -9999 -9999 -9999 -9999 -9999 -9999 -9999 -9999 -9999 -9999 -9999 -9999 -9999 -9999 -9999 -9999 -9999 -9999 -9999 -9999 -9999 -9999 -9999 -9999
2771 2764 2749 2737 2718 2709 2707 2706 2717 2715 2720 2731 2737 2738 2743 2753 2763 2775 2783 2793 2809 2837 2854 2857 2870 2898 2919 2921 2913 2901 2926 2946 2954 2951 2954 2957 2962 2962 2963 2963 2964 2964 2966 2966 2967 -9999 -9999 -9999 -9999 -9999 -9999 -9999 -9999 -9999 -9999 -9999 -9999 -9999 -9999 -9999 -9999 -9999 -9999 -9999 -9999 -9999 -9999 -9999 -9999 -9999 -9999 -9999 -9999 -9999 -9999 -9999 -9999 -9999 -9999 -9999 -9999 -9999
2764 2744 2732 2706 2702 2705 2706 2717 2723 2729 2731 2735 2744 2746 2749 2757 2763 2772 2777 2787 2811 2835 2838 2838 2846 2872 2879 2873 2864 2874 2908 2939 2948 2947 2951 2960 2962 2962 2963 2963 2963 2964 2965 2966 2966 -9999 -9999 -9999 -9999 -9999 -9999 -9999 -9999 -9999 -9999 -9999 -9999 -9999 -9999 -9999 -9999 -9999 -9999 -9999 -9999 -9999 -9999 -9999 -9999 -9999 -9999 -9999 -9999 -9999 -9999 -9999 -9999 -9999 -9999 -9999 -9999 -9999
2766 2746 2715 2691 2682 2690 2696 2708 2722 2730 2734 2739 2744 2746 2746 2750 2762 2766 2774 2790 2814 2824 2810 2806 2816 2830 2835 2837 2846 2870 2909 2931 2932 2931 2937 2956 2961 2962 2960 2957 2963 2963 2965 2965 -9999 -9999 -9999 -9999 -9999 -9999 -9999 -9999 -9999 -9999 -9999 -9999 -9999 -9999 -9999 -9999 -9999 -9999 -9999 -9999 -9999 -9999 -9999 -9999 -9999 -9999 -9999 -9999 -9999 -9999 -9999 -9999 -9999 -9999 -9999 -9999 -9999 -9999
2774 2752 2728 2703 2688 2685 2689 2706 2717 2735 2741 2748 2751 2746 2744 2753 2756 2763 2764 2780 2804 2797 2772 2774 2795 2801 2821 2843 2867 2892 2917 2926 2910 2910 2926 2944 2958 2958 2951 2949 2955 2962 2965 2966 -9999 -9999 -9999 -9999 -9999 -9999 -9999 -9999 -9999 -9999 -9999 -9999 -9999 -9999 -9999 -9999 -9999 -9999 -9999 -9999 -9999 -9999 -9999 -9999 -9999 -9999 -9999 -9999 -9999 -9999 -9999 -9999 -9999 -9999 -9999 -9999 -9999 -9999
2769 2764 2747 2726 2711 2699 2700 2706 2724 2734 2746 2754 2757 2750 2746 2752 2761 2756 2756 2773 2786 2778 2757 2771 2791 2804 2816 2848 2873 2894 2917 2922 2919 2914 2928 2947 2955 2954 2949 2944 2953 2962 2965 2967 2968 -9999 -9999 -9999 -9999 -9999 -9999 -9999 -9999 -9999 -9999 -9999 -9999 -9999 -9999 -9999 -9999 -9999 -9999 -9999 -9999 -9999 -9999 -9999 -9999 -9999 -9999 -9999 -9999 -9999 -9999 -9999 -9999 -9999 -9999 -9999 -9999 -9999
2768 2764 2754 2740 2724 2712 2702 2712 2718 2738 2748 2758 2761 2756 2753 2762 2766 2761 2764 2767 2780 2778 2772 2793 2818 2813 2821 2838 2863 2887 2915 2937 2929 2934 2939 2950 2954 2954 2952 2953 2959 2963 2967 2967 -9999 -9999 -9999 -9999 -9999 -9999 -9999 -9999 -9999 -9999 -9999 -9999 -9999 -9999 -9999 -9999 -9999 -9999 -9999 -9999 -9999 -9999 -9999 -9999 -9999 -9999 -9999 -9999 -9999 -9999 -9999 -9999 -9999 -9999 -9999 -9999 -9999 -9999
2762 2764 2758 2748 2732 2719 2711 2701 2719 2736 2750 2761 2763 2762 2767 2774 2777 2775 2777 2777 2777 2788 2813 2836 2844 2843 2840 2850 2875 2899 2926 2942 2946 2945 2951 2954 2956 2954 2954 2957 2961 2965 2966 -9999 -9999 -9999 -9999 -9999 -9999 -9999 -9999 -9999 -9999 -9999 -9999 -9999 -9999 -9999 -9999 -9999 -9999 -9999 -9999 -9999 -9999 -9999 -9999 -9999 -9999 -9999 -9999 -9999 -9999 -9999 -9999 -9999 -9999 -9999 -9999 -9999 -9999 -9999
2755 2758 2758 2751 2742 2736 2723 2718 2725 2741 2755 2768 2771 2766 2773 2787 2791 2796 2803 2802 2800 2819 2849 2869 2868 2858 2868 2882 2902 2920 2934 2944 2945 2950 2953 2956 2957 2954 2956 2957 2961 2963 -9999 -9999 -9999 -9999 -9999 -9999 -9999 -9999 -9999 -9999 -9999 -9999 -9999 -9999 -9999 -9999 -9999 -9999 -9999 -9999 -9999 -9999 -9999 -9999 -9999 -9999 -9999 -9999 -9999 -9999 -9999 -9999 -9999 -9999 -9999 -9999 -9999 -9999 -9999 -9999
