Data/tmax/PRISM_tmax_pr_1963-1995_normal_450mM1_03_asc.asc
ncols 557
nrows 164
xllcorner -67.31875000000
yllcorner 17.86875000000
cellsize 0.00416666667
NODATA_value -9999
[rows 108 to 143 of 164, columns 246 to 327 of 557]
2773 2754 2729 2733 2725 2678 2627 2586 2563 2606 2631 2602 2558 2509 2492 2502 2530 2558 2564 2551 2555 2579 2598 2593 2576 2583 2619 2621 2612 2592 2583 2586 2568 2515 2494 2512 2542 2590 2611 2622 2621 2620 2650 2662 2671 2657 2611 2571 2564 2556 2560 2555 2561 2555 2542 2528 2531 2538 2538 2535 2527 2534 2543 2550 2549 2551 2557 2579 2631 2691 2754 2784 2790 2795 2794 2789 2786 2786 2783 2778 2773 2764
2791 2762 2722 2731 2749 2729 2679 2613 2580 2606 2614 2578 2531 2496 2488 2520 2531 2553 2583 2566 2554 2561 2558 2542 2525 2532 2566 2589 2581 2558 2547 2547 2545 2509 2495 2528 2579 2603 2616 2618 2627 2636 2629 2624 2654 2649 2597 2557 2552 2573 2572 2575 2554 2551 2531 2523 2548 2572 2583 2577 2564 2562 2567 2562 2563 2554 2542 2562 2617 2684 2737 2763 2767 2772 2775 2770 2770 2774 2776 2776 2770 2764
2811 2775 2730 2731 2761 2760 2729 2675 2634 2632 2619 2593 2564 2553 2566 2564 2553 2560 2592 2580 2545 2558 2552 2527 2509 2499 2519 2531 2541 2531 2513 2515 2509 2506 2514 2551 2584 2587 2592 2610 2630 2636 2612 2603 2635 2640 2611 2586 2587 2592 2589 2566 2554 2551 2548 2554 2592 2619 2640 2620 2591 2581 2574 2565 2557 2545 2550 2576 2631 2686 2726 2745 2759 2767 2764 2765 2767 2771 2773 2773 2772 2767
2826 2810 2775 2768 2784 2771 2756 2719 2676 2639 2635 2633 2633 2643 2644 2636 2598 2615 2650 2627 2603 2588 2566 2525 2482 2476 2478 2493 2506 2513 2507 2490 2501 2508 2530 2549 2570 2579 2596 2607 2620 2626 2614 2607 2628 2632 2624 2614 2608 2597 2576 2553 2545 2554 2572 2603 2652 2692 2687 2649 2601 2582 2570 2553 2541 2534 2546 2594 2644 2688 2715 2740 2753 2766 2769 2770 2774 2774 2772 2776 2777 2777
2851 2832 2815 2799 2783 2757 2729 2691 2644 2629 2651 2697 2712 2718 2718 2682 2682 2700 2722 2698 2652 2623 2559 2493 2467 2472 2484 2507 2544 2555 2553 2530 2520 2513 2510 2513 2533 2567 2593 2594 2589 2607 2622 2626 2636 2635 2631 2624 2609 2588 2567 2554 2543 2556 2585 2649 2726 2750 2723 2665 2617 2601 2585 2571 2555 2538 2543 2572 2625 2667 2705 2724 2754 2764 2769 2774 2774 2776 2778 2777 2784 2787
2845 2821 2800 2788 2768 2735 2714 2662 2620 2636 2698 2759 2773 2787 2772 2758 2755 2750 2734 2684 2634 2579 2522 2478 2472 2492 2519 2544 2590 2624 2628 2604 2579 2547 2516 2485 2502 2536 2562 2568 2579 2611 2624 2634 2636 2637 2640 2627 2616 2595 2575 2565 2560 2566 2608 2696 2772 2778 2730 2679 2653 2637 2621 2610 2600 2574 2551 2562 2593 2649 2684 2726 2746 2757 2765 2767 2772 2778 2773 2774 2779 2791
2823 2800 2769 2739 2718 2716 2705 2683 2671 2696 2762 2811 2829 2840 2831 2803 2786 2749 2686 2622 2565 2530 2504 2487 2498 2540 2555 2583 2632 2667 2685 2663 2652 2615 2568 2518 2484 2498 2516 2548 2585 2612 2613 2610 2616 2630 2635 2630 2620 2604 2587 2581 2590 2600 2652 2732 2808 2807 2759 2732 2720 2697 2666 2668 2650 2623 2592 2575 2604 2646 2696 2725 2748 2756 2760 2764 2771 2767 2769 2767 2775 2787
2816 2800 2750 2707 2694 2695 2712 2714 2728 2765 2809 2853 2870 2867 2836 2807 2766 2709 2636 2584 2541 2539 2534 2522 2548 2584 2627 2650 2685 2721 2713 2706 2698 2676 2630 2562 2506 2478 2497 2544 2584 2602 2597 2583 2601 2624 2634 2631 2629 2612 2601 2608 2636 2666 2706 2776 2828 2846 2822 2810 2789 2749 2731 2725 2708 2681 2646 2621 2623 2665 2704 2730 2740 2749 2756 2765 2761 2764 2765 2773 2780 2794
2793 2780 2743 2728 2735 2756 2746 2744 2753 2784 2827 2869 2885 2874 2839 2800 2758 2684 2630 2593 2592 2609 2606 2595 2615 2669 2713 2735 2748 2744 2743 2726 2725 2700 2671 2615 2547 2496 2496 2532 2566 2573 2570 2581 2598 2624 2634 2629 2620 2615 2609 2629 2669 2708 2759 2802 2844 2867 2878 2856 2821 2793 2781 2787 2770 2737 2699 2654 2636 2651 2681 2700 2705 2723 2743 2754 2761 2763 2770 2779 2793 2806
2742 2737 2739 2756 2801 2819 2799 2773 2774 2798 2842 2880 2898 2873 2830 2789 2740 2710 2673 2674 2682 2702 2688 2674 2701 2739 2778 2766 2745 2737 2719 2733 2729 2714 2688 2655 2588 2518 2490 2515 2523 2533 2542 2560 2594 2616 2619 2621 2618 2621 2634 2654 2675 2707 2750 2801 2835 2873 2891 2871 2841 2827 2840 2835 2800 2761 2718 2681 2656 2648 2662 2669 2672 2694 2718 2743 2754 2761 2768 2779 2802 2829
2706 2726 2751 2802 2845 2864 2849 2827 2818 2834 2860 2896 2907 2872 2809 2750 2727 2712 2741 2762 2771 2775 2757 2757 2775 2784 2782 2744 2695 2654 2658 2683 2696 2698 2703 2663 2604 2533 2485 2487 2498 2503 2530 2561 2599 2612 2614 2616 2629 2649 2696 2721 2730 2730 2760 2803 2844 2878 2898 2890 2859 2874 2869 2846 2798 2744 2713 2712 2700 2685 2680 2679 2684 2693 2717 2743 2751 2753 2750 2769 2803 2833
2727 2761 2797 2825 2869 2892 2887 2876 2865 2857 2878 2902 2912 2882 2816 2761 2723 2737 2755 2797 2824 2832 2819 2820 2818 2797 2771 2718 2653 2620 2593 2606 2620 2660 2678 2669 2616 2541 2498 2474 2494 2524 2561 2617 2650 2651 2634 2621 2625 2665 2721 2773 2789 2797 2811 2839 2865 2885 2907 2898 2903 2895 2882 2833 2781 2728 2725 2745 2748 2720 2715 2719 2703 2701 2715 2744 2760 2758 2760 2775 2793 2803
2780 2811 2826 2840 2868 2899 2910 2902 2882 2874 2891 2922 2929 2898 2861 2820 2790 2754 2770 2809 2852 2870 2861 2854 2842 2817 2786 2738 2691 2644 2618 2591 2571 2602 2652 2651 2626 2577 2523 2521 2550 2596 2642 2685 2720 2713 2675 2644 2631 2644 2703 2744 2775 2811 2828 2832 2832 2844 2867 2896 2911 2923 2888 2834 2775 2732 2738 2779 2781 2765 2762 2751 2731 2694 2693 2736 2768 2790 2803 2808 2791 2771
2823 2850 2872 2876 2900 2921 2921 2904 2876 2867 2897 2929 2930 2913 2894 2872 2846 2816 2813 2853 2880 2886 2870 2852 2830 2826 2816 2790 2749 2724 2689 2632 2576 2578 2594 2612 2615 2601 2576 2580 2625 2678 2714 2749 2775 2763 2726 2687 2662 2653 2662 2682 2713 2760 2779 2759 2744 2756 2796 2843 2896 2920 2906 2851 2796 2752 2773 2816 2834 2823 2813 2791 2736 2684 2664 2698 2756 2801 2833 2841 2806 2772
2852 2872 2894 2915 2930 2937 2931 2914 2892 2889 2915 2941 2943 2931 2921 2905 2888 2871 2880 2895 2893 2879 2849 2815 2796 2790 2795 2800 2795 2767 2742 2685 2627 2602 2588 2585 2591 2596 2606 2622 2662 2709 2757 2802 2822 2805 2770 2738 2706 2664 2641 2633 2662 2698 2723 2700 2665 2680 2711 2775 2845 2902 2909 2876 2822 2796 2811 2859 2886 2873 2851 2805 2750 2689 2655 2684 2739 2797 2846 2855 2843 2815
2891 2890 2904 2924 2941 2949 2945 2936 2930 2931 2941 2954 2950 2945 2937 2926 2921 2918 2918 2913 2889 2863 2845 2817 2787 2770 2762 2788 2790 2783 2761 2730 2689 2667 2641 2607 2597 2604 2647 2669 2686 2705 2762 2822 2859 2837 2803 2769 2728 2668 2621 2623 2651 2683 2720 2720 2697 2675 2694 2738 2815 2884 2920 2908 2871 2840 2859 2901 2911 2889 2844 2792 2739 2697 2672 2691 2735 2788 2829 2854 2864 2865
2921 2914 2912 2919 2936 2950 2956 2955 2955 2957 2958 2955 2947 2939 2929 2921 2930 2931 2923 2904 2882 2872 2856 2844 2824 2793 2770 2772 2783 2779 2777 2752 2733 2719 2699 2669 2631 2640 2695 2751 2742 2739 2777 2841 2856 2831 2779 2748 2715 2657 2631 2649 2689 2707 2752 2788 2771 2753 2742 2760 2812 2878 2931 2938 2919 2891 2904 2928 2922 2876 2824 2770 2740 2717 2708 2718 2731 2771 2807 2830 2863 2883
2940 2936 2924 2921 2935 2949 2959 2963 2965 2965 2961 2952 2943 2927 2909 2895 2913 2924 2924 2915 2896 2884 2871 2850 2824 2808 2778 2762 2754 2759 2760 2753 2747 2749 2750 2734 2693 2682 2735 2795 2813 2796 2823 2854 2848 2782 2715 2673 2661 2645 2643 2695 2742 2757 2788 2831 2841 2823 2804 2786 2812 2870 2927 2964 2954 2942 2948 2949 2918 2865 2814 2786 2763 2769 2768 2760 2750 2762 2796 2820 2848 2870
2952 2951 2938 2935 2941 2952 2959 2965 2968 2966 2959 2950 2940 2932 2907 2896 2898 2913 2912 2904 2897 2877 2847 2820 2805 2792 2787 2754 2745 2751 2765 2774 2775 2790 2795 2782 2758 2733 2761 2811 2847 2857 2867 2876 2834 2760 2666 2625 2623 2652 2691 2741 2784 2796 2822 2856 2881 2881 2847 2816 2819 2864 2927 2965 2980 2972 2971 2948 2910 2865 2838 2819 2816 2823 2826 2809 2775 2786 2812 2839 2846 2854
2957 2955 2952 2949 2955 2959 2965 2968 2970 2968 2961 2948 2942 2932 2920 2903 2904 2892 2896 2897 2887 2864 2841 2823 2808 2813 2798 2786 2768 2782 2800 2816 2824 2826 2830 2827 2805 2777 2768 2805 2853 2887 2902 2890 2843 2772 2697 2645 2644 2667 2717 2751 2788 2820 2847 2890 2920 2917 2893 2856 2851 2887 2936 2975 2986 2983 2966 2953 2921 2892 2878 2867 2859 2871 2867 2837 2799 2806 2841 2851 2839 2825
2960 2960 2962 2965 2968 2969 2971 2972 2972 2969 2963 2955 2946 2942 2937 2927 2916 2912 2908 2907 2902 2884 2863 2857 2850 2836 2827 2799 2810 2817 2851 2866 2862 2865 2858 2852 2830 2798 2771 2790 2849 2895 2917 2894 2848 2799 2743 2698 2662 2663 2687 2733 2781 2839 2884 2919 2944 2947 2927 2908 2911 2924 2967 2999 3000 2989 2983 2969 2957 2936 2911 2908 2894 2910 2903 2861 2825 2843 2857 2849 2807 2794
2969 2970 2973 2974 2974 2975 2975 2975 2973 2970 2966 2959 2954 2953 2948 2944 2939 2930 2926 2913 2899 2888 2880 2882 2868 2858 2835 2835 2836 2871 2895 2904 2886 2870 2855 2848 2836 2816 2802 2815 2859 2912 2934 2922 2880 2839 2806 2762 2707 2687 2704 2744 2803 2860 2895 2929 2955 2946 2941 2940 2942 2957 2984 3005 3012 3005 2998 2998 2986 2955 2944 2934 2931 2937 2920 2881 2864 2875 2874 2826 2773 2757
2980 2979 2978 2978 2978 2979 2978 2976 2974 2971 2968 2964 2959 2960 2959 2952 2950 2944 2930 2910 2898 2890 2893 2892 2893 2873 2862 2862 2886 2910 2928 2900 2869 2839 2835 2828 2840 2847 2838 2853 2873 2917 2948 2948 2927 2901 2871 2821 2769 2756 2757 2782 2833 2867 2898 2935 2948 2939 2930 2945 2958 2969 2992 3009 3012 3014 3012 3007 2993 2974 2963 2967 2961 2946 2913 2881 2893 2911 2879 2823 2765 2743
2985 2984 2983 2982 2981 2980 2979 2977 2975 2972 2971 2969 2965 2965 2962 2957 2954 2951 2943 2932 2925 2920 2918 2922 2922 2907 2887 2892 2913 2934 2929 2893 2855 2845 2845 2857 2871 2894 2901 2901 2916 2933 2961 2968 2958 2950 2929 2879 2834 2835 2827 2843 2869 2911 2933 2960 2973 2951 2949 2961 2963 2959 2976 2995 3006 3010 3016 3011 3001 2991 2988 2991 2975 2949 2898 2872 2897 2923 2894 2839 2804 2784
2990 2988 2986 2985 2983 2982 2980 2978 2977 2976 2973 2971 2969 2966 2963 2958 2958 2957 2957 2951 2946 2946 2933 2928 2933 2935 2922 2928 2944 2957 2950 2918 2896 2887 2888 2882 2910 2929 2946 2956 2957 2968 2975 2967 2965 2971 2970 2936 2905 2904 2895 2890 2915 2933 2964 2989 2992 2979 2979 2980 2959 2944 2956 2971 2992 3007 3012 3015 3010 3005 2999 2991 2973 2948 2906 2879 2911 2943 2927 2897 2865 2846
2989 2991 2989 2986 2984 2982 2980 2979 2978 2977 2976 2974 2972 2972 2968 2966 2964 2965 2962 2957 2953 2952 2941 2927 2938 2950 2954 2959 2966 2976 2976 2962 2946 2920 2912 2905 2921 2954 2959 2982 2988 2990 2985 2966 2949 2967 2985 2973 2962 2961 2949 2941 2938 2953 2975 2995 3001 2998 2996 2994 2978 2964 2966 2979 2990 3003 3013 3015 3013 3007 2998 2973 2948 2924 2898 2890 2921 2955 2961 2938 2906 2858
2994 2992 2989 2987 2985 2983 2981 2980 2979 2978 2977 2976 2976 2975 2975 2974 2974 2969 2969 2965 2960 2962 2960 2948 2953 2967 2973 2967 2975 2982 2987 2984 2964 2949 2935 2935 2957 2962 2969 2983 2998 3002 2995 2971 2954 2968 2979 2980 2988 3001 2992 2989 2983 2985 2998 3007 3006 3005 3006 3004 2998 2993 2994 2989 2995 3003 3008 3011 3013 3010 2994 2961 2930 2912 2906 2912 2947 2972 2971 2940 2888 2824
2994 2992 2990 2988 2986 2985 2983 2982 2980 2979 2978 2977 2977 2978 2978 2978 2977 2975 2973 2971 2968 2970 2970 2970 2972 2975 2975 2978 2980 2989 2995 2994 2990 2980 2985 2978 2988 2985 2982 2991 3006 3006 3003 2994 2987 2988 2982 2971 2991 3009 3016 3013 3013 3011 3014 3014 3010 3010 3011 3009 3008 3005 3005 3002 2999 3001 3003 3005 3006 3004 2983 2961 2941 2937 2930 2947 2969 2981 2969 2931 2867 2817
2994 2992 2991 2989 2987 2986 2985 2983 2982 2980 2979 2978 2979 2978 2979 2980 2980 2978 2977 2976 2976 2975 2977 2978 2979 2980 2983 2983 2991 2995 2997 3001 3003 3010 3010 3006 3005 3002 2997 3008 3013 3013 3009 3010 3009 3014 3006 2996 3009 3023 3024 3025 3023 3021 3019 3018 3015 3015 3012 3010 3009 3008 3008 3006 3003 3001 2999 2997 2998 2993 2987 2972 2972 2973 2966 2965 2980 2984 2973 2937 2899 2861
2995 2993 2992 2990 2988 2987 2985 2984 2983 2981 2980 2980 2979 2979 2980 2981 2982 2981 2980 2980 2980 2981 2980 2982 2982 2984 2986 2990 2994 2996 3000 3003 3007 3016 3019 3011 3012 3006 3008 3015 3019 3018 3018 3018 3020 3023 3024 3024 3029 3029 3029 3029 3028 3026 3024 3022 3020 3017 3014 3009 3009 3008 3007 3006 3003 3000 2998 2996 2994 2992 2987 2989 2988 2988 2983 2980 2984 2984 2977 2962 2939 2926
2996 2994 2993 2991 2989 2987 2986 2985 2984 2983 2982 2981 2981 2980 2982 2983 2983 2983 2983 2982 2983 2983 2983 2984 2985 2986 2989 2992 2996 2999 3002 3003 3007 3014 3016 3015 3015 3014 3020 3022 3024 3022 3022 3024 3024 3026 3029 3030 3032 3031 3031 3031 3031 3029 3027 3025 3022 3020 3013 3011 3010 3009 3007 3008 3005 3002 2999 2997 2995 2994 2993 2986 2986 2985 2984 2983 2985 2984 2984 2978 2971 2966
2996 2995 2994 2992 2991 2989 2987 2986 2985 2985 2984 2983 2982 2980 2979 2983 2984 2985 2985 2985 2985 2985 2985 2986 2987 2989 2991 2994 2998 3002 3005 3007 3008 3016 3020 3017 3021 3026 3025 3027 3026 3025 3024 3026 3026 3028 3029 3031 3031 3032 3031 3031 3030 3029 3027 3025 3023 3018 3015 3012 3011 3013 3014 3014 3014 3008 3005 3003 3001 3000 2992 2985 2976 2975 2975 2983 2985 2987 2985 2979 2976 2973
2996 2995 2994 2993 2992 2990 2988 2987 2986 2986 2985 2984 2981 2976 2975 2979 2984 2986 2987 2987 2987 2988 2988 2989 2990 2991 2993 2997 3000 3004 3008 3011 3013 3018 3020 3022 3024 3027 3027 3027 3026 3026 3026 3026 3027 3027 3028 3028 3030 3030 3030 3030 3030 3029 3028 3026 3022 3018 3014 3014 3019 3022 3024 3025 3021 -9999 -9999 -9999 -9999 -9999 -9999 -9999 2971 2970 2982 2987 2990 2987 2980 2973 2969 2967
2995 2994 2994 2993 2992 2991 2989 2988 2988 2987 2986 2986 2983 2977 2974 2979 2984 2987 2988 2988 2989 2990 2991 2991 2993 2994 2995 2999 3003 3007 3010 3014 3017 3019 3021 3021 3024 3025 3025 3024 3026 3026 3026 3027 3026 3026 3027 3028 3031 3032 3032 3031 3031 3026 3029 3026 3021 3016 3018 3023 3027 3031 3031 3027 -9999 -9999 -9999 -9999 -9999 -9999 -9999 -9999 -9999 2982 2992 3001 2996 -9999 -9999 -9999 2973 2977
2994 2993 2993 2992 2991 2990 2989 2989 2988 2988 2987 2986 2985 2980 2976 2979 2985 2987 2989 2989 2990 2991 2992 2993 2995 2996 2998 3001 3005 3009 3012 3015 3018 3020 3022 3024 3024 3026 3023 3025 3025 3026 3025 3025 3025 3027 3031 3035 3039 3039 3038 3038 3032 3030 3024 3023 3024 3023 3028 3032 3035 3035 3032 -9999 -9999 -9999 -9999 -9999 -9999 -9999 -9999 -9999 -9999 -9999 3008 3007 -9999 -9999 -9999 -9999 -9999 -9999
2993 2993 2993 2992 2991 2991 2990 2989 2989 2988 2988 2988 2987 2984 2981 2983 2987 2990 2990 2990 2991 2992 2993 2995 2997 2999 3001 3004 3007 3010 3013 3015 3018 3021 3023 3024 3026 3026 3026 3025 3027 3027 3026 3026 3030 3035 3040 3044 3046 3045 -9999 -9999 -9999 -9999 3020 3023 3029 3038 3043 3043 3040 3037 -9999 -9999 -9999 -9999 -9999 -9999 -9999 -9999 -9999 -9999 -9999 -9999 -9999 -9999 -9999 -9999 -9999 -9999 -9999 -9999
