Data/tmax/PRISM_tmax_pr_1963-1995_normal_450mM1_05_asc.asc
ncols 557
nrows 164
xllcorner -67.31875000000
yllcorner 17.86875000000
cellsize 0.00416666667
NODATA_value -9999
[rows 36 to 71 of 164, columns 82 to 163 of 557]
2991 2996 3001 3004 3003 3001 3012 3013 3006 3004 3007 3007 3005 3000 2988 2987 2994 2993 2994 2996 2995 2990 2993 2995 3001 2998 2994 2995 2999 3000 3009 3018 3024 3026 3026 3025 3028 3039 3047 3040 3038 3041 3039 3036 3032 3030 3030 3032 3036 3038 3044 3046 3050 3047 3045 3043 3042 3049 3052 3060 3048 3050 3053 3056 3059 3061 3069 3089 3111 3125 3109 3079 3059 3060 3062 3060 3060 3061 3063 3065 3066 3066
3001 3006 3011 3015 3013 3011 3009 3008 3002 2988 2994 3003 3021 3014 2998 2997 2997 2998 3000 2999 2996 2995 2990 2994 2996 2993 2996 3002 3000 3004 3009 3010 3015 3017 3019 3021 3025 3036 3047 3042 3035 3035 3033 3030 3031 3032 3033 3035 3038 3039 3042 3047 3046 3046 3045 3043 3043 3046 3058 3061 3056 3053 3057 3059 3059 3062 3066 3080 3104 3126 3124 3098 3069 3060 3058 3057 3056 3060 3063 3064 3064 3063
3020 3018 3020 3019 3017 3014 3012 3013 2998 2990 2989 3008 3029 3033 3012 3003 3005 3007 3005 3000 2996 2994 2994 2991 2992 2995 2998 3007 3010 3008 3006 3012 3008 3016 3021 3023 3026 3035 3049 3048 3042 3032 3030 3027 3031 3033 3034 3034 3035 3035 3038 3039 3042 3042 3044 3041 3042 3046 3055 3067 3058 3053 3057 3057 3058 3061 3063 3072 3090 3115 3136 3117 3084 3059 3057 3054 3055 3059 3062 3060 3062 3061
3049 3047 3040 3034 3025 3019 3019 3019 3019 3011 3016 3030 3053 3055 3036 3024 3021 3021 3016 3007 3000 2999 2995 2994 2999 2998 3002 3008 3011 3007 3008 3004 3009 3009 3016 3018 3018 3024 3042 3053 3040 3027 3020 3021 3022 3025 3027 3026 3027 3027 3031 3034 3035 3038 3039 3041 3043 3046 3062 3066 3057 3054 3058 3061 3060 3060 3062 3062 3072 3097 3131 3135 3098 3065 3052 3051 3052 3055 3056 3056 3056 3059
3091 3088 3081 3067 3053 3038 3029 3029 3027 3024 3032 3048 3067 3072 3061 3049 3037 3031 3028 3021 3018 3011 3005 3003 3000 3005 3004 3004 3006 3006 3006 3013 3008 3013 3013 3014 3013 3018 3037 3049 3037 3022 3018 3017 3018 3020 3021 3023 3024 3028 3031 3034 3036 3037 3040 3043 3045 3054 3067 3071 3056 3053 3060 3058 3057 3055 3055 3059 3060 3085 3129 3143 3113 3071 3056 3053 3052 3053 3052 3050 3051 3052
3117 3119 3113 3102 3084 3066 3052 3041 3033 3034 3045 3063 3077 3086 3083 3076 3064 3052 3043 3035 3031 3026 3017 3009 3011 3006 3005 3005 3006 3006 3011 3015 3017 3014 3016 3016 3017 3021 3036 3041 3029 3018 3018 3019 3019 3020 3023 3025 3029 3030 3031 3033 3036 3036 3041 3042 3045 3053 3068 3067 3053 3049 3050 3050 3046 3046 3048 3052 3057 3098 3133 3147 3107 3069 3053 3051 3051 3053 3049 3047 3047 3052
3134 3136 3132 3123 3110 3094 3077 3062 3050 3049 3061 3075 3085 3091 3093 3092 3087 3078 3068 3059 3052 3045 3036 3029 3015 3014 3013 3012 3013 3015 3016 3019 3017 3016 3014 3020 3024 3028 3037 3033 3023 3016 3017 3019 3022 3024 3026 3029 3031 3032 3030 3034 3035 3038 3037 3040 3044 3050 3064 3066 3055 3047 3049 3049 3047 3045 3045 3046 3070 3114 3152 3127 3089 3053 3048 3047 3049 3051 3049 3042 3043 3045
3145 3144 3143 3137 3125 3110 3096 3078 3062 3058 3064 3074 3084 3093 3098 3099 3099 3094 3088 3079 3071 3065 3056 3041 3031 3022 3020 3019 3018 3018 3018 3017 3017 3015 3016 3022 3029 3034 3039 3032 3019 3012 3014 3018 3022 3024 3023 3025 3029 3029 3033 3032 3040 3034 3033 3036 3041 3047 3054 3060 3053 3045 3046 3046 3050 3045 3043 3046 3072 3132 3143 3121 3064 3047 3046 3049 3049 3050 3044 3040 3037 3041
3148 3140 3134 3128 3119 3105 3091 3078 3066 3057 3061 3070 3083 3094 3099 3103 3100 3098 3093 3083 3076 3068 3062 3052 3037 3028 3026 3021 3018 3019 3017 3017 3017 3017 3018 3023 3030 3036 3035 3028 3014 3009 3011 3017 3020 3019 3018 3019 3020 3028 3027 3032 3028 3024 3022 3026 3033 3038 3041 3055 3044 3043 3045 3051 3048 3045 3040 3042 3066 3121 3149 3122 3086 3063 3048 3044 3044 3040 3034 3033 3034 3037
3138 3127 3121 3114 3103 3087 3077 3068 3061 3059 3062 3075 3087 3096 3103 3103 3099 3091 3083 3075 3065 3060 3059 3054 3043 3032 3024 3021 3019 3017 3018 3016 3017 3018 3019 3023 3029 3033 3030 3020 3012 3003 3007 3010 3012 3012 3013 3014 3021 3021 3024 3020 3018 3015 3015 3019 3025 3029 3042 3051 3047 3041 3041 3043 3043 3035 3033 3035 3052 3092 3135 3146 3122 3097 3056 3039 3036 3030 3029 3031 3035 3040
3121 3115 3109 3101 3087 3076 3067 3064 3061 3059 3065 3074 3084 3090 3097 3100 3091 3080 3072 3062 3054 3048 3050 3050 3044 3033 3025 3021 3021 3020 3017 3016 3016 3017 3018 3021 3027 3029 3025 3018 3008 3003 3000 3001 3002 3004 3009 3015 3013 3016 3015 3012 3014 3014 3020 3020 3023 3029 3040 3061 3048 3040 3036 3034 3033 3029 3029 3031 3030 3063 3098 3135 3136 3119 3063 3031 3030 3028 3025 3031 3037 3043
3106 3099 3094 3084 3076 3066 3064 3063 3062 3063 3070 3077 3081 3084 3088 3089 3082 3070 3061 3051 3044 3041 3041 3045 3042 3035 3025 3022 3024 3022 3018 3015 3015 3016 3017 3020 3026 3031 3024 3018 3012 3001 2997 2994 2994 3001 3010 3009 3009 3012 3012 3014 3013 3015 3021 3026 3025 3037 3050 3055 3053 3041 3032 3031 3034 3032 3031 3023 3023 3023 3060 3091 3120 3115 3082 3040 3023 3018 3020 3024 3031 3038
3105 3096 3082 3074 3068 3062 3061 3059 3058 3063 3070 3078 3081 3081 3081 3080 3076 3062 3052 3044 3038 3037 3041 3041 3040 3034 3025 3020 3020 3021 3018 3013 3013 3014 3016 3021 3027 3028 3025 3020 3014 3006 2996 2992 2993 3000 3007 3008 3002 3010 3017 3014 3012 3016 3018 3026 3038 3039 3047 3048 3039 3030 3023 3023 3027 3029 3022 3019 3014 3017 3030 3058 3094 3130 3106 3069 3025 3014 3011 3013 3015 3024
3141 3120 3099 3080 3071 3064 3059 3059 3059 3059 3059 3063 3068 3069 3067 3069 3069 3057 3045 3037 3032 3034 3036 3039 3039 3035 3025 3017 3016 3016 3017 3015 3015 3017 3019 3024 3028 3026 3020 3018 3018 3010 2996 2990 2991 2998 3006 3003 3001 3008 3008 3013 3015 3017 3028 3029 3027 3030 3025 3018 3018 3017 3014 3018 3020 3022 3017 3013 3013 3012 3010 3032 3065 3115 3125 3074 3029 3007 3005 3003 3004 3008
3187 3165 3139 3116 3098 3079 3064 3065 3064 3062 3058 3055 3058 3061 3059 3062 3067 3055 3046 3038 3033 3031 3033 3034 3036 3034 3027 3016 3012 3013 3016 3016 3017 3020 3021 3024 3025 3022 3017 3017 3019 3014 3002 2993 2990 2999 3004 3005 3002 3002 3004 3010 3025 3028 3026 3027 3021 3015 3007 3003 3007 3006 3009 3014 3016 3010 3006 3002 3000 2996 2995 3002 3043 3099 3115 3076 3021 3008 3005 2997 2997 2996
3214 3196 3175 3159 3137 3111 3087 3067 3068 3066 3060 3058 3055 3055 3055 3053 3057 3052 3046 3041 3036 3030 3030 3032 3036 3037 3032 3025 3017 3015 3017 3018 3020 3023 3023 3021 3021 3020 3018 3017 3019 3018 3012 3002 3000 2999 3003 3004 3002 3000 3002 3016 3020 3020 3017 3014 3018 3017 3013 3004 3004 2998 2999 3007 3007 3004 2998 2993 2989 2981 2981 2991 3032 3097 3112 3082 3041 3005 3000 2995 2989 2988
3228 3216 3205 3188 3173 3147 3107 3079 3065 3064 3062 3061 3062 3065 3062 3053 3049 3041 3040 3036 3032 3030 3032 3035 3036 3038 3035 3031 3025 3018 3018 3018 3019 3022 3020 3019 3021 3023 3023 3019 3016 3017 3010 3003 2999 3000 3002 3002 3004 3009 3013 3010 3013 3000 2997 2998 3003 3012 3009 3008 3008 2997 2993 2998 3002 3000 2995 2991 2984 2975 2971 2987 3036 3101 3119 3102 3072 3028 3003 2996 2989 2989
3226 3224 3218 3205 3185 3161 3122 3083 3065 3060 3057 3059 3062 3068 3068 3057 3050 3039 3036 3036 3034 3031 3031 3030 3031 3031 3035 3032 3027 3021 3018 3019 3021 3022 3019 3018 3022 3026 3021 3014 3012 3010 3005 2997 2995 2996 3001 3004 3013 3022 3014 3009 3000 2998 2990 2989 2993 2994 3000 3001 3002 2997 2992 2993 2992 2993 2988 2987 2984 2977 2973 2993 3051 3102 3093 3093 3089 3056 3031 3016 3009 3003
3212 3215 3212 3199 3178 3154 3122 3093 3074 3057 3053 3055 3055 3059 3062 3059 3051 3043 3032 3030 3031 3030 3029 3025 3022 3029 3031 3032 3028 3023 3021 3019 3022 3022 3019 3020 3028 3023 3015 3006 3004 3006 3002 2996 2996 2994 3001 3008 3014 3024 3013 2997 2997 2997 2991 2990 2985 2983 2988 2987 2993 2995 2992 2988 2983 2984 2985 2988 2987 2980 2983 3002 3061 3100 3079 3059 3102 3096 3078 3073 3062 3063
3203 3197 3198 3192 3170 3147 3131 3110 3088 3063 3048 3046 3045 3045 3049 3051 3055 3045 3039 3034 3026 3026 3026 3021 3021 3025 3027 3025 3024 3021 3019 3017 3018 3021 3019 3024 3026 3020 3007 2999 2997 2997 2996 2998 2998 2999 3003 3007 3017 3014 3009 2996 2998 3002 2992 2992 2988 2975 2975 2978 2980 2990 2989 2983 2976 2977 2984 2988 2987 2978 2985 3002 3056 3104 3071 3056 3088 3107 3098 3077 3080 3080
3187 3178 3183 3179 3177 3154 3132 3124 3102 3074 3056 3052 3044 3041 3041 3043 3044 3050 3046 3039 3038 3028 3024 3020 3022 3025 3025 3022 3020 3019 3017 3016 3017 3018 3022 3020 3028 3013 3003 2997 2995 2991 2994 2997 3001 2999 3010 3008 3010 3012 3000 3002 2992 2995 2989 2987 2984 2973 2973 2970 2980 2982 2981 2975 2969 2971 2979 2986 2992 2999 3013 3029 3060 3104 3088 3050 3093 3109 3092 3063 3037 3024
3170 3160 3156 3167 3164 3157 3132 3118 3104 3090 3081 3078 3072 3061 3051 3041 3041 3039 3041 3047 3046 3048 3038 3028 3023 3026 3021 3022 3021 3018 3020 3017 3015 3019 3021 3029 3032 3016 3004 2996 2991 2989 2994 2995 2993 2995 3004 3005 3001 2994 2997 2992 2983 2984 2979 2978 2976 2970 2969 2975 2976 2987 2986 2989 2986 2988 3008 3035 3049 3065 3087 3086 3099 3110 3076 3043 3072 3106 3109 3068 3022 2990
3157 3148 3143 3143 3160 3153 3148 3126 3110 3102 3101 3109 3105 3095 3076 3057 3039 3039 3034 3038 3050 3057 3052 3042 3035 3019 3018 3015 3015 3014 3015 3015 3011 3015 3022 3035 3039 3026 3003 2997 2989 2986 2987 2990 2983 2995 3013 3002 2994 2989 2986 2982 2972 2971 2975 2974 2974 2967 2966 2962 2978 3005 3026 3038 3039 3041 3069 3096 3104 3098 3102 3093 3094 3098 3039 3008 3031 3078 3093 3084 3034 2983
3155 3149 3143 3139 3146 3157 3149 3142 3128 3118 3121 3120 3119 3113 3095 3069 3054 3041 3035 3031 3040 3050 3050 3054 3045 3034 3013 3010 3007 3005 3008 3007 3006 3009 3024 3040 3049 3028 3010 2993 2986 2978 2985 2978 2979 2992 3017 3003 2986 2981 2979 2976 2961 2961 2961 2962 2959 2959 2948 2950 2972 3006 3040 3070 3084 3086 3096 3097 3084 3059 3036 3032 3050 3053 3009 2963 2997 3031 3085 3088 3071 3020
3159 3155 3148 3144 3143 3141 3145 3147 3136 3141 3128 3129 3121 3112 3101 3083 3063 3052 3038 3030 3034 3041 3045 3054 3059 3043 3027 3013 3003 2996 2998 2999 2995 3004 3022 3043 3049 3037 3015 3001 2988 2981 2976 2981 2977 2999 3018 3005 2983 2970 2965 2961 2960 2953 2947 2944 2946 2945 2947 2951 2959 2980 2999 3039 3084 3092 3073 3048 3015 2990 2973 2961 2998 3013 2966 2940 2954 3010 3048 3077 3081 3066
3159 3157 3150 3142 3137 3127 3125 3124 3132 3124 3128 3121 3125 3124 3101 3083 3066 3044 3033 3028 3028 3035 3039 3049 3055 3052 3042 3026 3010 2994 2991 2993 2998 3008 3026 3042 3042 3037 3026 3018 3007 2994 2996 2997 3001 3012 3025 3009 2987 2963 2946 2946 2948 2948 2943 2935 2937 2941 2947 2949 2955 2952 2960 3007 3062 3071 3036 2989 2959 2938 2930 2928 2952 2961 2919 2895 2917 2965 3007 3018 3056 3063
3144 3145 3144 3136 3125 3118 3117 3121 3119 3118 3101 3103 3107 3108 3096 3071 3046 3028 3020 3021 3023 3026 3035 3039 3044 3049 3042 3031 3016 2997 2994 2998 3006 3019 3031 3035 3030 3024 3022 3018 3011 3004 3000 3004 3009 3012 3014 3011 2994 2969 2951 2936 2939 2944 2937 2933 2930 2934 2939 2941 2940 2940 2959 3006 3063 3080 3034 2977 2933 2921 2910 2909 2918 2910 2875 2851 2879 2923 2950 2974 3030 3045
3133 3125 3131 3125 3112 3110 3117 3135 3127 3113 3097 3084 3089 3093 3085 3070 3043 3015 3005 3013 3013 3011 3022 3026 3030 3038 3036 3023 3008 2998 2991 2996 3006 3017 3023 3026 3016 3009 3004 3003 3001 2994 2989 2987 2984 2985 2988 2989 2988 2968 2950 2936 2930 2931 2929 2927 2927 2931 2931 2932 2936 2955 2979 3027 3084 3096 3054 2997 2954 2931 2916 2895 2886 2874 2849 2846 2888 2934 2963 2989 3025 3021
3144 3138 3132 3124 3113 3107 3127 3147 3145 3128 3108 3094 3080 3080 3076 3072 3049 3016 2997 2998 3000 3002 3006 3015 3015 3029 3028 3013 3000 2984 2985 2989 3002 3008 3014 3014 3005 2990 2986 2985 2985 2981 2971 2964 2957 2947 2949 2954 2959 2957 2933 2923 2913 2916 2915 2921 2922 2925 2934 2940 2962 2997 3035 3070 3104 3102 3065 3030 3004 2979 2937 2901 2870 2853 2847 2882 2954 3005 3021 3023 3016 2963
3188 3167 3149 3140 3131 3129 3140 3168 3166 3144 3122 3096 3076 3059 3065 3066 3061 3027 2996 2987 2985 2983 3000 3002 3006 3014 3020 3005 2991 2979 2979 2984 2994 3002 3010 3008 2993 2986 2970 2967 2968 2958 2948 2941 2931 2917 2906 2913 2935 2931 2916 2892 2886 2887 2892 2900 2908 2923 2957 2982 3011 3044 3073 3099 3111 3097 3074 3060 3043 3004 2954 2902 2870 2852 2862 2905 2986 3024 3017 2987 2952 2889
3196 3193 3178 3166 3165 3164 3178 3189 3179 3153 3128 3096 3067 3055 3047 3064 3061 3048 3013 2988 2975 2967 2980 2998 2994 3001 3005 2999 2984 2973 2971 2967 2972 2983 2983 2989 2976 2969 2962 2954 2945 2935 2923 2912 2893 2876 2865 2871 2902 2900 2874 2856 2857 2870 2872 2883 2880 2923 2977 3026 3054 3075 3094 3105 3108 3101 3086 3081 3053 3006 2942 2895 2857 2850 2862 2915 2996 3023 2995 2975 2928 2879
3172 3191 3187 3168 3155 3164 3177 3187 3178 3153 3122 3091 3069 3046 3055 3060 3061 3057 3047 3017 2990 2972 2971 2977 2977 2988 2995 2983 2970 2960 2961 2957 2953 2959 2965 2952 2951 2950 2940 2932 2919 2911 2894 2879 2857 2834 2838 2862 2873 2872 2838 2831 2848 2882 2900 2903 2901 2932 2996 3047 3076 3096 3103 3111 3109 3102 3099 3095 3072 3028 2978 2916 2870 2857 2869 2924 2995 3023 3006 2967 2933 2878
3146 3185 3175 3140 3118 3113 3142 3167 3178 3164 3143 3114 3094 3086 3092 3089 3070 3078 3086 3073 3043 3004 2988 2976 2969 2993 3000 2985 2956 2938 2945 2945 2944 2946 2937 2930 2917 2917 2917 2906 2888 2871 2865 2845 2831 2832 2847 2860 2871 2849 2825 2812 2836 2879 2919 2938 2948 2970 3017 3049 3084 3099 3102 3100 3100 3096 3086 3089 3088 3064 3024 2967 2919 2899 2904 2948 3011 3032 3004 2975 2931 2877
3142 3162 3147 3105 3068 3066 3094 3145 3172 3174 3170 3158 3140 3139 3147 3127 3105 3120 3137 3123 3096 3062 3022 2993 2994 3018 3033 2998 2952 2924 2923 2928 2934 2934 2916 2895 2889 2877 2883 2880 2857 2833 2816 2819 2825 2844 2855 2855 2844 2827 2815 2797 2801 2837 2888 2943 2970 3011 3026 3057 3079 3093 3087 3081 3075 3057 3044 3061 3083 3079 3060 3015 2978 2955 2946 2978 3014 3017 2993 2954 2917 2871
3140 3142 3112 3068 3039 3021 3067 3116 3144 3156 3171 3171 3154 3148 3161 3150 3142 3145 3146 3135 3117 3096 3049 3020 3014 3048 3040 3002 2950 2901 2895 2906 2917 2913 2895 2877 2860 2848 2844 2850 2830 2800 2789 2800 2833 2845 2833 2819 2802 2801 2794 2788 2779 2802 2851 2911 2966 3011 3047 3060 3088 3093 3081 3071 3052 3030 3007 3032 3063 3072 3056 3048 3022 2999 2979 2997 3022 3016 2995 2959 2919 2870
3125 3105 3081 3042 3006 3005 3048 3101 3104 3113 3146 3153 3137 3127 3139 3141 3146 3141 3122 3104 3114 3104 3082 3050 3056 3064 3048 3002 2944 2907 2877 2885 2891 2892 2869 2855 2845 2815 2807 2807 2802 2782 2780 2813 2833 2826 2795 2762 2765 2762 2773 2771 2777 2801 2853 2907 2966 3017 3041 3060 3076 3085 3076 3072 3058 3032 3017 3028 3046 3046 3053 3046 3043 3007 2982 2992 3010 3015 3007 2978 2938 2880
