Data/tmax/PRISM_tmax_pr_1963-1995_normal_450mM1_09_asc.asc
ncols 557
nrows 164
xllcorner -67.31875000000
yllcorner 17.86875000000
cellsize 0.00416666667
NODATA_value -9999
[rows 36 to 71 of 164, columns 328 to 409 of 557]
3193 3198 3203 3208 3215 3220 3221 3219 3218 3233 3242 3244 3243 3243 3241 3243 3245 3245 3245 3244 3242 3241 3238 3236 3234 3232 3230 3228 3226 3224 3222 3220 3219 3217 3215 3213 3209 3201 3198 3191 3192 3196 3195 3194 3197 3197 3197 3194 -9999 -9999 -9999 -9999 -9999 -9999 3186 -9999 -9999 -9999 -9999 -9999 -9999 -9999 -9999 -9999 -9999 -9999 -9999 -9999 -9999 -9999 -9999 -9999 -9999 -9999 -9999 -9999 -9999 -9999 -9999 3179 3179 -9999
3196 3201 3207 3212 3217 3222 3223 3220 3224 3236 3243 3244 3245 3243 3243 3242 3242 3243 3243 3242 3241 3240 3238 3237 3235 3233 3231 3229 3227 3225 3222 3220 3218 3217 3215 3212 3212 3208 3196 3185 3175 3174 3187 3187 3190 3194 3192 3191 3186 3185 3184 3182 3182 3183 3188 3189 -9999 -9999 -9999 -9999 -9999 -9999 -9999 -9999 -9999 -9999 -9999 -9999 -9999 -9999 -9999 -9999 -9999 -9999 -9999 -9999 -9999 -9999 3177 3178 3181 3182
3198 3203 3208 3215 3221 3226 3227 3229 3230 3240 3244 3244 3245 3245 3242 3240 3238 3238 3240 3240 3239 3239 3237 3236 3235 3234 3231 3229 3228 3225 3223 3220 3219 3216 3213 3211 3210 3209 3201 3182 3163 3157 3155 3166 3175 3187 3190 3188 3187 3188 3188 3188 3188 3190 3193 3195 3194 -9999 -9999 -9999 -9999 -9999 -9999 -9999 -9999 -9999 -9999 -9999 -9999 -9999 -9999 -9999 -9999 3174 -9999 -9999 -9999 3174 3177 3180 3182 3183
3200 3204 3209 3215 3222 3228 3232 3233 3237 3241 3243 3244 3245 3244 3243 3240 3236 3234 3235 3237 3237 3236 3235 3235 3234 3232 3229 3227 3226 3224 3223 3221 3219 3217 3213 3210 3209 3206 3200 3189 3169 3146 3132 3132 3156 3180 3188 3188 3187 3186 3186 3185 3185 3185 3190 3190 3189 3185 -9999 -9999 -9999 -9999 -9999 -9999 -9999 -9999 -9999 -9999 -9999 -9999 -9999 -9999 3173 3174 3174 -9999 3172 3173 3175 3176 3177 3183
3202 3206 3210 3216 3222 3227 3231 3236 3239 3242 3243 3244 3243 3243 3241 3239 3235 3232 3231 3233 3234 3234 3233 3231 3231 3226 3222 3220 3221 3221 3221 3220 3217 3215 3212 3209 3205 3201 3197 3190 3176 3149 3120 3118 3150 3177 3187 3188 3185 3182 3183 3184 3183 3182 3180 3183 3182 3181 3180 3181 3181 -9999 -9999 -9999 3179 -9999 -9999 -9999 -9999 -9999 -9999 3173 3173 3173 3173 3173 3172 3172 3174 3170 3175 3179
3202 3205 3209 3213 3219 3223 3228 3234 3239 3239 3238 3241 3240 3240 3236 3236 3230 3226 3228 3228 3227 3229 3227 3224 3221 3218 3214 3215 3216 3220 3220 3214 3215 3210 3208 3204 3200 3192 3187 3181 3173 3150 3129 3134 3161 3184 3187 3183 3180 3178 3178 3183 3183 3179 3173 3175 3179 3179 3180 3181 3181 3180 3178 3178 3178 3179 -9999 -9999 -9999 -9999 3174 3174 3173 3173 3173 3173 3173 3174 3177 3177 3179 3183
3204 3204 3207 3210 3214 3219 3225 3230 3233 3230 3231 3235 3237 3235 3232 3222 3218 3217 3220 3218 3220 3221 3219 3213 3210 3205 3207 3207 3212 3213 3211 3208 3205 3203 3194 3198 3185 3177 3172 3171 3168 3165 3157 3164 3181 3187 3181 3174 3173 3172 3176 3180 3181 3170 3160 3168 3174 3178 3179 3180 3179 3180 3180 3179 3180 3179 3179 3178 3177 3177 3176 3176 3174 3173 3173 3173 3172 3172 3177 3181 3183 3183
3199 3196 3199 3203 3209 3216 3223 3226 3229 3225 3227 3234 3233 3233 3224 3215 3203 3205 3211 3209 3207 3210 3212 3204 3200 3196 3193 3199 3204 3204 3198 3196 3195 3189 3188 3181 3168 3148 3145 3153 3164 3172 3178 3183 3185 3183 3172 3162 3156 3158 3165 3172 3176 3164 3155 3166 3174 3175 3177 3178 3177 3178 3178 3176 3176 3176 3178 3179 3179 3179 3179 3178 3175 3173 3173 3172 3168 3166 3177 3182 3186 3186
3180 3176 3181 3186 3199 3206 3214 3221 3224 3223 3222 3224 3224 3228 3226 3213 3198 3196 3197 3190 3186 3194 3191 3195 3194 3188 3185 3189 3199 3194 3184 3181 3188 3188 3175 3178 3147 3117 3109 3126 3143 3162 3171 3179 3177 3173 3163 3150 3135 3121 3127 3152 3166 3158 3154 3168 3169 3168 3169 3176 3177 3176 3172 3167 3169 3172 3176 3175 3178 3178 3179 3174 3170 3172 3168 3169 3158 3156 3174 3188 3192 3192
3167 3163 3159 3164 3172 3186 3195 3209 3219 3213 3206 3206 3211 3217 3219 3208 3187 3179 3178 3168 3169 3170 3179 3181 3189 3184 3182 3189 3193 3183 3172 3173 3181 3177 3176 3162 3142 3103 3083 3086 3110 3127 3152 3164 3166 3152 3155 3140 3122 3096 3104 3131 3151 3152 3156 3160 3164 3156 3159 3172 3175 3169 3163 3154 3156 3168 3165 3168 3173 3178 3174 3169 3161 3156 3161 3154 3144 3142 3169 3186 3191 3194
3173 3159 3150 3133 3141 3153 3173 3186 3206 3195 3190 3198 3208 3202 3192 3177 3160 3156 3153 3152 3151 3162 3160 3173 3177 3178 3175 3188 3188 3178 3173 3174 3175 3183 3169 3164 3144 3104 3063 3053 3067 3101 3132 3164 3157 3151 3134 3133 3127 3119 3118 3134 3147 3148 3153 3159 3151 3150 3153 3166 3170 3167 3153 3148 3155 3152 3152 3158 3171 3177 3176 3164 3153 3146 3149 3148 3142 3149 3170 3185 3189 -9999
3166 3154 3130 3115 3119 3135 3156 3183 3186 3175 3168 3178 3191 3185 3163 3149 3136 3131 3130 3131 3148 3150 3153 3159 3166 3158 3167 3179 3178 3165 3175 3172 3167 3160 3157 3137 3116 3079 3038 3012 3029 3067 3116 3150 3159 3140 3130 3106 3108 3120 3130 3136 3144 3153 3158 3150 3151 3152 3156 3168 3169 3159 3153 3150 3151 3147 3141 3153 3170 3175 3173 3164 3144 3132 3142 3150 3154 3165 3182 3184 -9999 -9999
3148 3138 3111 3105 3105 3125 3157 3180 3190 3173 3161 3160 3175 3187 3178 3160 3139 3123 3113 3127 3144 3145 3145 3152 3153 3155 3163 3173 3154 3140 3157 3160 3144 3133 3122 3096 3069 3042 3005 2983 2984 3022 3073 3116 3131 3133 3123 3102 3085 3088 3104 3119 3134 3153 3149 3147 3151 3156 3158 3159 3156 3146 3142 3145 3153 3146 3147 3161 3171 3174 3171 3160 3132 3127 3147 3160 3172 3181 3185 -9999 -9999 -9999
3141 3131 3110 3093 3098 3116 3154 3180 3186 3177 3169 3150 3151 3179 3187 3171 3145 3125 3112 3120 3139 3132 3121 3136 3147 3160 3165 3161 3129 3120 3130 3125 3101 3084 3071 3043 3022 3000 2983 2954 2950 2965 3020 3067 3087 3094 3113 3111 3081 3062 3068 3090 3120 3134 3134 3140 3142 3145 3132 3128 3122 3122 3133 3139 3145 3145 3148 3163 3164 3169 3167 3146 3131 3130 3156 3169 3175 3183 3185 -9999 -9999 -9999
3133 3126 3118 3096 3083 3106 3142 3157 3154 3161 3165 3141 3131 3152 3177 3181 3157 3133 3117 3124 3131 3106 3097 3113 3136 3152 3153 3129 3112 3104 3115 3083 3047 3023 3010 2985 2969 2961 2949 2935 2909 2916 2954 3005 3034 3044 3084 3106 3075 3037 3031 3061 3093 3104 3109 3115 3119 3107 3091 3075 3081 3098 3117 3119 3122 3131 3140 3144 3159 3164 3159 3147 3134 3148 3164 3166 3170 3181 3185 3185 -9999 -9999
3113 3132 3125 3100 3076 3084 3113 3127 3126 3139 3160 3144 3118 3119 3153 3165 3152 3123 3105 3108 3113 3083 3056 3076 3108 3123 3111 3088 3068 3084 3078 3039 2994 2961 2942 2915 2901 2899 2900 2889 2868 2856 2886 2937 2976 3011 3054 3083 3054 3011 3012 3032 3071 3086 3082 3088 3076 3062 3035 3029 3043 3072 3097 3079 3092 3113 3123 3126 3141 3162 3167 3157 3156 3165 3169 3164 3169 3179 3185 3184 -9999 -9999
3098 3113 3124 3101 3061 3063 3079 3093 3106 3135 3151 3135 3103 3104 3128 3152 3126 3098 3072 3073 3074 3047 3028 3030 3063 3076 3060 3034 3024 3032 3032 2991 2939 2902 2874 2845 2830 2828 2833 2826 2804 2794 2822 2879 2939 2987 3039 3063 3042 3009 2999 3032 3062 3078 3070 3063 3047 3023 3003 2993 3005 3046 3064 3055 3061 3099 3105 3101 3124 3155 3166 3171 3171 3175 3176 3174 3176 3183 3183 3183 -9999 -9999
3081 3093 3115 3104 3084 3062 3069 3082 3107 3133 3140 3118 3093 3097 3131 3127 3093 3055 3027 3016 3024 3019 3001 3008 3016 3032 3008 2981 2968 2980 2976 2939 2887 2840 2809 2780 2763 2752 2758 2753 2722 2718 2757 2828 2896 2957 3013 3048 3048 3023 3027 3035 3066 3074 3058 3036 3035 3022 3006 2985 2992 3023 3057 3047 3056 3088 3102 3107 3123 3149 3168 3172 3176 3178 3180 3180 3181 3183 3183 -9999 -9999 -9999
3058 3084 3103 3100 3076 3061 3058 3070 3101 3131 3132 3116 3094 3105 3130 3107 3057 3010 2972 2960 2960 2969 2981 2974 2991 2992 2964 2931 2917 2923 2916 2879 2834 2786 2745 2717 2692 2675 2675 2665 2655 2659 2713 2792 2864 2923 2976 3017 3025 3015 3014 3029 3057 3070 3039 3025 3018 3010 2991 2980 2986 3025 3060 3057 3046 3070 3103 3115 3135 3151 3167 3178 3179 3181 3182 3180 3182 3183 3182 -9999 -9999 -9999
3046 3077 3083 3068 3045 3024 3024 3040 3069 3097 3122 3119 3106 3107 3126 3101 3041 2986 2932 2899 2895 2907 2929 2944 2954 2967 2940 2899 2874 2866 2850 2814 2770 2730 2688 2656 2631 2595 2588 2592 2607 2646 2707 2796 2865 2925 2971 2983 2987 2968 2969 2982 3018 3041 3014 2993 2998 2982 2976 2971 2999 3049 3085 3089 3073 3091 3117 3143 3147 3158 3172 3178 3180 3181 3180 3171 3181 3182 3181 -9999 -9999 -9999
3045 3061 3063 3027 2996 2984 2994 3014 3049 3088 3111 3132 3105 3099 3109 3089 3029 2968 2911 2864 2842 2853 2877 2894 2920 2944 2935 2896 2855 2827 2793 2751 2711 2667 2629 2598 2568 2532 2513 2538 2588 2645 2718 2791 2863 2920 2945 2940 2921 2909 2917 2938 2975 2994 2974 2950 2960 2964 2966 2980 3021 3067 3110 3121 3116 3125 3143 3159 3164 3168 3176 3179 3179 3179 3169 3161 3169 3179 3179 3179 -9999 -9999
3044 3060 3049 3012 2977 2966 2993 3029 3072 3096 3116 3115 3090 3061 3079 3058 3001 2935 2884 2833 2816 2822 2830 2842 2869 2910 2924 2896 2850 2802 2756 2705 2655 2610 2573 2546 2512 2472 2479 2519 2589 2662 2722 2793 2848 2893 2898 2865 2842 2846 2870 2898 2935 2953 2933 2905 2910 2923 2945 2977 3015 3059 3102 3132 3136 3144 3152 3162 3169 3173 3176 3177 3177 3178 3164 3155 3168 3176 3179 3180 3181 -9999
3039 3046 3043 3012 2977 2970 3002 3051 3090 3110 3115 3100 3059 3029 3043 3040 2972 2907 2852 2822 2821 2833 2821 2807 2819 2859 2884 2866 2826 2777 2724 2672 2619 2573 2537 2510 2477 2458 2480 2541 2610 2672 2736 2792 2840 2872 2857 2801 2768 2778 2810 2846 2873 2898 2896 2877 2881 2905 2943 2979 3025 3053 3097 3128 3145 3152 3157 3164 3169 3172 3174 3175 3175 3169 3161 3154 3164 3173 3181 3183 3182 -9999
3013 3032 3037 3025 3002 2994 3019 3052 3089 3105 3103 3081 3029 2992 3016 3023 2965 2893 2850 2828 2856 2865 2834 2799 2788 2808 2832 2815 2779 2732 2679 2629 2583 2549 2533 2511 2483 2466 2510 2568 2622 2679 2733 2779 2811 2838 2823 2767 2731 2736 2750 2778 2812 2849 2876 2885 2915 2949 2984 3029 3060 3090 3117 3140 3149 3154 3157 3163 3165 3167 3169 3170 3169 3168 3159 3152 3155 3163 3177 3182 3181 -9999
2993 3006 3027 3019 3015 3020 3044 3070 3086 3098 3095 3063 3012 2972 2991 3005 2956 2897 2865 2865 2874 2871 2833 2786 2758 2765 2778 2763 2724 2677 2624 2573 2531 2521 2528 2533 2509 2496 2527 2570 2615 2664 2717 2750 2766 2792 2792 2772 2747 2737 2725 2730 2762 2801 2849 2885 2933 2982 3031 3068 3104 3121 3136 3139 3145 3147 3146 3150 3152 3154 3158 3153 3162 3163 3162 3163 3158 3166 3177 3179 3179 -9999
2975 2993 2999 2992 2980 3004 3050 3080 3099 3098 3094 3078 3027 2986 2991 2997 2964 2928 2904 2886 2877 2847 2799 2751 2715 2710 2720 2700 2663 2614 2561 2510 2473 2464 2501 2523 2530 2524 2551 2580 2594 2634 2684 2707 2712 2726 2757 2771 2782 2784 2748 2735 2735 2777 2827 2880 2934 2990 3044 3089 3120 3125 3128 3125 3125 3122 3115 3118 3124 3129 3135 3140 3141 3147 3148 3163 3169 3173 3178 3177 -9999 -9999
2955 2973 2982 2965 2948 2969 3019 3064 3090 3092 3091 3070 3035 2987 2970 2973 2958 2938 2905 2866 2831 2795 2752 2701 2663 2653 2649 2638 2603 2557 2511 2462 2422 2427 2465 2511 2536 2549 2579 2595 2594 2599 2640 2653 2644 2661 2699 2744 2787 2806 2807 2777 2771 2795 2848 2908 2960 3009 3051 3093 3114 3121 3111 3100 3093 3081 3067 3071 3083 3106 3118 3123 3136 3134 3139 3153 3167 3172 3170 -9999 -9999 -9999
2930 2934 2947 2944 2940 2944 2987 3032 3068 3082 3077 3058 3021 2975 2947 2927 2920 2913 2872 2821 2779 2746 2699 2655 2616 2591 2583 2576 2553 2524 2487 2450 2421 2429 2482 2533 2564 2575 2596 2618 2595 2584 2590 2587 2580 2599 2645 2696 2741 2805 2827 2840 2833 2862 2906 2950 2996 3031 3064 3092 3115 3105 3100 3081 3062 3040 3022 3026 3062 3088 3110 3123 3138 3145 3146 3159 3161 3161 3160 3156 -9999 -9999
2940 2921 2918 2923 2921 2931 2939 2986 3032 3057 3068 3059 3030 2998 2965 2927 2898 2877 2837 2785 2740 2702 2660 2612 2575 2540 2524 2520 2502 2481 2470 2454 2452 2467 2515 2565 2595 2595 2604 2628 2617 2580 2559 2532 2513 2530 2582 2628 2696 2769 2845 2875 2902 2932 2966 3006 3036 3066 3086 3107 3107 3099 3083 3080 3058 3024 2995 2997 3030 3070 3097 3112 3129 3143 3150 3154 3155 3154 3151 3153 3152 -9999
3007 2968 2950 2944 2939 2920 2924 2953 2996 3026 3051 3038 3017 2993 2974 2949 2906 2871 2816 2763 2720 2688 2642 2599 2558 2518 2489 2477 2449 2431 2434 2451 2482 2515 2556 2594 2625 2622 2618 2635 2633 2597 2560 2512 2474 2472 2512 2575 2660 2755 2836 2899 2932 2972 3012 3039 3069 3089 3103 3109 3104 3072 3062 3060 3053 3027 3009 3013 3041 3074 3094 3110 3116 3128 3141 3148 3149 3149 3148 3149 -9999 -9999
3077 3045 3031 3011 2993 2974 2949 2965 2989 3011 3024 3008 2972 2941 2939 2934 2914 2873 2827 2779 2739 2706 2671 2626 2589 2542 2504 2472 2435 2421 2424 2453 2504 2554 2590 2631 2660 2667 2652 2661 2656 2623 2579 2534 2477 2454 2472 2543 2638 2734 2814 2878 2936 2978 3018 3060 3083 3094 3102 3104 3090 3058 3029 3034 3032 3029 3037 3050 3073 3088 3107 3107 3116 3122 3133 3139 3142 3143 3145 3145 3146 -9999
3130 3104 3098 3082 3060 3035 3002 2991 3005 2999 2998 2971 2937 2901 2884 2891 2881 2862 2843 2808 2780 2745 2708 2670 2637 2592 2548 2510 2480 2463 2469 2480 2516 2564 2613 2657 2702 2715 2705 2702 2695 2657 2615 2566 2520 2481 2477 2519 2617 2707 2787 2852 2907 2963 3014 3057 3083 3090 3086 3089 3082 3060 3035 3024 3014 3004 3008 3027 3045 3065 3084 3106 3112 3124 3129 3132 3135 3138 3140 3140 -9999 3131
3158 3144 3138 3126 3109 3077 3036 3021 3022 3004 2974 2945 2910 2872 2846 2842 2832 2831 2836 2834 2805 2786 2750 2720 2686 2647 2609 2575 2544 2538 2537 2528 2535 2555 2612 2677 2728 2762 2766 2758 2743 2697 2644 2605 2569 2543 2534 2568 2630 2717 2796 2863 2922 2977 3027 3063 3084 3078 3071 3064 3071 3068 3060 3043 3016 2990 2981 2990 3011 3040 3075 3098 3116 3120 3123 3127 3130 3134 3135 3132 3126 3128
3174 3163 3159 3149 3132 3109 3070 3058 3066 3037 3003 2968 2935 2895 2861 2835 2811 2820 2833 2830 2831 2807 2790 2762 2740 2709 2679 2640 2616 2604 2610 2597 2567 2583 2613 2677 2747 2802 2830 2835 2802 2745 2682 2647 2619 2621 2635 2666 2712 2764 2833 2897 2955 3005 3038 3057 3068 3065 3055 3053 3048 3059 3062 3050 3026 3002 2988 3001 3028 3052 3081 3105 3111 3115 3119 3123 3127 3131 3131 3128 3125 3122
3179 3175 3170 3164 3158 3140 3118 3106 3106 3081 3051 3025 2995 2965 2922 2882 2846 2848 2849 2845 2843 2844 2822 2804 2800 2791 2759 2721 2681 2674 2677 2664 2656 2658 2695 2738 2785 2847 2895 2905 2876 2801 2741 2698 2683 2684 2723 2770 2810 2854 2898 2952 2986 3023 3039 3048 3061 3066 3068 3057 3053 3046 3045 3044 3040 3023 3008 3019 3036 3055 3079 3100 3110 3113 3118 3122 3126 3128 3129 3128 3125 3124
3179 3177 3169 3174 3173 3167 3151 3139 3136 3116 3098 3076 3051 3024 2986 2937 2907 2911 2899 2895 2903 2898 2887 2877 2881 2875 2845 2793 2761 2740 2736 2713 2712 2753 2789 2832 2875 2913 2956 2969 2932 2864 2797 2766 2747 2763 2789 2840 2893 2932 2968 2999 3011 3030 3049 3058 3077 3083 3092 3093 3067 3043 3036 3044 3055 3044 3021 3011 3016 3037 3065 3096 3110 3115 3118 3121 3124 3127 3129 3128 3126 3124
