Data/tmax/PRISM_tmax_pr_1963-1995_normal_450mM1_03_asc.asc
ncols 557
nrows 164
xllcorner -67.31875000000
yllcorner 17.86875000000
cellsize 0.00416666667
NODATA_value -9999
[rows 36 to 71 of 164, columns 328 to 409 of 557]
2942 2944 2947 2949 2953 2955 2954 2950 2947 2959 2968 2969 2968 2967 2965 2967 2969 2970 2970 2970 2969 2968 2967 2966 2964 2962 2961 2960 2959 2958 2957 2956 2955 2954 2953 2951 2949 2942 2939 2934 2934 2939 2940 2939 2943 2944 2945 2943 -9999 -9999 -9999 -9999 -9999 -9999 2942 -9999 -9999 -9999 -9999 -9999 -9999 -9999 -9999 -9999 -9999 -9999 -9999 -9999 -9999 -9999 -9999 -9999 -9999 -9999 -9999 -9999 -9999 -9999 -9999 2940 2941 -9999
2944 2947 2949 2951 2954 2956 2955 2950 2952 2962 2968 2969 2969 2967 2966 2965 2966 2968 2968 2968 2968 2967 2967 2966 2965 2963 2962 2961 2960 2959 2957 2956 2955 2954 2952 2950 2951 2948 2937 2927 2918 2917 2931 2932 2936 2940 2940 2940 2937 2937 2935 2934 2934 2936 2942 2943 -9999 -9999 -9999 -9999 -9999 -9999 -9999 -9999 -9999 -9999 -9999 -9999 -9999 -9999 -9999 -9999 -9999 -9999 -9999 -9999 -9999 -9999 2936 2938 2941 2943
2946 2948 2950 2954 2957 2959 2958 2958 2958 2966 2968 2969 2969 2969 2966 2964 2962 2963 2965 2966 2966 2966 2965 2965 2965 2964 2963 2962 2961 2960 2958 2957 2955 2954 2951 2949 2949 2949 2942 2924 2904 2900 2899 2910 2921 2934 2937 2936 2937 2937 2937 2937 2937 2939 2943 2946 2944 -9999 -9999 -9999 -9999 -9999 -9999 -9999 -9999 -9999 -9999 -9999 -9999 -9999 -9999 -9999 -9999 2935 -9999 -9999 -9999 2932 2935 2938 2942 2943
2948 2949 2951 2955 2958 2961 2963 2962 2964 2966 2968 2968 2969 2968 2967 2964 2961 2959 2960 2963 2964 2964 2964 2965 2964 2963 2961 2960 2960 2959 2959 2958 2956 2955 2952 2950 2950 2946 2941 2930 2911 2888 2875 2877 2901 2926 2935 2935 2935 2935 2935 2934 2934 2935 2939 2940 2941 2937 -9999 -9999 -9999 -9999 -9999 -9999 -9999 -9999 -9999 -9999 -9999 -9999 -9999 -9999 2932 2933 2932 -9999 2929 2931 2933 2933 2935 2943
2949 2951 2952 2956 2958 2960 2962 2964 2966 2967 2967 2968 2967 2967 2966 2964 2960 2957 2957 2960 2961 2962 2962 2961 2962 2958 2954 2954 2956 2956 2957 2957 2955 2953 2952 2950 2947 2944 2939 2932 2918 2891 2863 2862 2895 2923 2934 2935 2933 2931 2932 2933 2932 2931 2931 2934 2934 2934 2932 2934 2934 -9999 -9999 -9999 2935 -9999 -9999 -9999 -9999 -9999 -9999 2930 2931 2931 2931 2931 2930 2930 2931 2927 2933 2940
2949 2950 2951 2953 2956 2958 2960 2963 2966 2964 2963 2965 2964 2964 2961 2961 2956 2952 2955 2956 2955 2958 2956 2955 2953 2950 2948 2950 2951 2955 2956 2952 2953 2950 2949 2947 2945 2937 2930 2924 2916 2893 2873 2878 2906 2930 2934 2930 2928 2926 2927 2932 2932 2929 2923 2926 2930 2930 2932 2934 2934 2932 2931 2932 2933 2934 -9999 -9999 -9999 -9999 2931 2931 2930 2931 2930 2931 2930 2932 2934 2934 2938 2944
2951 2950 2950 2950 2952 2955 2958 2961 2961 2957 2958 2961 2962 2960 2958 2948 2945 2945 2948 2947 2950 2950 2950 2945 2943 2939 2941 2943 2949 2949 2948 2946 2945 2944 2938 2943 2931 2923 2917 2915 2911 2909 2900 2908 2926 2933 2927 2921 2920 2919 2925 2929 2930 2920 2910 2918 2925 2929 2930 2932 2931 2932 2932 2933 2934 2935 2935 2935 2934 2933 2932 2932 2931 2930 2930 2930 2929 2929 2934 2937 2942 2945
2947 2943 2943 2945 2949 2952 2957 2957 2959 2954 2955 2961 2959 2959 2950 2942 2931 2934 2940 2938 2938 2941 2944 2938 2935 2932 2930 2938 2943 2943 2938 2937 2938 2933 2934 2927 2914 2896 2891 2900 2910 2918 2922 2928 2931 2929 2920 2910 2904 2907 2914 2920 2925 2913 2904 2916 2925 2926 2928 2929 2930 2930 2932 2931 2931 2932 2934 2935 2935 2934 2934 2933 2931 2929 2929 2928 2924 2922 2933 2940 2945 2946
2929 2923 2927 2929 2939 2944 2950 2954 2956 2953 2952 2952 2952 2955 2953 2942 2927 2926 2928 2922 2918 2926 2925 2930 2929 2924 2923 2929 2939 2935 2926 2924 2932 2933 2921 2925 2895 2865 2857 2874 2891 2910 2918 2927 2924 2922 2912 2901 2883 2873 2877 2901 2915 2908 2904 2918 2919 2920 2920 2929 2930 2930 2926 2922 2924 2927 2931 2930 2933 2933 2934 2929 2926 2927 2923 2924 2913 2911 2931 2947 2950 2950
2918 2913 2907 2909 2914 2926 2933 2944 2952 2946 2939 2938 2942 2948 2949 2938 2919 2912 2910 2902 2903 2904 2913 2917 2926 2921 2921 2928 2933 2925 2915 2918 2926 2923 2923 2910 2891 2852 2832 2835 2860 2877 2902 2915 2918 2904 2909 2891 2875 2846 2857 2881 2902 2903 2907 2911 2914 2907 2912 2926 2930 2924 2918 2909 2911 2923 2920 2923 2929 2933 2929 2925 2916 2911 2916 2909 2899 2897 2925 2945 2950 2950
2925 2910 2900 2882 2887 2896 2914 2925 2942 2931 2925 2932 2941 2935 2925 2911 2895 2891 2889 2888 2888 2898 2897 2911 2915 2916 2915 2928 2930 2921 2917 2920 2921 2925 2912 2913 2893 2854 2813 2804 2819 2852 2884 2918 2911 2906 2889 2889 2878 2873 2869 2888 2901 2901 2905 2911 2902 2902 2906 2921 2926 2923 2908 2903 2910 2907 2907 2912 2926 2932 2931 2919 2908 2901 2904 2903 2897 2903 2926 2942 2946 -9999
2921 2908 2883 2866 2868 2881 2901 2924 2926 2913 2905 2915 2926 2920 2899 2886 2873 2869 2868 2869 2886 2889 2892 2899 2906 2898 2908 2921 2921 2909 2921 2919 2910 2898 2895 2882 2867 2829 2789 2766 2781 2819 2868 2904 2914 2896 2887 2861 2864 2873 2885 2892 2900 2909 2914 2905 2906 2906 2911 2923 2925 2914 2908 2905 2906 2902 2896 2907 2926 2931 2928 2919 2899 2886 2897 2905 2909 2921 2936 2941 -9999 -9999
2906 2895 2867 2859 2857 2874 2903 2924 2931 2913 2901 2899 2913 2924 2916 2897 2877 2861 2852 2866 2883 2885 2886 2893 2894 2897 2906 2917 2899 2886 2904 2907 2888 2872 2862 2844 2820 2794 2759 2737 2738 2772 2824 2870 2884 2890 2880 2858 2841 2844 2860 2876 2891 2909 2906 2904 2907 2912 2911 2915 2912 2901 2897 2901 2908 2901 2902 2917 2927 2929 2925 2914 2886 2882 2901 2915 2927 2936 2940 -9999 -9999 -9999
2902 2893 2868 2851 2852 2867 2904 2926 2929 2919 2910 2891 2891 2918 2926 2909 2884 2864 2852 2860 2880 2873 2863 2879 2890 2904 2910 2907 2875 2867 2877 2871 2845 2827 2817 2792 2772 2750 2734 2708 2701 2715 2769 2817 2839 2848 2872 2866 2835 2819 2824 2846 2877 2891 2891 2896 2898 2899 2888 2881 2877 2878 2889 2895 2901 2901 2904 2918 2920 2924 2922 2900 2885 2884 2911 2923 2930 2937 2939 -9999 -9999 -9999
2898 2888 2881 2853 2842 2861 2894 2909 2901 2906 2908 2884 2873 2894 2918 2922 2898 2875 2859 2866 2873 2849 2841 2857 2884 2898 2899 2876 2860 2852 2859 2829 2793 2768 2759 2732 2715 2708 2696 2684 2661 2666 2705 2757 2785 2802 2841 2860 2829 2792 2788 2817 2850 2861 2866 2872 2875 2865 2847 2832 2837 2854 2873 2875 2877 2886 2896 2899 2914 2918 2914 2901 2888 2902 2917 2920 2924 2935 2939 2940 -9999 -9999
2877 2896 2884 2861 2836 2843 2870 2880 2879 2888 2907 2891 2864 2865 2897 2909 2896 2866 2850 2854 2859 2829 2802 2825 2857 2873 2859 2838 2818 2829 2824 2784 2741 2710 2691 2663 2647 2645 2646 2636 2618 2607 2639 2690 2730 2766 2812 2838 2807 2768 2766 2789 2827 2843 2840 2845 2832 2818 2793 2784 2798 2828 2853 2835 2847 2868 2878 2881 2896 2917 2921 2911 2910 2918 2923 2918 2923 2933 2940 2939 -9999 -9999
2864 2877 2887 2862 2824 2822 2835 2848 2858 2887 2902 2885 2852 2853 2875 2900 2872 2843 2819 2822 2824 2798 2777 2777 2812 2825 2810 2785 2776 2783 2775 2737 2686 2649 2625 2594 2576 2574 2579 2571 2555 2547 2575 2634 2693 2741 2793 2819 2800 2766 2757 2789 2819 2836 2828 2820 2803 2779 2759 2748 2761 2801 2819 2810 2816 2854 2860 2855 2878 2909 2920 2924 2924 2928 2929 2928 2929 2937 2938 2939 -9999 -9999
2848 2859 2880 2868 2846 2823 2829 2839 2864 2889 2895 2872 2845 2849 2883 2878 2843 2801 2775 2767 2778 2774 2755 2760 2764 2781 2760 2733 2722 2731 2726 2684 2633 2588 2560 2530 2510 2499 2504 2500 2474 2472 2511 2582 2650 2710 2766 2805 2804 2783 2786 2792 2825 2832 2814 2796 2792 2778 2761 2740 2747 2778 2811 2802 2811 2842 2857 2861 2877 2903 2921 2925 2929 2931 2933 2933 2934 2937 2938 -9999 -9999 -9999
2825 2851 2869 2865 2839 2824 2820 2831 2859 2890 2890 2873 2850 2861 2885 2860 2808 2759 2722 2711 2715 2729 2741 2732 2746 2746 2716 2685 2666 2677 2667 2629 2583 2537 2497 2468 2440 2423 2423 2414 2404 2414 2468 2545 2616 2675 2729 2772 2784 2772 2773 2786 2815 2828 2797 2782 2777 2766 2746 2735 2742 2780 2815 2812 2801 2824 2858 2869 2889 2904 2921 2931 2932 2933 2935 2934 2935 2937 2936 -9999 -9999 -9999
2814 2845 2849 2834 2810 2788 2786 2800 2829 2856 2882 2879 2865 2865 2882 2856 2793 2738 2685 2653 2651 2667 2689 2703 2710 2719 2696 2649 2627 2616 2603 2564 2521 2483 2442 2408 2379 2344 2337 2336 2353 2394 2457 2545 2614 2672 2722 2739 2741 2724 2725 2737 2774 2798 2770 2751 2755 2738 2732 2726 2754 2805 2841 2844 2828 2846 2872 2897 2901 2912 2925 2931 2933 2933 2933 2924 2934 2936 2935 -9999 -9999 -9999
2813 2829 2830 2793 2761 2748 2758 2777 2810 2850 2873 2894 2866 2860 2869 2845 2784 2722 2666 2619 2598 2610 2634 2650 2672 2693 2685 2650 2606 2580 2546 2502 2460 2420 2383 2350 2318 2281 2263 2288 2334 2393 2464 2533 2603 2663 2694 2695 2676 2662 2672 2694 2730 2752 2731 2707 2716 2720 2722 2739 2775 2823 2867 2877 2872 2879 2898 2914 2919 2922 2930 2932 2931 2932 2922 2914 2923 2933 2934 2935 -9999 -9999
2813 2828 2817 2779 2743 2730 2758 2794 2836 2860 2880 2878 2853 2824 2841 2820 2761 2695 2642 2592 2573 2576 2585 2597 2622 2654 2670 2646 2596 2551 2508 2457 2408 2365 2325 2296 2259 2220 2229 2270 2341 2414 2470 2538 2593 2640 2650 2622 2598 2598 2624 2653 2690 2710 2690 2661 2666 2679 2705 2734 2772 2814 2859 2888 2892 2900 2907 2916 2923 2927 2929 2930 2930 2930 2917 2909 2922 2930 2934 2936 2937 -9999
2811 2816 2811 2780 2744 2737 2769 2816 2855 2875 2880 2864 2822 2791 2807 2802 2735 2668 2613 2581 2579 2588 2575 2565 2575 2607 2633 2612 2570 2521 2474 2425 2375 2328 2285 2254 2219 2204 2228 2290 2359 2421 2485 2540 2593 2625 2616 2560 2526 2531 2564 2601 2627 2654 2652 2632 2637 2662 2701 2741 2781 2810 2853 2885 2901 2908 2912 2919 2923 2926 2928 2928 2928 2923 2915 2907 2918 2927 2935 2937 2936 -9999
2787 2804 2808 2795 2773 2763 2788 2819 2855 2872 2870 2847 2791 2754 2779 2786 2729 2657 2611 2590 2616 2620 2593 2555 2546 2561 2581 2565 2523 2479 2431 2381 2339 2301 2280 2253 2224 2215 2258 2316 2369 2427 2478 2529 2564 2595 2581 2528 2490 2491 2506 2534 2567 2606 2632 2643 2672 2705 2742 2788 2819 2847 2874 2897 2905 2910 2912 2918 2920 2921 2923 2924 2923 2921 2913 2906 2909 2917 2931 2936 2935 -9999
2767 2779 2799 2791 2786 2791 2814 2838 2853 2866 2863 2830 2778 2737 2757 2770 2721 2662 2628 2627 2634 2629 2587 2545 2513 2519 2529 2511 2470 2426 2376 2327 2284 2272 2273 2275 2253 2240 2276 2317 2363 2413 2468 2498 2520 2545 2549 2530 2505 2493 2483 2485 2517 2559 2606 2643 2692 2738 2786 2826 2864 2879 2893 2896 2901 2903 2902 2905 2907 2908 2912 2907 2916 2917 2916 2917 2912 2920 2931 2933 2933 -9999
2749 2766 2771 2765 2752 2775 2821 2850 2869 2868 2863 2846 2795 2754 2759 2763 2729 2690 2668 2647 2635 2598 2552 2506 2472 2466 2471 2447 2410 2365 2315 2264 2226 2212 2245 2268 2269 2270 2294 2328 2345 2392 2438 2459 2463 2479 2513 2528 2541 2544 2507 2490 2494 2536 2583 2636 2690 2746 2801 2849 2881 2884 2886 2882 2881 2878 2872 2873 2879 2883 2890 2895 2895 2901 2903 2918 2924 2928 2932 2931 -9999 -9999
2729 2746 2755 2737 2720 2740 2789 2834 2860 2862 2861 2840 2803 2755 2739 2740 2721 2701 2666 2633 2591 2550 2509 2463 2424 2411 2400 2385 2352 2310 2263 2213 2170 2170 2208 2254 2281 2292 2327 2343 2346 2358 2397 2405 2394 2416 2453 2502 2545 2567 2567 2535 2532 2559 2606 2663 2718 2767 2810 2855 2875 2880 2870 2857 2849 2837 2824 2827 2838 2861 2873 2878 2891 2889 2895 2909 2923 2927 2925 -9999 -9999 -9999
2705 2710 2719 2716 2712 2715 2757 2803 2838 2852 2847 2828 2790 2744 2716 2696 2687 2674 2637 2586 2543 2502 2464 2418 2377 2350 2334 2322 2302 2273 2235 2198 2166 2174 2224 2276 2311 2322 2344 2368 2348 2340 2347 2341 2333 2354 2397 2447 2496 2561 2585 2600 2595 2622 2662 2708 2755 2792 2825 2855 2877 2865 2858 2839 2819 2797 2779 2784 2816 2844 2867 2879 2894 2900 2902 2915 2918 2918 2918 2915 -9999 -9999
2718 2697 2692 2695 2693 2702 2710 2756 2802 2827 2838 2829 2797 2766 2734 2694 2665 2639 2597 2547 2497 2458 2418 2374 2331 2295 2276 2267 2250 2226 2214 2198 2196 2208 2259 2307 2343 2344 2359 2379 2369 2333 2312 2285 2267 2286 2334 2381 2451 2527 2605 2639 2666 2691 2726 2764 2799 2829 2849 2869 2870 2860 2842 2838 2815 2781 2754 2753 2787 2825 2854 2869 2886 2900 2907 2911 2913 2912 2909 2912 2911 -9999
2783 2743 2722 2716 2711 2691 2696 2723 2766 2796 2821 2806 2786 2758 2741 2716 2672 2635 2577 2523 2479 2436 2396 2350 2307 2269 2237 2228 2200 2178 2179 2192 2223 2259 2297 2341 2373 2377 2376 2393 2384 2349 2306 2260 2232 2232 2270 2334 2421 2515 2598 2663 2697 2733 2773 2802 2832 2854 2867 2872 2866 2833 2821 2818 2811 2783 2766 2772 2797 2832 2852 2869 2874 2886 2900 2906 2907 2907 2907 2907 -9999 -9999
2848 2818 2802 2782 2765 2747 2723 2737 2760 2782 2794 2780 2740 2711 2705 2700 2680 2637 2590 2543 2497 2460 2418 2376 2340 2292 2257 2230 2194 2175 2172 2196 2245 2294 2335 2375 2412 2421 2415 2418 2412 2376 2331 2285 2241 2224 2236 2309 2403 2498 2578 2644 2699 2742 2783 2821 2849 2859 2866 2868 2853 2819 2788 2793 2790 2787 2794 2808 2831 2847 2866 2867 2875 2881 2892 2898 2900 2902 2903 2904 2905 -9999
2900 2872 2870 2853 2832 2807 2776 2763 2776 2770 2769 2741 2709 2670 2650 2657 2645 2626 2607 2569 2541 2500 2457 2423 2388 2345 2301 2271 2241 2218 2222 2226 2261 2310 2358 2406 2452 2472 2466 2461 2451 2416 2367 2326 2289 2248 2243 2286 2384 2473 2552 2616 2670 2724 2777 2821 2847 2856 2851 2853 2845 2822 2795 2784 2772 2762 2765 2785 2803 2824 2843 2866 2872 2884 2889 2891 2894 2897 2899 2899 -9999 2892
2928 2917 2911 2897 2881 2849 2809 2791 2793 2775 2744 2715 2682 2642 2616 2609 2596 2595 2599 2595 2566 2543 2505 2467 2441 2399 2362 2335 2303 2292 2290 2277 2284 2308 2364 2428 2484 2522 2532 2520 2501 2456 2408 2370 2342 2310 2299 2337 2398 2483 2560 2626 2684 2736 2791 2828 2851 2844 2836 2827 2834 2830 2822 2803 2776 2748 2739 2749 2770 2799 2836 2858 2877 2880 2884 2886 2890 2893 2894 2892 2887 2889
2948 2936 2932 2921 2904 2881 2840 2827 2835 2808 2774 2737 2706 2667 2633 2605 2578 2584 2601 2592 2594 2572 2543 2519 2492 2463 2432 2400 2375 2359 2362 2345 2322 2342 2377 2445 2514 2573 2598 2598 2562 2505 2444 2414 2386 2386 2400 2434 2482 2532 2601 2663 2717 2767 2801 2823 2834 2830 2820 2817 2811 2821 2824 2811 2786 2761 2746 2760 2788 2812 2842 2867 2872 2876 2880 2883 2887 2890 2890 2888 2886 2883
2952 2948 2942 2935 2929 2911 2888 2877 2876 2853 2821 2794 2765 2735 2694 2653 2614 2619 2617 2615 2610 2610 2586 2564 2560 2544 2512 2480 2441 2430 2429 2416 2409 2418 2460 2507 2561 2620 2663 2668 2636 2560 2501 2458 2444 2446 2487 2539 2578 2622 2666 2717 2753 2787 2805 2814 2826 2831 2833 2820 2816 2808 2807 2805 2801 2783 2768 2779 2797 2816 2840 2862 2872 2875 2878 2882 2885 2888 2889 2888 2885 2885
2952 2950 2942 2945 2943 2937 2924 2911 2909 2887 2869 2846 2821 2793 2756 2706 2675 2677 2666 2660 2672 2664 2652 2642 2639 2627 2598 2552 2520 2495 2491 2470 2470 2507 2547 2596 2643 2687 2725 2734 2693 2624 2557 2524 2504 2524 2553 2606 2658 2695 2733 2761 2776 2797 2816 2824 2843 2848 2857 2858 2830 2805 2798 2805 2817 2804 2782 2772 2777 2798 2827 2858 2872 2876 2878 2881 2884 2887 2888 2888 2886 2884
