Data/tmax/PRISM_tmax_pr_1963-1995_normal_450mM1_02_asc.asc
ncols 557
nrows 164
xllcorner -67.31875000000
yllcorner 17.86875000000
cellsize 0.00416666667
NODATA_value -9999
[rows 108 to 143 of 164, columns 0 to 81 of 557]
-9999 -9999 -9999 -9999 -9999 -9999 -9999 -9999 -9999 -9999 -9999 -9999 -9999 -9999 -9999 -9999 -9999 -9999 -9999 -9999 -9999 -9999 -9999 -9999 -9999 -9999 -9999 3039 3047 3044 3039 3033 3026 3030 3047 3059 3067 3083 3101 3112 3117 3120 3123 3123 3123 3122 3121 3119 3117 3116 3115 3116 3120 3126 3132 3136 3138 3138 3138 3136 3134 3131 3129 3124 3118 3114 3106 3105 3094 3075 3057 3047 3041 3041 3036 3041 3043 3036 3016 3012 3011 3031
-9999 -9999 -9999 -9999 -9999 -9999 -9999 -9999 -9999 -9999 -9999 -9999 -9999 -9999 -9999 -9999 -9999 -9999 -9999 -9999 -9999 -9999 -9999 -9999 -9999 -9999 3034 3035 3033 3034 3028 3024 3023 3033 3045 3056 3068 3089 3105 3114 3117 3119 3120 3121 3121 3121 3121 3121 3120 3120 3120 3123 3129 3136 3142 3146 3147 3145 3143 3140 3137 3131 3121 3108 3102 3108 3110 3104 3094 3083 3066 3060 3057 3047 3041 3045 3052 3032 3020 3011 3025 3036
-9999 -9999 -9999 -9999 -9999 -9999 -9999 -9999 -9999 -9999 -9999 -9999 -9999 -9999 -9999 -9999 -9999 -9999 -9999 -9999 -9999 -9999 -9999 -9999 -9999 -9999 -9999 3028 3027 3025 3023 3022 3030 3038 3049 3054 3068 3090 3106 3113 3115 3116 3116 3116 3117 3116 3118 3120 3122 3123 3124 3128 3134 3140 3150 3152 3149 3146 3145 3140 3135 3125 3108 3091 3086 3096 3108 3105 3097 3087 3081 3073 3060 3048 3044 3055 3054 3042 3030 3033 3034 3048
-9999 -9999 -9999 -9999 -9999 -9999 -9999 -9999 -9999 -9999 -9999 -9999 -9999 -9999 -9999 -9999 -9999 -9999 -9999 -9999 -9999 -9999 -9999 -9999 -9999 -9999 3026 3027 3025 3023 3023 3028 3034 3044 3047 3054 3065 3089 3104 3110 3113 3112 3112 3113 3113 3113 3113 3116 3119 3120 3121 3122 3115 3125 3137 3140 3135 3131 3134 3135 3130 3124 3111 3098 3091 3098 3104 3105 3100 3095 3088 3078 3066 3053 3054 3064 3060 3054 3054 3051 3051 3058
-9999 -9999 -9999 -9999 -9999 -9999 -9999 -9999 -9999 -9999 -9999 -9999 -9999 -9999 -9999 -9999 -9999 -9999 -9999 -9999 -9999 -9999 -9999 -9999 -9999 3022 3023 3024 3022 3023 3026 3034 3042 3046 3051 3057 3071 3090 3103 3108 3109 3106 3107 3109 3109 3101 3095 3090 3100 3094 3101 3095 3078 3076 3089 3098 3091 3094 3105 3114 3112 3112 3111 3094 3090 3086 3093 3097 3100 3097 3093 3089 3078 3073 3071 3072 3064 3065 3070 3066 3064 3064
-9999 -9999 -9999 -9999 -9999 -9999 -9999 -9999 -9999 -9999 -9999 -9999 -9999 -9999 -9999 -9999 -9999 -9999 -9999 -9999 -9999 -9999 -9999 -9999 -9999 3022 3022 3022 3022 3022 3030 3041 3050 3055 3062 3069 3078 3092 3098 3103 3100 3098 3098 3097 3085 3078 3048 3046 3048 3058 3072 3074 3046 3029 3039 3044 3047 3054 3074 3081 3081 3093 3093 3085 3070 3065 3065 3069 3085 3085 3088 3087 3086 3083 3080 3075 3068 3072 3074 3073 3070 3068
-9999 -9999 -9999 -9999 -9999 -9999 -9999 -9999 -9999 -9999 -9999 -9999 -9999 -9999 -9999 -9999 -9999 -9999 -9999 -9999 -9999 -9999 -9999 -9999 -9999 -9999 3022 3022 3021 3024 3035 3047 3056 3063 3068 3073 3079 3083 3088 3089 3089 3087 3085 3073 3061 3040 3029 3016 3032 3043 3067 3070 3042 3025 3026 3034 3037 3045 3057 3056 3052 3068 3081 3072 3070 3058 3044 3045 3056 3061 3062 3066 3075 3077 3078 3074 3071 3072 3073 3072 3070 3069
-9999 -9999 -9999 -9999 -9999 -9999 -9999 -9999 -9999 -9999 -9999 -9999 -9999 -9999 -9999 -9999 -9999 -9999 -9999 -9999 -9999 -9999 -9999 -9999 -9999 -9999 -9999 3021 3022 3028 3037 3052 3058 3063 3065 3066 3068 3070 3072 3077 3076 3074 3065 3051 3032 3035 3025 3028 3032 3041 3056 3050 3035 3036 3039 3045 3042 3046 3051 3047 3041 3047 3055 3055 3056 3055 3047 3038 3045 3039 3034 3035 3048 3058 3059 3068 3068 3070 3068 3067 3061 3063
-9999 -9999 -9999 -9999 -9999 -9999 -9999 -9999 -9999 -9999 -9999 -9999 -9999 -9999 -9999 -9999 -9999 -9999 -9999 -9999 -9999 -9999 -9999 -9999 -9999 -9999 3020 3020 3022 3025 3038 3047 3054 3056 3052 3049 3049 3048 3057 3063 3063 3058 3047 3030 3025 3030 3034 3033 3032 3037 3036 3025 3026 3027 3038 3041 3041 3041 3049 3044 3040 3042 3043 3045 3048 3044 3038 3032 3032 3023 3016 3017 3021 3027 3025 3036 3054 3059 3057 3049 3041 3044
-9999 -9999 -9999 -9999 -9999 -9999 -9999 -9999 -9999 -9999 -9999 -9999 -9999 -9999 -9999 -9999 -9999 -9999 -9999 -9999 -9999 -9999 -9999 -9999 -9999 3019 3019 3020 3020 3023 3032 3042 3045 3045 3038 3037 3030 3030 3033 3045 3049 3045 3033 3026 3027 3031 3032 3027 3022 3026 3026 3017 3014 3015 3011 3016 3023 3029 3036 3045 3042 3044 3047 3048 3044 3043 3040 3032 3025 3018 3014 3004 3010 2998 2995 3004 3025 3039 3037 3028 3020 3031
-9999 -9999 -9999 -9999 -9999 -9999 -9999 -9999 -9999 -9999 -9999 -9999 -9999 -9999 -9999 -9999 -9999 -9999 -9999 -9999 -9999 -9999 -9999 -9999 -9999 3019 3019 3021 3020 3022 3030 3035 3037 3036 3034 3030 3029 3022 3025 3032 3036 3031 3025 3019 3023 3027 3023 3017 3013 3013 3018 3012 3013 3005 2999 3006 3010 3015 3026 3029 3039 3041 3043 3042 3044 3045 3046 3045 3042 3037 3026 3024 3010 3004 2990 2991 3007 3011 3013 3011 3017 3030
-9999 -9999 -9999 -9999 -9999 -9999 -9999 -9999 -9999 -9999 -9999 -9999 -9999 -9999 -9999 -9999 -9999 -9999 -9999 -9999 -9999 -9999 -9999 -9999 -9999 3019 3020 3023 3025 3027 3029 3034 3033 3031 3027 3028 3027 3026 3030 3035 3037 3032 3024 3020 3021 3020 3023 3015 3011 3012 3008 3009 3008 3000 3001 3000 3009 3009 3012 3019 3024 3032 3031 3035 3038 3045 3051 3051 3053 3051 3044 3037 3035 3027 3023 3015 3006 3012 3013 3021 3030 3043
-9999 -9999 -9999 -9999 -9999 -9999 -9999 -9999 -9999 -9999 -9999 -9999 -9999 -9999 -9999 -9999 -9999 -9999 -9999 -9999 -9999 -9999 -9999 -9999 -9999 -9999 3020 3023 3024 3023 3025 3024 3029 3026 3025 3024 3027 3031 3035 3041 3041 3036 3033 3026 3021 3020 3017 3016 3013 3010 3009 3004 3003 2995 2994 2998 2999 3003 3005 3008 3016 3020 3022 3023 3031 3039 3044 3049 3051 3054 3052 3051 3049 3044 3041 3028 3025 3020 3029 3033 3044 3050
-9999 -9999 -9999 -9999 -9999 -9999 -9999 -9999 -9999 -9999 -9999 -9999 -9999 -9999 -9999 -9999 -9999 -9999 -9999 -9999 -9999 -9999 -9999 -9999 -9999 3018 3020 3020 3021 3018 3016 3020 3020 3024 3025 3028 3031 3033 3040 3039 3040 3038 3036 3031 3025 3020 3020 3013 3014 3013 3008 3005 2997 2989 2990 2992 2994 2998 3000 3004 3010 3016 3018 3021 3025 3031 3038 3039 3043 3050 3052 3054 3048 3045 3041 3032 3026 3031 3034 3036 3040 3049
-9999 -9999 -9999 -9999 -9999 -9999 -9999 -9999 -9999 -9999 -9999 -9999 -9999 -9999 -9999 -9999 -9999 -9999 -9999 -9999 -9999 -9999 -9999 -9999 3018 3019 3020 3022 3018 3019 3017 3016 3020 3021 3029 3032 3034 3036 3038 3038 3036 3038 3038 3034 3029 3023 3020 3015 3013 3014 3011 3006 3001 2992 2994 2993 2993 2996 3001 3004 3009 3014 3016 3020 3023 3028 3031 3034 3037 3043 3049 3048 3049 3043 3036 3030 3025 3030 3034 3038 3042 3047
-9999 -9999 -9999 -9999 -9999 -9999 -9999 -9999 -9999 -9999 -9999 -9999 -9999 -9999 -9999 -9999 -9999 -9999 -9999 -9999 -9999 -9999 -9999 3017 3017 3018 3020 3021 3022 3020 3020 3020 3020 3025 3031 3033 3036 3036 3039 3037 3039 3040 3040 3036 3031 3026 3022 3018 3016 3015 3012 3009 3004 3001 3000 2999 2997 3001 3003 3005 3009 3013 3016 3019 3022 3025 3028 3030 3034 3038 3041 3045 3045 3043 3040 3029 3031 3031 3036 3037 3039 3043
-9999 -9999 -9999 -9999 -9999 -9999 -9999 -9999 -9999 -9999 -9999 -9999 -9999 -9999 -9999 -9999 -9999 -9999 -9999 -9999 -9999 -9999 -9999 -9999 3018 3020 3020 3020 3022 3022 3022 3023 3024 3027 3033 3036 3036 3038 3039 3039 3038 3039 3038 3035 3032 3028 3024 3020 3019 3016 3013 3010 3007 3005 3005 3004 3003 3004 3005 3007 3010 3012 3015 3018 3021 3023 3026 3028 3031 3035 3037 3040 3043 3044 3041 3040 3038 3040 3040 3040 3039 3042
-9999 -9999 -9999 -9999 -9999 -9999 -9999 -9999 -9999 -9999 -9999 -9999 -9999 -9999 -9999 -9999 -9999 -9999 -9999 -9999 -9999 -9999 -9999 -9999 -9999 3022 3025 3023 3021 3021 3023 3024 3025 3029 3033 3036 3037 3037 3038 3036 3034 3034 3035 3033 3032 3028 3025 3022 3019 3017 3015 3013 3010 3009 3007 3007 3006 3006 3007 3009 3011 3013 3015 3017 3020 3022 3024 3026 3029 3032 3033 3037 3039 3041 3043 3042 3043 3042 3042 3040 3039 3039
-9999 -9999 -9999 -9999 -9999 -9999 -9999 -9999 -9999 -9999 -9999 -9999 -9999 -9999 -9999 -9999 -9999 -9999 -9999 -9999 -9999 -9999 -9999 -9999 -9999 -9999 3031 3029 3024 3021 3022 3024 3025 3028 3031 3035 3035 3036 3036 3035 3033 3035 3036 3034 3032 3029 3026 3023 3021 3018 3016 3015 3013 3012 3010 3010 3009 3009 3009 3011 3012 3014 3015 3017 3019 3021 3022 3025 3027 3029 3031 3033 3035 3038 3039 3041 3041 3041 3040 3039 3037 3037
-9999 -9999 -9999 -9999 -9999 -9999 -9999 -9999 -9999 -9999 -9999 -9999 -9999 -9999 -9999 -9999 -9999 -9999 -9999 -9999 -9999 -9999 -9999 -9999 -9999 -9999 -9999 -9999 -9999 -9999 3023 3024 3025 3027 3029 3031 3032 3033 3036 3036 3037 3039 3040 3036 3034 3030 3027 3024 3021 3019 3018 3016 3015 3014 3013 3012 3011 3011 3011 3013 3014 3015 3016 3017 3018 3020 3021 3023 3025 3027 3029 3030 3033 3035 3036 3038 3039 3038 3037 3036 3036 3036
-9999 -9999 -9999 -9999 -9999 -9999 -9999 -9999 -9999 -9999 -9999 -9999 -9999 -9999 -9999 -9999 -9999 -9999 -9999 -9999 -9999 -9999 -9999 -9999 -9999 -9999 -9999 -9999 -9999 -9999 3023 3024 3024 3027 3027 3028 3027 3030 3035 3037 3039 3041 3042 3037 3034 3030 3026 3023 3020 3018 3018 3016 3015 3014 3013 3012 3012 3012 3013 3013 3014 3015 3016 3017 3017 3019 3020 3022 3023 3025 3026 3028 3030 3032 3033 3035 3036 3036 3035 3034 3034 3033
-9999 -9999 -9999 -9999 -9999 -9999 -9999 -9999 -9999 -9999 -9999 -9999 -9999 -9999 -9999 -9999 -9999 -9999 -9999 -9999 -9999 -9999 -9999 -9999 -9999 -9999 -9999 3022 3022 3022 3022 3023 3024 3026 3026 3026 3025 3027 3033 3037 3038 3040 3040 3036 3032 3027 3020 3014 3010 3009 3010 3011 3012 3011 3008 3007 3007 3007 3011 3012 3012 3014 3014 3015 3016 3017 3018 3020 3021 3022 3024 3025 3027 3029 3031 3032 3033 3033 3033 3033 3032 3032
-9999 -9999 -9999 -9999 -9999 -9999 -9999 -9999 -9999 -9999 -9999 -9999 -9999 -9999 -9999 -9999 -9999 -9999 -9999 -9999 -9999 -9999 -9999 -9999 -9999 -9999 3017 3020 3020 3021 3022 3023 3023 3025 3025 3025 3024 3025 3031 3034 3036 3037 3036 3031 3024 3016 2999 2984 2982 2979 2982 2993 2999 2998 2992 2991 2992 2994 3000 3006 3007 3006 3007 3009 3011 3012 3014 3016 3018 3020 3021 3023 3024 3026 3029 3030 3031 3032 3031 3031 3031 3029
-9999 -9999 -9999 -9999 -9999 -9999 -9999 -9999 -9999 -9999 -9999 -9999 -9999 -9999 -9999 -9999 -9999 -9999 -9999 -9999 -9999 -9999 -9999 -9999 -9999 3018 3018 3019 3019 3017 3016 3016 3013 3015 3020 3021 3020 3020 3026 3030 3031 3031 3027 3019 3010 2995 2970 2943 2935 2930 2942 2957 2969 2972 2970 2972 2974 2979 2991 2999 2999 2998 2997 2999 3004 3007 3009 3011 3013 3016 3018 3019 3018 3023 3025 3027 3029 3030 3030 3030 3029 3029
-9999 -9999 -9999 -9999 -9999 -9999 -9999 -9999 -9999 -9999 -9999 -9999 -9999 -9999 -9999 -9999 -9999 -9999 -9999 -9999 -9999 -9999 -9999 -9999 3019 3019 3015 3014 3008 3003 2999 2998 2998 3000 3005 3009 3011 3014 3018 3023 3024 3021 3013 2998 2986 2976 2949 2927 2914 2912 2915 2933 2942 2952 2954 2958 2966 2972 2985 2994 2995 2992 2990 2993 2996 3001 3002 3003 3001 3007 3012 3010 3011 3013 3015 3019 3024 3024 3026 3026 3028 3027
-9999 -9999 -9999 -9999 -9999 -9999 -9999 -9999 -9999 -9999 -9999 -9999 -9999 -9999 -9999 -9999 -9999 -9999 -9999 -9999 -9999 -9999 -9999 3020 3020 3014 3009 3001 3000 2992 2991 2995 2995 2997 2999 3000 3003 3006 3011 3017 3015 3007 2988 2971 2964 2953 2946 2931 2925 2918 2925 2936 2947 2957 2963 2967 2966 2978 2985 2986 2987 2987 2987 2987 2990 2992 2993 2989 2988 2991 3000 3003 3000 2999 2994 3003 3004 3006 3013 3018 3016 3018
-9999 -9999 -9999 -9999 -9999 -9999 -9999 -9999 -9999 -9999 -9999 -9999 -9999 -9999 -9999 -9999 -9999 -9999 -9999 -9999 -9999 -9999 3019 3019 3019 3016 3006 3005 3001 3000 2998 3001 3004 3004 3004 3003 3004 3005 3005 3008 3003 2984 2968 2962 2957 2952 2943 2940 2935 2932 2940 2956 2968 2979 2978 2973 2972 2976 2980 2977 2974 2978 2976 2982 2983 2989 2991 2989 2985 2989 2994 2996 2992 2985 2977 2980 2986 2985 2992 3000 3002 2998
-9999 -9999 -9999 -9999 -9999 -9999 -9999 -9999 -9999 -9999 -9999 -9999 -9999 -9999 -9999 -9999 -9999 -9999 -9999 -9999 -9999 -9999 3020 3020 3020 3017 3012 3010 3010 3007 3007 3009 3011 3011 3011 3010 3009 3005 3002 3001 2993 2981 2968 2969 2970 2957 2949 2951 2953 2955 2962 2975 2985 2986 2980 2980 2975 2982 2986 2981 2976 2970 2970 2971 2981 2986 2992 2995 2995 2997 3002 2999 2994 2984 2979 2988 2991 2992 2997 3000 2999 2999
-9999 -9999 -9999 -9999 -9999 -9999 -9999 -9999 -9999 -9999 -9999 -9999 -9999 -9999 -9999 -9999 -9999 -9999 -9999 -9999 -9999 -9999 3020 3020 3020 3019 3016 3015 3014 3013 3013 3013 3014 3014 3014 3012 3011 3007 3002 2997 2992 2984 2981 2984 2986 2978 2974 2977 2980 2981 2984 2991 2993 2983 2982 2986 2989 2995 2999 2997 2993 2989 2980 2983 2983 2991 2991 2995 2994 3002 3008 3008 3003 3003 2997 3003 3005 3005 3004 3006 3006 3009
-9999 -9999 -9999 -9999 -9999 -9999 -9999 -9999 -9999 -9999 -9999 -9999 -9999 -9999 -9999 -9999 -9999 -9999 -9999 -9999 -9999 -9999 3020 3020 3020 3020 3019 3017 3016 3014 3014 3015 3016 3016 3016 3015 3012 3008 3003 2998 2994 2990 2989 2993 2994 2994 2991 2993 2994 2993 2996 2999 2992 2984 2983 2997 3003 3005 3007 3008 3007 3006 3003 2999 3000 2995 2996 2992 2993 2997 3008 3008 3011 3010 3010 3010 3011 3011 3010 3010 3014 3014
-9999 -9999 -9999 -9999 -9999 -9999 -9999 -9999 -9999 -9999 -9999 -9999 -9999 -9999 -9999 -9999 -9999 -9999 -9999 -9999 -9999 -9999 3020 3020 3020 3020 3019 3018 3015 3013 3014 3014 3016 3017 3017 3015 3012 3009 3006 3002 2996 2993 2993 2998 3000 2999 2999 3000 3000 2999 3000 3001 2992 2987 2994 3005 3009 3010 3011 3012 3012 3012 3011 3011 3010 3010 3006 3008 3001 3006 3006 3007 3008 3010 3011 3012 3013 3013 3013 3014 3014 3017
-9999 -9999 -9999 -9999 -9999 -9999 -9999 -9999 -9999 -9999 -9999 -9999 -9999 -9999 -9999 -9999 -9999 -9999 -9999 -9999 -9999 -9999 3020 3021 3021 3020 3019 3018 3016 3015 3015 3016 3017 3018 3018 3016 3014 3012 3010 3005 2998 2992 2994 3001 3003 3001 3003 3005 3003 3001 3004 3001 2995 2992 3004 3010 3011 3012 3012 3013 3012 3012 3012 3012 3012 3012 3013 3013 3011 3010 3011 3008 3011 3010 3009 3011 3013 3013 3014 3014 3014 3014
-9999 -9999 -9999 -9999 -9999 -9999 -9999 -9999 -9999 -9999 -9999 -9999 -9999 -9999 -9999 -9999 -9999 -9999 -9999 -9999 -9999 -9999 3020 3020 3020 3020 3019 3018 3017 3016 3016 3017 3018 3018 3018 3017 3016 3015 3013 3008 3003 2996 2999 3005 3005 3004 3006 3006 3003 3002 3005 3007 3000 3002 3008 3011 3012 3011 3013 3013 3013 3013 3013 3013 3013 3013 3013 3013 3013 3013 3013 3013 3013 3010 3009 3010 3012 3014 3014 3014 3013 3012
-9999 -9999 -9999 -9999 -9999 -9999 -9999 -9999 -9999 -9999 -9999 -9999 -9999 -9999 -9999 -9999 -9999 -9999 -9999 -9999 -9999 -9999 3019 3019 3020 3020 3020 3020 3018 3018 3018 3019 3019 3018 3018 3018 3017 3017 3014 3010 3006 3005 3005 3009 3009 3008 3009 3010 3006 3006 3009 3010 3008 3008 3011 3012 3012 3013 3013 3014 3013 -9999 -9999 -9999 -9999 3013 3013 3013 3013 3014 3014 3014 3014 3014 3013 3014 3016 3016 3016 3016 3014 3009
-9999 -9999 -9999 -9999 -9999 -9999 -9999 -9999 -9999 -9999 -9999 -9999 -9999 -9999 -9999 -9999 -9999 -9999 -9999 -9999 -9999 -9999 -9999 3019 3020 3021 3022 3021 3021 3021 3023 3023 3023 3019 3018 3018 3017 3016 3014 3012 3010 3010 3011 3012 3012 3011 3012 3011 3011 3011 3011 3012 3012 3012 3013 3013 3014 3014 3014 3014 -9999 -9999 -9999 -9999 -9999 -9999 -9999 -9999 -9999 -9999 -9999 -9999 -9999 3016 3017 3018 3018 -9999 3020 3019 3016 3011
-9999 -9999 -9999 -9999 -9999 -9999 -9999 -9999 -9999 -9999 -9999 -9999 -9999 -9999 -9999 -9999 -9999 -9999 -9999 -9999 -9999 -9999 -9999 -9999 3022 3023 3023 3023 3026 3028 3029 3029 3026 -9999 -9999 3017 3017 3015 3014 3013 3013 3013 3014 3013 3013 3013 3012 3012 3012 3013 3013 3014 3015 3015 3015 3015 3015 3015 3015 -9999 -9999 -9999 -9999 -9999 -9999 -9999 -9999 -9999 -9999 -9999 -9999 -9999 -9999 -9999 3020 3020 -9999 -9999 3022 3024 3021 3015
