Data/tmax/PRISM_tmax_pr_1963-1995_normal_450mM1_05_asc.asc
ncols 557
nrows 164
xllcorner -67.31875000000
yllcorner 17.86875000000
cellsize 0.00416666667
NODATA_value -9999
[rows 0 to 35 of 164, columns 82 to 163 of 557]
-9999 -9999 -9999 -9999 -9999 -9999 -9999 -9999 -9999 -9999 -9999 -9999 -9999 -9999 -9999 -9999 -9999 -9999 -9999 -9999 -9999 -9999 -9999 -9999 -9999 -9999 -9999 -9999 -9999 -9999 -9999 -9999 -9999 -9999 -9999 -9999 -9999 -9999 -9999 -9999 -9999 -9999 -9999 -9999 -9999 -9999 -9999 -9999 -9999 -9999 -9999 -9999 -9999 -9999 -9999 -9999 -9999 -9999 -9999 -9999 -9999 -9999 -9999 -9999 -9999 -9999 -9999 -9999 -9999 -9999 -9999 -9999 -9999 -9999 -9999 -9999 -9999 -9999 -9999 -9999 -9999 -9999
-9999 -9999 -9999 -9999 -9999 -9999 -9999 -9999 -9999 -9999 -9999 -9999 -9999 -9999 -9999 -9999 -9999 -9999 -9999 -9999 -9999 -9999 -9999 -9999 -9999 -9999 -9999 -9999 -9999 -9999 -9999 -9999 -9999 -9999 -9999 -9999 -9999 -9999 -9999 -9999 -9999 -9999 -9999 -9999 -9999 -9999 -9999 -9999 -9999 -9999 -9999 -9999 -9999 -9999 -9999 -9999 -9999 -9999 -9999 -9999 -9999 -9999 -9999 -9999 -9999 -9999 -9999 -9999 -9999 -9999 -9999 -9999 -9999 -9999 -9999 -9999 -9999 -9999 -9999 -9999 -9999 -9999
-9999 -9999 -9999 -9999 -9999 -9999 -9999 -9999 -9999 -9999 -9999 -9999 -9999 -9999 -9999 -9999 -9999 -9999 -9999 -9999 -9999 -9999 -9999 -9999 -9999 -9999 -9999 -9999 -9999 -9999 -9999 -9999 -9999 -9999 -9999 -9999 -9999 -9999 -9999 -9999 -9999 -9999 -9999 -9999 -9999 -9999 -9999 -9999 -9999 -9999 -9999 -9999 -9999 -9999 -9999 -9999 -9999 -9999 -9999 -9999 -9999 -9999 -9999 -9999 -9999 -9999 -9999 -9999 -9999 -9999 -9999 -9999 -9999 -9999 -9999 -9999 -9999 -9999 -9999 -9999 -9999 -9999
-9999 -9999 -9999 -9999 -9999 -9999 -9999 -9999 -9999 -9999 -9999 -9999 -9999 -9999 -9999 -9999 -9999 -9999 -9999 -9999 -9999 -9999 -9999 -9999 -9999 -9999 -9999 -9999 -9999 -9999 -9999 -9999 -9999 -9999 -9999 -9999 -9999 -9999 -9999 -9999 -9999 -9999 -9999 -9999 -9999 -9999 -9999 -9999 -9999 -9999 -9999 -9999 -9999 -9999 -9999 -9999 -9999 -9999 -9999 -9999 -9999 -9999 -9999 -9999 -9999 -9999 -9999 -9999 -9999 -9999 -9999 -9999 -9999 -9999 -9999 -9999 -9999 -9999 -9999 -9999 -9999 -9999
-9999 -9999 -9999 -9999 -9999 -9999 -9999 -9999 -9999 -9999 -9999 -9999 -9999 -9999 -9999 -9999 -9999 -9999 -9999 -9999 -9999 -9999 -9999 -9999 -9999 -9999 -9999 -9999 -9999 -9999 -9999 -9999 -9999 -9999 -9999 -9999 -9999 -9999 -9999 -9999 -9999 -9999 -9999 -9999 -9999 -9999 -9999 -9999 -9999 -9999 -9999 -9999 -9999 -9999 -9999 -9999 -9999 -9999 -9999 -9999 -9999 -9999 -9999 -9999 -9999 -9999 -9999 -9999 -9999 -9999 -9999 -9999 -9999 -9999 -9999 -9999 -9999 -9999 -9999 -9999 -9999 -9999
-9999 -9999 -9999 -9999 -9999 -9999 -9999 -9999 -9999 -9999 -9999 -9999 -9999 -9999 -9999 -9999 -9999 -9999 -9999 -9999 -9999 -9999 -9999 -9999 -9999 -9999 -9999 -9999 -9999 -9999 -9999 -9999 -9999 -9999 -9999 -9999 -9999 -9999 -9999 -9999 -9999 -9999 -9999 -9999 -9999 -9999 -9999 -9999 -9999 -9999 -9999 -9999 -9999 -9999 -9999 -9999 -9999 -9999 -9999 -9999 -9999 -9999 -9999 -9999 -9999 -9999 -9999 -9999 -9999 -9999 -9999 -9999 -9999 -9999 -9999 -9999 -9999 -9999 -9999 -9999 -9999 -9999
-9999 -9999 -9999 -9999 -9999 -9999 -9999 -9999 -9999 -9999 -9999 -9999 -9999 -9999 -9999 -9999 -9999 -9999 -9999 -9999 -9999 -9999 -9999 -9999 -9999 -9999 -9999 -9999 -9999 -9999 -9999 -9999 -9999 -9999 -9999 -9999 -9999 -9999 -9999 -9999 -9999 -9999 -9999 -9999 -9999 -9999 -9999 -9999 -9999 -9999 -9999 -9999 -9999 -9999 -9999 -9999 -9999 -9999 -9999 -9999 -9999 -9999 -9999 -9999 -9999 -9999 -9999 -9999 -9999 -9999 -9999 -9999 -9999 -9999 -9999 -9999 -9999 -9999 -9999 -9999 -9999 -9999
-9999 -9999 -9999 -9999 -9999 -9999 -9999 -9999 -9999 -9999 -9999 -9999 -9999 -9999 -9999 -9999 -9999 -9999 -9999 -9999 -9999 -9999 -9999 -9999 -9999 -9999 -9999 -9999 -9999 -9999 -9999 -9999 -9999 -9999 -9999 -9999 -9999 -9999 -9999 -9999 -9999 -9999 -9999 -9999 -9999 -9999 -9999 -9999 -9999 -9999 -9999 -9999 -9999 -9999 -9999 -9999 -9999 -9999 -9999 -9999 -9999 -9999 -9999 -9999 -9999 -9999 -9999 -9999 -9999 -9999 -9999 -9999 -9999 -9999 -9999 -9999 -9999 -9999 -9999 -9999 -9999 -9999
-9999 -9999 -9999 -9999 -9999 -9999 -9999 -9999 -9999 -9999 -9999 -9999 -9999 -9999 -9999 -9999 -9999 -9999 -9999 -9999 -9999 -9999 -9999 -9999 -9999 -9999 -9999 -9999 -9999 -9999 -9999 -9999 -9999 -9999 -9999 -9999 -9999 -9999 -9999 -9999 -9999 -9999 -9999 -9999 -9999 -9999 -9999 -9999 -9999 -9999 -9999 -9999 -9999 -9999 -9999 -9999 -9999 -9999 -9999 -9999 -9999 -9999 -9999 -9999 -9999 -9999 -9999 -9999 -9999 -9999 -9999 -9999 -9999 -9999 -9999 -9999 -9999 -9999 -9999 -9999 -9999 -9999
-9999 -9999 -9999 -9999 -9999 -9999 -9999 -9999 -9999 -9999 -9999 -9999 -9999 -9999 -9999 -9999 -9999 -9999 -9999 -9999 -9999 -9999 -9999 -9999 -9999 -9999 -9999 -9999 -9999 -9999 -9999 -9999 -9999 -9999 -9999 -9999 -9999 -9999 -9999 -9999 -9999 -9999 -9999 -9999 -9999 -9999 -9999 -9999 -9999 -9999 -9999 -9999 -9999 -9999 -9999 -9999 -9999 -9999 -9999 -9999 -9999 -9999 -9999 -9999 -9999 -9999 -9999 -9999 -9999 -9999 -9999 -9999 -9999 -9999 -9999 -9999 -9999 -9999 -9999 -9999 -9999 -9999
-9999 -9999 -9999 -9999 -9999 -9999 -9999 -9999 -9999 -9999 -9999 -9999 -9999 -9999 -9999 -9999 -9999 -9999 -9999 -9999 -9999 -9999 -9999 -9999 -9999 -9999 -9999 -9999 -9999 -9999 -9999 -9999 -9999 -9999 -9999 -9999 -9999 -9999 -9999 -9999 -9999 -9999 -9999 -9999 -9999 -9999 -9999 -9999 -9999 -9999 -9999 -9999 -9999 -9999 -9999 -9999 -9999 -9999 -9999 -9999 -9999 -9999 -9999 -9999 -9999 -9999 -9999 -9999 -9999 -9999 -9999 -9999 -9999 -9999 -9999 -9999 -9999 -9999 -9999 -9999 -9999 -9999
3084 3085 3090 3093 -9999 -9999 3100 3097 3096 3091 -9999 -9999 -9999 -9999 -9999 -9999 -9999 -9999 -9999 -9999 -9999 -9999 -9999 -9999 -9999 3104 3102 3100 3099 3096 3094 3095 -9999 -9999 -9999 -9999 -9999 3117 3117 3118 3119 3119 3120 3118 3116 3113 3108 3108 -9999 -9999 -9999 -9999 -9999 -9999 -9999 -9999 -9999 -9999 -9999 -9999 -9999 -9999 -9999 -9999 -9999 -9999 -9999 -9999 -9999 -9999 -9999 -9999 -9999 -9999 -9999 -9999 -9999 -9999 -9999 -9999 3123 3123
3084 3083 3087 3093 3102 3110 3110 3110 3103 3097 3092 3090 3084 3084 3088 -9999 -9999 -9999 -9999 3100 3099 3101 3103 3108 3113 3113 3113 3113 3111 3107 3103 3102 3106 3108 3110 3114 3118 3119 3119 3119 3120 3120 3120 3121 3120 3115 3112 3110 3109 3110 -9999 -9999 -9999 -9999 -9999 -9999 -9999 -9999 -9999 -9999 -9999 -9999 -9999 -9999 -9999 -9999 -9999 -9999 -9999 -9999 -9999 -9999 3123 3123 3123 3123 3123 3123 3122 3122 3122 3122
3092 3087 3089 3090 3099 3102 3098 3095 3095 3091 3094 3089 3083 3080 3084 3088 3093 3100 3106 3107 3108 3110 3111 3113 3116 3115 3116 3116 3116 3114 3111 3111 3113 3114 3114 3116 3118 3116 3117 3118 3117 3118 3119 3119 3119 3119 3116 3114 3113 3112 3112 3113 -9999 -9999 -9999 -9999 -9999 -9999 -9999 -9999 -9999 -9999 -9999 -9999 -9999 -9999 3122 -9999 -9999 -9999 3122 3123 3123 3123 3122 3122 3122 3122 3122 3122 3121 3121
3079 3077 3071 3078 3090 3090 3075 3067 3068 3076 3084 3088 3084 3087 3092 3095 3097 3099 3103 3101 3103 3101 3102 3104 3103 3102 3103 3103 3102 3103 3105 3107 3109 3111 3112 3113 3110 3109 3108 3109 3110 3110 3112 3112 3112 3112 3113 3114 3113 3114 3115 3114 3116 3118 -9999 -9999 -9999 -9999 -9999 -9999 -9999 -9999 -9999 -9999 -9999 3122 3122 3122 -9999 3122 3122 3122 3121 3121 3121 3121 3120 3120 3120 3119 3119 3119
3052 3050 3052 3063 3077 3075 3059 3042 3043 3048 3057 3061 3069 3076 3087 3091 3095 3097 3094 3094 3089 3088 3086 3087 3088 3086 3084 3084 3082 3087 3092 3097 3103 3107 3108 3107 3106 3101 3099 3099 3096 3098 3099 3099 3100 3102 3103 3104 3107 3111 3115 3116 3118 3119 3120 3121 3122 3122 3122 3122 3122 3123 3123 3123 3123 3123 3122 3122 3122 3122 3121 3121 3120 3120 3120 3120 3119 3118 3118 3117 3117 3117
3035 3037 3044 3054 3064 3072 3047 3038 3030 3032 3035 3039 3044 3056 3062 3070 3076 3081 3082 3081 3084 3079 3078 3080 3080 3076 3074 3072 3070 3072 3078 3083 3091 3100 3101 3103 3101 3099 3095 3088 3086 3083 3084 3086 3088 3090 3093 3094 3096 3102 3107 3110 3113 3117 3121 3121 3122 3122 3122 3122 3123 3123 3123 3123 3123 3123 3123 3122 3123 3122 3121 3119 3120 3120 3121 3121 3120 3119 3118 3118 3118 3117
3034 3038 3047 3061 3070 3063 3055 3033 3031 3029 3029 3031 3035 3038 3043 3047 3059 3064 3065 3067 3066 3064 3060 3060 3061 3059 3056 3059 3059 3058 3059 3064 3076 3084 3093 3092 3095 3095 3090 3085 3078 3074 3074 3077 3078 3079 3079 3082 3086 3092 3095 3094 3099 3105 3111 3117 3118 3119 3121 3121 3122 3122 3122 3123 3124 3123 3123 3123 3123 3124 3122 3122 3122 3122 3122 3121 3120 3119 3119 3119 3120 3119
3041 3047 3060 3071 3067 3064 3042 3034 3031 3030 3031 3031 3035 3038 3039 3041 3047 3056 3051 3047 3047 3045 3044 3046 3049 3048 3048 3052 3052 3049 3047 3052 3062 3075 3082 3093 3092 3090 3083 3075 3071 3066 3067 3070 3070 3070 3072 3074 3082 3088 3087 3085 3087 3089 3093 3095 3101 3109 3112 3116 3119 3119 3120 3121 3122 3123 3123 3123 3123 3123 3124 3123 3122 3121 3121 3121 3120 3118 3118 3119 3120 3119
3039 3044 3046 3048 3047 3038 3032 3026 3024 3024 3025 3029 3031 3035 3035 3032 3038 3041 3044 3039 3037 3038 3037 3037 3040 3039 3038 3042 3043 3040 3039 3042 3050 3060 3079 3084 3087 3079 3069 3062 3059 3058 3059 3063 3066 3070 3074 3079 3084 3088 3087 3084 3087 3087 3081 3079 3084 3094 3104 3111 3118 3121 3121 3122 3122 3122 3122 3123 3123 3124 3124 3123 3122 3121 3122 3122 3121 3120 3119 3120 3121 3120
3021 3021 3020 3034 3028 3031 3023 3016 3014 3016 3019 3020 3023 3024 3025 3020 3019 3029 3033 3033 3032 3031 3030 3028 3027 3025 3025 3026 3028 3028 3028 3031 3037 3047 3063 3069 3067 3063 3055 3052 3051 3050 3052 3055 3059 3067 3073 3075 3078 3079 3078 3081 3086 3088 3085 3080 3083 3095 3104 3113 3120 3122 3122 3123 3122 3122 3121 3122 3123 3123 3123 3123 3122 3122 3122 3122 3122 3121 3121 3121 3120 3117
3001 3004 3019 3017 3024 3015 3011 3005 3006 3012 3015 3017 3014 3016 3016 3014 3014 3018 3028 3029 3031 3030 3029 3027 3026 3025 3023 3025 3025 3027 3028 3031 3035 3043 3054 3058 3060 3052 3048 3047 3048 3048 3049 3051 3055 3059 3063 3066 3064 3064 3065 3069 3075 3080 3084 3086 3092 3100 3106 3112 3121 3121 3121 3122 3122 3121 3121 3121 3122 3123 3123 3123 3122 3121 3122 3121 3121 3120 3119 3118 3113 3108
2997 3007 3013 3022 3008 3008 3005 3006 3008 3013 3017 3017 3016 3017 3017 3016 3015 3018 3021 3024 3027 3028 3028 3028 3028 3028 3027 3028 3029 3030 3033 3037 3040 3043 3053 3060 3063 3059 3052 3051 3051 3051 3051 3051 3052 3053 3057 3061 3060 3058 3059 3062 3066 3073 3081 3088 3092 3094 3096 3101 3115 3120 3120 3121 3121 3121 3121 3120 3121 3122 3122 3122 3120 3120 3120 3119 3117 3116 3114 3107 3097 3088
2991 2997 3012 3015 3004 3004 3006 3008 3011 3016 3018 3018 3017 3019 3019 3017 3016 3017 3018 3020 3021 3024 3025 3027 3028 3027 3026 3027 3028 3030 3031 3036 3040 3043 3048 3057 3067 3060 3058 3058 3058 3057 3057 3057 3057 3058 3062 3066 3067 3064 3064 3064 3064 3067 3073 3078 3079 3081 3081 3091 3111 3120 3120 3120 3121 3121 3120 3120 3120 3121 3122 3121 3119 3117 3116 3113 3112 3109 3108 3099 3083 3073
2985 2992 3011 3011 3017 3005 3004 3006 3008 3012 3013 3013 3013 3015 3015 3015 3013 3013 3014 3014 3017 3017 3018 3020 3021 3020 3020 3020 3023 3025 3028 3031 3037 3039 3046 3054 3059 3057 3057 3059 3060 3060 3060 3061 3060 3061 3065 3070 3072 3071 3071 3069 3067 3064 3065 3066 3067 3069 3077 3088 3108 3118 3119 3120 3121 3120 3119 3119 3119 3120 3120 3119 3117 3115 3114 3112 3107 3107 3105 3098 3087 3078
2978 2984 2991 3004 3005 3004 2994 2994 2999 3003 3006 3006 3007 3010 3010 3011 3009 3009 3010 3011 3011 3010 3011 3015 3017 3018 3019 3020 3022 3025 3025 3028 3029 3034 3038 3046 3051 3048 3048 3053 3056 3056 3058 3058 3058 3061 3064 3067 3070 3071 3070 3073 3071 3070 3067 3066 3064 3069 3076 3085 3105 3115 3118 3119 3120 3120 3119 3118 3118 3118 3118 3116 3112 3113 3109 3105 3103 3100 3100 3097 3091 3088
2972 2979 2981 2990 3001 2997 2988 2986 2984 2992 2997 3000 3001 3002 3003 3004 3005 3006 3006 3008 3007 3007 3008 3014 3017 3020 3022 3023 3025 3027 3028 3028 3032 3035 3040 3051 3047 3045 3042 3044 3047 3049 3051 3054 3056 3057 3060 3063 3066 3066 3067 3069 3073 3073 3071 3071 3071 3074 3076 3086 3105 3116 3117 3118 3119 3119 3118 3117 3117 3117 3115 3111 3109 3105 3103 3099 3094 3092 3091 3087 3085 3085
2968 2974 2980 2979 2990 2987 2983 2985 2983 2982 2987 2992 2992 2993 2993 2996 2998 3001 3004 3005 3007 3007 3011 3014 3016 3018 3020 3021 3023 3024 3026 3027 3030 3032 3043 3046 3052 3043 3043 3042 3045 3047 3049 3052 3054 3056 3059 3060 3063 3065 3064 3068 3069 3070 3070 3073 3073 3074 3075 3081 3100 3115 3116 3117 3118 3118 3117 3116 3116 3114 3112 3111 3106 3104 3102 3097 3091 3085 3081 3076 3073 3074
2955 2967 2972 2976 2979 2980 2985 2990 2986 2982 2984 2988 2990 2989 2989 2991 2991 2995 2999 3002 3004 3008 3010 3013 3012 3013 3015 3018 3019 3021 3023 3027 3027 3031 3033 3045 3043 3041 3039 3041 3044 3045 3047 3050 3053 3055 3057 3059 3060 3060 3060 3061 3063 3064 3066 3068 3071 3073 3071 3078 3093 3103 3115 3116 3117 3117 3115 3114 3113 3111 3108 3106 3103 3101 3099 3095 3087 3079 3077 3075 3074 3076
2947 2952 2964 2970 2976 2977 2975 2982 2981 2978 2981 2987 2988 2987 2988 2986 2988 2990 2995 2998 3001 3005 3010 3012 3012 3014 3016 3017 3016 3018 3021 3021 3026 3026 3034 3037 3045 3039 3037 3040 3043 3045 3046 3049 3052 3055 3056 3055 3056 3055 3055 3057 3058 3060 3061 3064 3065 3067 3072 3072 3077 3089 3100 3115 3116 3115 3114 3112 3113 3111 3107 3102 3098 3094 3094 3091 3084 3079 3075 3076 3076 3076
2944 2953 2960 2969 2976 2978 2976 2980 2982 2991 2990 2991 2992 2990 2990 2992 2991 2996 2997 2998 3000 3004 3007 3008 3011 3013 3015 3014 3014 3014 3015 3015 3016 3023 3025 3036 3043 3037 3035 3038 3040 3042 3045 3048 3051 3053 3052 3052 3051 3052 3053 3053 3054 3055 3057 3059 3060 3062 3065 3067 3066 3069 3087 3108 3116 3116 3114 3114 3114 3114 3109 3098 3090 3086 3085 3083 3079 3075 3074 3073 3073 3072
2955 2958 2964 2969 2976 2976 2977 2982 2993 3000 2997 2995 2993 2993 2995 2995 2998 3002 3004 3005 3009 3012 3011 3012 3014 3019 3019 3016 3012 3013 3013 3010 3016 3018 3025 3028 3037 3039 3034 3038 3038 3041 3045 3048 3051 3053 3052 3051 3053 3053 3054 3055 3055 3055 3056 3058 3058 3059 3060 3061 3063 3067 3080 3103 3114 3116 3116 3115 3115 3115 3109 3088 3081 3074 3070 3069 3066 3066 3067 3068 3067 3065
2954 2960 2962 2967 2974 2978 2982 2989 2998 3000 2997 2992 2994 2996 2998 3001 3003 3007 3007 3010 3010 3015 3015 3013 3018 3021 3023 3019 3016 3013 3011 3012 3014 3020 3020 3025 3037 3036 3040 3037 3038 3040 3042 3044 3046 3049 3050 3050 3049 3052 3053 3053 3053 3053 3055 3057 3058 3057 3061 3062 3066 3071 3085 3095 3102 3112 3116 3116 3115 3115 3105 3082 3064 3061 3057 3055 3057 3060 3063 3065 3064 3062
2959 2963 2968 2974 2981 2987 2994 3000 2998 2999 2994 2997 3000 2998 2998 3002 3004 3004 3005 3001 3004 3004 3010 3011 3014 3020 3020 3020 3018 3017 3016 3015 3019 3020 3023 3025 3031 3041 3033 3034 3037 3038 3040 3041 3043 3045 3046 3045 3046 3048 3051 3053 3055 3055 3057 3058 3057 3059 3063 3065 3067 3077 3075 3078 3079 3091 3109 3114 3115 3116 3104 3073 3061 3052 3050 3052 3055 3060 3062 3065 3064 3061
2966 2978 2981 2986 2993 2999 3008 3003 2989 2982 2984 2987 2986 2987 2984 2985 2992 2994 2990 2991 2987 2994 2994 3000 3006 3006 3006 3007 3011 3013 3013 3017 3021 3023 3022 3026 3034 3036 3039 3033 3032 3036 3039 3043 3043 3043 3042 3042 3042 3045 3050 3053 3058 3057 3055 3054 3054 3057 3063 3069 3066 3066 3071 3059 3059 3075 3090 3107 3114 3115 3101 3073 3058 3056 3055 3055 3059 3061 3062 3063 3063 3064
2980 2984 2991 2995 2997 3006 3011 3011 2995 2985 2986 2986 2988 2982 2978 2987 2989 2990 2991 2991 2993 2991 2995 3000 3005 3002 2997 2999 3001 3006 3013 3018 3025 3028 3027 3026 3030 3040 3043 3037 3037 3039 3043 3043 3041 3036 3036 3036 3038 3041 3044 3052 3052 3051 3048 3045 3047 3050 3062 3059 3058 3056 3054 3054 3054 3061 3078 3095 3115 3117 3101 3068 3059 3059 3059 3063 3061 3063 3063 3065 3067 3066
