Data/tmax/PRISM_tmax_pr_1963-1995_normal_450mM1_04_asc.asc
ncols 557
nrows 164
xllcorner -67.31875000000
yllcorner 17.86875000000
cellsize 0.00416666667
NODATA_value -9999
[rows 0 to 35 of 164, columns 82 to 163 of 557]
-9999 -9999 -9999 -9999 -9999 -9999 -9999 -9999 -9999 -9999 -9999 -9999 -9999 -9999 -9999 -9999 -9999 -9999 -9999 -9999 -9999 -9999 -9999 -9999 -9999 -9999 -9999 -9999 -9999 -9999 -9999 -9999 -9999 -9999 -9999 -9999 -9999 -9999 -9999 -9999 -9999 -9999 -9999 -9999 -9999 -9999 -9999 -9999 -9999 -9999 -9999 -9999 -9999 -9999 -9999 -9999 -9999 -9999 -9999 -9999 -9999 -9999 -9999 -9999 -9999 -9999 -9999 -9999 -9999 -9999 -9999 -9999 -9999 -9999 -9999 -9999 -9999 -9999 -9999 -9999 -9999 -9999
-9999 -9999 -9999 -9999 -9999 -9999 -9999 -9999 -9999 -9999 -9999 -9999 -9999 -9999 -9999 -9999 -9999 -9999 -9999 -9999 -9999 -9999 -9999 -9999 -9999 -9999 -9999 -9999 -9999 -9999 -9999 -9999 -9999 -9999 -9999 -9999 -9999 -9999 -9999 -9999 -9999 -9999 -9999 -9999 -9999 -9999 -9999 -9999 -9999 -9999 -9999 -9999 -9999 -9999 -9999 -9999 -9999 -9999 -9999 -9999 -9999 -9999 -9999 -9999 -9999 -9999 -9999 -9999 -9999 -9999 -9999 -9999 -9999 -9999 -9999 -9999 -9999 -9999 -9999 -9999 -9999 -9999
-9999 -9999 -9999 -9999 -9999 -9999 -9999 -9999 -9999 -9999 -9999 -9999 -9999 -9999 -9999 -9999 -9999 -9999 -9999 -9999 -9999 -9999 -9999 -9999 -9999 -9999 -9999 -9999 -9999 -9999 -9999 -9999 -9999 -9999 -9999 -9999 -9999 -9999 -9999 -9999 -9999 -9999 -9999 -9999 -9999 -9999 -9999 -9999 -9999 -9999 -9999 -9999 -9999 -9999 -9999 -9999 -9999 -9999 -9999 -9999 -9999 -9999 -9999 -9999 -9999 -9999 -9999 -9999 -9999 -9999 -9999 -9999 -9999 -9999 -9999 -9999 -9999 -9999 -9999 -9999 -9999 -9999
-9999 -9999 -9999 -9999 -9999 -9999 -9999 -9999 -9999 -9999 -9999 -9999 -9999 -9999 -9999 -9999 -9999 -9999 -9999 -9999 -9999 -9999 -9999 -9999 -9999 -9999 -9999 -9999 -9999 -9999 -9999 -9999 -9999 -9999 -9999 -9999 -9999 -9999 -9999 -9999 -9999 -9999 -9999 -9999 -9999 -9999 -9999 -9999 -9999 -9999 -9999 -9999 -9999 -9999 -9999 -9999 -9999 -9999 -9999 -9999 -9999 -9999 -9999 -9999 -9999 -9999 -9999 -9999 -9999 -9999 -9999 -9999 -9999 -9999 -9999 -9999 -9999 -9999 -9999 -9999 -9999 -9999
-9999 -9999 -9999 -9999 -9999 -9999 -9999 -9999 -9999 -9999 -9999 -9999 -9999 -9999 -9999 -9999 -9999 -9999 -9999 -9999 -9999 -9999 -9999 -9999 -9999 -9999 -9999 -9999 -9999 -9999 -9999 -9999 -9999 -9999 -9999 -9999 -9999 -9999 -9999 -9999 -9999 -9999 -9999 -9999 -9999 -9999 -9999 -9999 -9999 -9999 -9999 -9999 -9999 -9999 -9999 -9999 -9999 -9999 -9999 -9999 -9999 -9999 -9999 -9999 -9999 -9999 -9999 -9999 -9999 -9999 -9999 -9999 -9999 -9999 -9999 -9999 -9999 -9999 -9999 -9999 -9999 -9999
-9999 -9999 -9999 -9999 -9999 -9999 -9999 -9999 -9999 -9999 -9999 -9999 -9999 -9999 -9999 -9999 -9999 -9999 -9999 -9999 -9999 -9999 -9999 -9999 -9999 -9999 -9999 -9999 -9999 -9999 -9999 -9999 -9999 -9999 -9999 -9999 -9999 -9999 -9999 -9999 -9999 -9999 -9999 -9999 -9999 -9999 -9999 -9999 -9999 -9999 -9999 -9999 -9999 -9999 -9999 -9999 -9999 -9999 -9999 -9999 -9999 -9999 -9999 -9999 -9999 -9999 -9999 -9999 -9999 -9999 -9999 -9999 -9999 -9999 -9999 -9999 -9999 -9999 -9999 -9999 -9999 -9999
-9999 -9999 -9999 -9999 -9999 -9999 -9999 -9999 -9999 -9999 -9999 -9999 -9999 -9999 -9999 -9999 -9999 -9999 -9999 -9999 -9999 -9999 -9999 -9999 -9999 -9999 -9999 -9999 -9999 -9999 -9999 -9999 -9999 -9999 -9999 -9999 -9999 -9999 -9999 -9999 -9999 -9999 -9999 -9999 -9999 -9999 -9999 -9999 -9999 -9999 -9999 -9999 -9999 -9999 -9999 -9999 -9999 -9999 -9999 -9999 -9999 -9999 -9999 -9999 -9999 -9999 -9999 -9999 -9999 -9999 -9999 -9999 -9999 -9999 -9999 -9999 -9999 -9999 -9999 -9999 -9999 -9999
-9999 -9999 -9999 -9999 -9999 -9999 -9999 -9999 -9999 -9999 -9999 -9999 -9999 -9999 -9999 -9999 -9999 -9999 -9999 -9999 -9999 -9999 -9999 -9999 -9999 -9999 -9999 -9999 -9999 -9999 -9999 -9999 -9999 -9999 -9999 -9999 -9999 -9999 -9999 -9999 -9999 -9999 -9999 -9999 -9999 -9999 -9999 -9999 -9999 -9999 -9999 -9999 -9999 -9999 -9999 -9999 -9999 -9999 -9999 -9999 -9999 -9999 -9999 -9999 -9999 -9999 -9999 -9999 -9999 -9999 -9999 -9999 -9999 -9999 -9999 -9999 -9999 -9999 -9999 -9999 -9999 -9999
-9999 -9999 -9999 -9999 -9999 -9999 -9999 -9999 -9999 -9999 -9999 -9999 -9999 -9999 -9999 -9999 -9999 -9999 -9999 -9999 -9999 -9999 -9999 -9999 -9999 -9999 -9999 -9999 -9999 -9999 -9999 -9999 -9999 -9999 -9999 -9999 -9999 -9999 -9999 -9999 -9999 -9999 -9999 -9999 -9999 -9999 -9999 -9999 -9999 -9999 -9999 -9999 -9999 -9999 -9999 -9999 -9999 -9999 -9999 -9999 -9999 -9999 -9999 -9999 -9999 -9999 -9999 -9999 -9999 -9999 -9999 -9999 -9999 -9999 -9999 -9999 -9999 -9999 -9999 -9999 -9999 -9999
-9999 -9999 -9999 -9999 -9999 -9999 -9999 -9999 -9999 -9999 -9999 -9999 -9999 -9999 -9999 -9999 -9999 -9999 -9999 -9999 -9999 -9999 -9999 -9999 -9999 -9999 -9999 -9999 -9999 -9999 -9999 -9999 -9999 -9999 -9999 -9999 -9999 -9999 -9999 -9999 -9999 -9999 -9999 -9999 -9999 -9999 -9999 -9999 -9999 -9999 -9999 -9999 -9999 -9999 -9999 -9999 -9999 -9999 -9999 -9999 -9999 -9999 -9999 -9999 -9999 -9999 -9999 -9999 -9999 -9999 -9999 -9999 -9999 -9999 -9999 -9999 -9999 -9999 -9999 -9999 -9999 -9999
-9999 -9999 -9999 -9999 -9999 -9999 -9999 -9999 -9999 -9999 -9999 -9999 -9999 -9999 -9999 -9999 -9999 -9999 -9999 -9999 -9999 -9999 -9999 -9999 -9999 -9999 -9999 -9999 -9999 -9999 -9999 -9999 -9999 -9999 -9999 -9999 -9999 -9999 -9999 -9999 -9999 -9999 -9999 -9999 -9999 -9999 -9999 -9999 -9999 -9999 -9999 -9999 -9999 -9999 -9999 -9999 -9999 -9999 -9999 -9999 -9999 -9999 -9999 -9999 -9999 -9999 -9999 -9999 -9999 -9999 -9999 -9999 -9999 -9999 -9999 -9999 -9999 -9999 -9999 -9999 -9999 -9999
3001 3005 3003 3006 -9999 -9999 3013 3010 3010 3006 -9999 -9999 -9999 -9999 -9999 -9999 -9999 -9999 -9999 -9999 -9999 -9999 -9999 -9999 -9999 3016 3014 3012 3011 3008 3007 3008 -9999 -9999 -9999 -9999 -9999 3027 3027 3028 3029 3029 3029 3028 3030 3028 3024 3020 -9999 -9999 -9999 -9999 -9999 -9999 -9999 -9999 -9999 -9999 -9999 -9999 -9999 -9999 -9999 -9999 -9999 -9999 -9999 -9999 -9999 -9999 -9999 -9999 -9999 -9999 -9999 -9999 -9999 -9999 -9999 -9999 3033 3033
3001 3002 3002 3004 3011 3019 3019 3019 3014 3009 3005 3004 3007 3008 3002 -9999 -9999 -9999 -9999 3012 3011 3012 3014 3019 3023 3023 3023 3023 3021 3017 3014 3014 3017 3019 3021 3024 3027 3028 3028 3028 3029 3029 3030 3030 3029 3029 3023 3021 3020 3021 -9999 -9999 -9999 -9999 -9999 -9999 -9999 -9999 -9999 -9999 -9999 -9999 -9999 -9999 -9999 -9999 -9999 -9999 -9999 -9999 -9999 -9999 3032 3032 3032 3032 3032 3032 3032 3032 3032 3032
3002 2999 2996 2998 3005 3009 3007 3005 3005 3001 3004 3006 3009 3007 3004 3000 3004 3010 3015 3017 3018 3019 3021 3022 3025 3024 3024 3024 3025 3023 3021 3021 3023 3023 3024 3025 3027 3025 3026 3027 3027 3028 3028 3029 3029 3029 3026 3024 3024 3023 3023 3024 -9999 -9999 -9999 -9999 -9999 -9999 -9999 -9999 -9999 -9999 -9999 -9999 -9999 -9999 3032 -9999 -9999 -9999 3032 3032 3032 3032 3032 3032 3032 3032 3032 3032 3031 3031
2990 2989 2985 2991 2999 2999 2990 2984 2985 2991 2996 2998 3002 3004 3001 3003 3005 3007 3011 3010 3012 3011 3011 3013 3013 3013 3013 3013 3013 3014 3016 3017 3019 3020 3021 3022 3020 3019 3019 3019 3020 3021 3022 3022 3022 3022 3023 3024 3023 3024 3025 3024 3026 3027 -9999 -9999 -9999 -9999 -9999 -9999 -9999 -9999 -9999 -9999 -9999 3032 3032 3031 -9999 3032 3032 3032 3032 3031 3031 3031 3031 3031 3031 3030 3030 3029
2973 2972 2973 2981 2992 2990 2979 2967 2968 2972 2978 2981 2986 2990 2998 3001 3004 3005 3004 3004 3001 3000 2999 3001 3002 3001 3000 3000 2998 3002 3006 3011 3015 3018 3019 3018 3017 3013 3013 3012 3010 3012 3012 3012 3013 3015 3016 3017 3019 3022 3025 3026 3028 3029 3030 3031 3031 3031 3032 3032 3032 3032 3032 3032 3032 3032 3031 3032 3032 3032 3031 3031 3030 3031 3030 3030 3030 3029 3029 3028 3028 3027
2962 2963 2968 2976 2983 2989 2971 2965 2959 2961 2963 2966 2970 2978 2982 2987 2991 2995 2996 2995 2997 2994 2993 2995 2996 2993 2992 2991 2990 2991 2996 3000 3006 3013 3014 3015 3013 3012 3009 3004 3002 3000 3001 3003 3004 3006 3008 3009 3011 3015 3020 3022 3024 3027 3030 3031 3031 3031 3032 3032 3032 3032 3033 3033 3033 3032 3032 3032 3033 3032 3031 3029 3030 3031 3031 3031 3030 3029 3029 3029 3029 3028
2961 2964 2971 2981 2988 2982 2976 2961 2961 2959 2959 2961 2963 2965 2969 2971 2979 2983 2984 2985 2985 2983 2981 2981 2982 2980 2979 2981 2981 2980 2982 2986 2995 3000 3007 3006 3009 3009 3006 3001 2996 2994 2994 2996 2997 2998 2998 3000 3003 3007 3010 3010 3013 3018 3023 3027 3028 3029 3031 3031 3032 3032 3032 3033 3033 3033 3032 3033 3033 3033 3032 3032 3031 3032 3032 3031 3030 3030 3029 3030 3030 3030
2966 2970 2980 2988 2985 2984 2968 2963 2960 2960 2960 2960 2963 2965 2966 2967 2971 2978 2974 2971 2971 2970 2969 2971 2973 2973 2972 2975 2975 2973 2972 2976 2984 2994 2999 3007 3006 3005 3000 2994 2991 2987 2988 2990 2991 2991 2992 2994 3000 3005 3004 3003 3004 3006 3009 3010 3015 3021 3024 3027 3029 3030 3030 3031 3032 3033 3033 3033 3033 3033 3033 3032 3032 3031 3031 3031 3030 3028 3028 3029 3030 3030
2964 2968 2970 2972 2971 2965 2961 2956 2955 2956 2956 2959 2960 2963 2963 2961 2965 2967 2969 2965 2964 2965 2964 2964 2966 2966 2965 2968 2969 2967 2966 2969 2975 2982 2996 3000 3002 2996 2990 2984 2982 2982 2982 2986 2988 2991 2994 2997 3002 3005 3004 3002 3004 3004 3000 2998 3002 3010 3017 3023 3028 3031 3031 3032 3032 3032 3032 3033 3033 3033 3033 3032 3031 3031 3032 3032 3031 3030 3030 3030 3031 3030
2951 2952 2951 2962 2958 2960 2954 2950 2948 2950 2952 2953 2955 2956 2956 2953 2952 2959 2961 2962 2961 2960 2959 2958 2957 2956 2956 2957 2958 2958 2958 2960 2965 2973 2984 2989 2988 2985 2979 2977 2976 2976 2977 2980 2983 2989 2993 2995 2997 2998 2998 3000 3003 3005 3002 2999 3001 3010 3017 3024 3030 3032 3032 3033 3032 3032 3031 3032 3033 3033 3033 3032 3032 3032 3032 3032 3032 3031 3031 3031 3030 3028
2938 2940 2951 2950 2955 2949 2947 2943 2943 2947 2950 2951 2949 2950 2949 2948 2947 2950 2957 2958 2960 2960 2959 2957 2956 2956 2955 2956 2956 2958 2958 2961 2964 2970 2978 2981 2983 2977 2974 2973 2974 2974 2975 2977 2980 2983 2986 2988 2987 2986 2988 2990 2995 2999 3002 3003 3008 3014 3019 3024 3031 3031 3031 3032 3032 3031 3031 3031 3032 3033 3033 3032 3032 3031 3031 3031 3031 3030 3029 3028 3024 3020
2935 2943 2947 2953 2944 2945 2941 2942 2943 2947 2951 2950 2950 2949 2949 2946 2945 2947 2951 2953 2956 2958 2958 2958 2958 2958 2957 2958 2959 2960 2962 2965 2968 2970 2978 2983 2985 2982 2977 2977 2977 2977 2977 2977 2977 2979 2982 2984 2984 2982 2983 2985 2988 2994 2999 3005 3008 3009 3011 3015 3026 3030 3030 3031 3031 3031 3030 3030 3031 3032 3032 3032 3030 3030 3029 3029 3027 3027 3025 3020 3011 3004
2932 2937 2947 2948 2942 2940 2939 2939 2942 2946 2948 2948 2947 2949 2948 2946 2944 2945 2946 2948 2950 2953 2954 2956 2957 2956 2954 2955 2957 2959 2960 2965 2968 2971 2977 2984 2991 2984 2982 2983 2982 2981 2982 2982 2982 2982 2986 2988 2989 2987 2987 2987 2987 2989 2994 2997 2998 2999 2999 3007 3022 3030 3030 3030 3031 3031 3030 3030 3030 3031 3032 3031 3029 3028 3027 3025 3023 3022 3020 3013 3001 2992
2928 2933 2945 2946 2950 2938 2935 2935 2937 2940 2941 2941 2941 2942 2943 2942 2940 2940 2941 2941 2944 2945 2946 2948 2949 2947 2947 2947 2949 2952 2956 2958 2964 2966 2974 2983 2987 2983 2983 2984 2984 2984 2983 2984 2984 2985 2988 2992 2993 2993 2993 2991 2990 2988 2989 2989 2989 2991 2997 3005 3021 3028 3029 3030 3031 3030 3030 3029 3030 3030 3030 3029 3027 3026 3025 3023 3020 3019 3018 3013 3004 2997
2923 2928 2932 2938 2940 2935 2923 2922 2927 2930 2933 2933 2934 2936 2936 2937 2935 2935 2936 2937 2937 2935 2936 2941 2943 2945 2946 2946 2948 2951 2951 2954 2955 2960 2964 2973 2979 2974 2974 2978 2980 2980 2982 2982 2983 2985 2988 2990 2993 2993 2993 2995 2993 2993 2991 2989 2988 2992 2997 3004 3019 3026 3028 3029 3030 3030 3029 3029 3029 3028 3028 3027 3024 3024 3022 3019 3017 3015 3014 3012 3008 3005
2920 2924 2923 2927 2936 2930 2916 2912 2910 2918 2923 2926 2927 2927 2929 2929 2930 2930 2931 2933 2932 2932 2933 2940 2943 2947 2949 2949 2951 2953 2953 2953 2958 2960 2966 2980 2974 2971 2966 2968 2970 2973 2974 2978 2980 2982 2985 2987 2988 2989 2990 2991 2994 2994 2993 2995 2995 2997 2999 3005 3019 3027 3027 3028 3029 3029 3028 3028 3028 3027 3026 3023 3022 3019 3017 3014 3011 3009 3008 3005 3004 3004
2917 2921 2920 2917 2927 2923 2914 2912 2910 2907 2912 2916 2916 2916 2916 2919 2921 2924 2927 2929 2931 2931 2935 2938 2941 2943 2945 2945 2948 2949 2950 2951 2955 2956 2970 2973 2980 2967 2967 2966 2968 2969 2971 2974 2976 2978 2980 2981 2983 2985 2983 2985 2985 2986 2988 2992 2994 2996 2996 3003 3016 3026 3027 3027 3028 3028 3027 3027 3027 3025 3024 3023 3019 3018 3017 3013 3009 3004 3001 2998 2996 2996
2909 2914 2914 2906 2912 2912 2913 2918 2912 2906 2908 2911 2913 2910 2909 2911 2911 2915 2921 2923 2927 2931 2934 2936 2936 2936 2938 2941 2942 2943 2946 2950 2951 2955 2956 2971 2968 2965 2962 2964 2966 2968 2969 2972 2974 2976 2978 2978 2978 2977 2976 2976 2977 2977 2978 2982 2984 2986 2988 2996 3008 3018 3026 3027 3027 3027 3026 3025 3025 3023 3021 3019 3017 3015 3014 3011 3006 3001 2999 2997 2997 2997
2904 2908 2903 2903 2904 2905 2902 2907 2905 2899 2903 2909 2909 2907 2907 2904 2905 2908 2913 2917 2921 2927 2932 2934 2934 2936 2938 2939 2938 2939 2943 2943 2949 2948 2958 2961 2971 2962 2958 2962 2965 2967 2968 2970 2973 2975 2976 2974 2973 2972 2970 2971 2971 2972 2972 2974 2975 2977 2982 2985 2991 3002 3013 3026 3027 3026 3025 3024 3025 3024 3021 3017 3014 3011 3011 3009 3005 3001 2998 2998 2999 2998
2903 2904 2904 2902 2904 2909 2905 2905 2905 2915 2913 2913 2914 2911 2909 2910 2909 2914 2915 2916 2918 2922 2927 2927 2930 2934 2936 2934 2933 2934 2934 2934 2934 2943 2945 2959 2969 2960 2956 2959 2961 2963 2967 2970 2973 2974 2972 2970 2968 2968 2968 2967 2967 2967 2968 2969 2969 2971 2973 2975 2975 2980 2996 3019 3027 3028 3026 3025 3025 3025 3022 3013 3006 3003 3002 3000 2997 2995 2994 2994 2993 2993
2910 2912 2912 2912 2919 2913 2913 2912 2920 2927 2922 2919 2916 2914 2914 2913 2917 2921 2924 2924 2928 2931 2929 2932 2935 2941 2940 2936 2928 2930 2930 2926 2934 2936 2946 2949 2962 2964 2956 2960 2960 2962 2967 2970 2973 2975 2974 2971 2972 2972 2971 2972 2971 2969 2970 2971 2970 2969 2969 2970 2971 2975 2991 3016 3029 3030 3030 3028 3027 3027 3021 3000 2992 2985 2981 2979 2977 2978 2979 2980 2979 2978
2910 2909 2911 2914 2911 2913 2912 2914 2924 2925 2920 2914 2915 2916 2916 2918 2921 2925 2925 2928 2934 2933 2934 2932 2938 2944 2946 2939 2934 2930 2926 2928 2931 2939 2939 2946 2962 2960 2965 2960 2961 2963 2965 2967 2969 2973 2973 2973 2971 2972 2973 2973 2972 2971 2973 2973 2974 2971 2974 2974 2977 2982 2999 3009 3017 3028 3033 3032 3031 3031 3019 2992 2971 2968 2964 2961 2964 2967 2972 2975 2974 2972
2903 2899 2895 2901 2906 2908 2916 2925 2923 2924 2918 2920 2917 2920 2920 2924 2926 2926 2925 2926 2930 2932 2932 2934 2937 2946 2946 2945 2937 2934 2934 2931 2937 2940 2945 2947 2955 2969 2957 2958 2962 2962 2966 2966 2969 2971 2972 2970 2970 2972 2975 2979 2980 2980 2980 2980 2977 2978 2981 2981 2982 2993 2990 2992 2991 3006 3027 3034 3034 3036 3021 2983 2968 2958 2955 2958 2961 2968 2972 2976 2974 2971
2898 2891 2893 2898 2906 2914 2932 2934 2924 2916 2917 2916 2915 2915 2918 2919 2927 2929 2924 2925 2927 2930 2930 2936 2943 2943 2942 2938 2937 2934 2929 2935 2942 2944 2943 2950 2961 2963 2967 2958 2956 2962 2966 2973 2973 2972 2971 2969 2969 2974 2981 2985 2991 2988 2983 2980 2978 2980 2986 2992 2986 2984 2989 2972 2971 2989 3007 3027 3037 3038 3020 2984 2966 2963 2962 2962 2967 2970 2972 2974 2974 2975
2893 2896 2903 2906 2909 2921 2939 2947 2934 2923 2925 2924 2921 2921 2917 2927 2929 2931 2932 2933 2934 2933 2937 2942 2946 2944 2939 2940 2936 2936 2939 2941 2948 2953 2951 2950 2955 2971 2974 2965 2966 2969 2975 2976 2974 2967 2966 2966 2969 2975 2979 2990 2989 2986 2980 2975 2975 2977 2991 2985 2981 2976 2972 2970 2969 2976 2996 3017 3042 3045 3023 2980 2968 2967 2967 2973 2971 2973 2973 2976 2979 2979
