Data/tmax/PRISM_tmax_pr_1963-1995_normal_450mM1_annual_asc.asc
ncols 557
nrows 164
xllcorner -67.31875000000
yllcorner 17.86875000000
cellsize 0.00416666667
NODATA_value -9999
[rows 36 to 71 of 164, columns 0 to 81 of 557]
-9999 -9999 -9999 -9999 -9999 -9999 -9999 -9999 -9999 -9999 -9999 -9999 -9999 -9999 -9999 -9999 -9999 -9999 -9999 -9999 -9999 -9999 -9999 -9999 -9999 -9999 3091 3088 3084 3079 3080 3081 3081 3074 3069 3068 3072 3078 3083 3096 3103 3106 3111 3112 3113 3112 3108 3105 3097 3088 3081 3075 3065 3059 3054 3049 3037 3028 3018 3007 2994 2998 2999 2996 2983 2973 2965 2965 2964 2965 2969 2975 2985 2991 2985 2972 2958 2953 2952 2954 2959 2963
-9999 -9999 -9999 -9999 -9999 -9999 -9999 -9999 -9999 -9999 -9999 -9999 -9999 -9999 -9999 -9999 -9999 -9999 -9999 -9999 -9999 -9999 -9999 -9999 3095 3092 3088 3086 3080 3082 3082 3085 3081 3075 3068 3073 3081 3087 3097 3106 3114 3115 3116 3117 3118 3120 3124 3124 3125 3121 3117 3113 3106 3100 3094 3090 3080 3067 3060 3045 3044 3041 3046 3041 3029 3014 3003 3001 3004 3004 3007 3015 3024 3033 3028 3008 2988 2976 2971 2972 2976 2980
-9999 -9999 -9999 -9999 -9999 -9999 -9999 -9999 -9999 -9999 -9999 -9999 -9999 -9999 -9999 -9999 -9999 -9999 -9999 -9999 -9999 3099 3097 3093 3092 3088 3082 3080 3080 3081 3083 3084 3078 3071 3072 3078 3088 3098 3106 3115 3117 3116 3116 3117 3118 3121 3124 3130 3131 3130 3131 3130 3129 3129 3128 3123 3115 3101 3091 3086 3083 3087 3086 3084 3071 3058 3050 3052 3056 3054 3053 3057 3068 3076 3075 3060 3037 3020 3009 3005 3000 3001
-9999 -9999 -9999 -9999 -9999 -9999 -9999 -9999 -9999 -9999 -9999 -9999 -9999 -9999 -9999 -9999 -9999 3094 3096 3097 3096 3095 3093 3090 3086 3083 3080 3077 3078 3081 3083 3079 3075 3072 3077 3089 3098 3104 3112 3115 3116 3115 3116 3117 3119 3119 3125 3126 3130 3132 3132 3136 3139 3139 3138 3138 3129 3122 3118 3117 3124 3127 3130 3125 3115 3100 3099 3102 3105 3101 3098 3105 3115 3122 3121 3107 3087 3068 3057 3042 3034 3031
-9999 -9999 -9999 -9999 -9999 -9999 -9999 -9999 -9999 -9999 -9999 -9999 -9999 3091 3092 3092 3093 3094 3095 3095 3094 3092 3089 3088 3087 3087 3083 3082 3083 3085 3084 3082 3074 3074 3083 3094 3103 3109 3112 3114 3114 3115 3115 3115 3117 3118 3122 3129 3133 3134 3138 3137 3136 3136 3137 3136 3135 3134 3140 3146 3155 3161 3166 3164 3151 3143 3140 3150 3144 3141 3139 3147 3158 3159 3154 3140 3122 3109 3098 3085 3075 3074
-9999 -9999 -9999 -9999 -9999 -9999 -9999 -9999 -9999 -9999 -9999 -9999 3091 3091 3092 3093 3094 3093 3093 3093 3090 3088 3088 3087 3087 3088 3087 3086 3087 3087 3089 3086 3082 3082 3086 3097 3105 3110 3113 3112 3113 3113 3112 3111 3109 3110 3118 3129 3137 3138 3129 3126 3127 3128 3132 3134 3138 3145 3152 3162 3173 3181 3187 3187 3182 3173 3181 3178 3170 3163 3162 3167 3168 3166 3158 3149 3141 3134 3125 3114 3107 3103
-9999 -9999 -9999 -9999 -9999 -9999 -9999 -9999 -9999 -9999 -9999 3091 3091 3089 3091 3090 3090 3090 3090 3088 3085 3081 3082 3082 3082 3087 3088 3089 3088 3088 3089 3090 3086 3086 3090 3097 3104 3110 3111 3111 3112 3112 3109 3107 3101 3099 3108 3125 3137 3131 3120 3109 3108 3118 3127 3136 3147 3153 3161 3171 3183 3192 3198 3200 3200 3197 3201 3197 3181 3182 3182 3169 3161 3154 3155 3149 3151 3146 3137 3130 3125 3119
-9999 -9999 -9999 -9999 -9999 -9999 -9999 -9999 -9999 -9999 3092 3092 3085 3082 3078 3074 3078 3078 3081 3084 3080 3078 3075 3076 3079 3085 3088 3086 3085 3084 3088 3088 3086 3083 3085 3093 3099 3103 3107 3109 3110 3106 3103 3103 3099 3090 3102 3122 3134 3138 3125 3114 3110 3118 3130 3146 3160 3166 3169 3175 3188 3200 3204 3205 3206 3207 3212 3208 3198 3204 3197 3177 3150 3156 3154 3150 3156 3148 3141 3136 3137 3133
-9999 -9999 -9999 -9999 -9999 -9999 -9999 -9999 -9999 3092 3093 3087 3076 3061 3055 3053 3054 3064 3072 3078 3078 3074 3072 3071 3076 3084 3084 3079 3074 3078 3080 3086 3083 3082 3083 3089 3090 3098 3101 3102 3105 3102 3094 3096 3095 3085 3094 3111 3129 3142 3147 3140 3138 3142 3152 3163 3176 3179 3181 3187 3195 3201 3211 3209 3210 3211 3217 3214 3209 3215 3211 3184 3170 3170 3166 3150 3155 3159 3151 3152 3151 3142
-9999 -9999 -9999 -9999 -9999 -9999 -9999 -9999 3093 3094 3094 3088 3069 3052 3044 3034 3039 3046 3062 3068 3071 3067 3066 3066 3072 3078 3080 3075 3071 3069 3077 3082 3084 3083 3085 3080 3080 3086 3091 3087 3099 3099 3088 3093 3091 3080 3086 3103 3119 3136 3148 3154 3158 3165 3171 3179 3185 3190 3197 3201 3204 3211 3213 3219 3217 3218 3218 3217 3213 3218 3217 3205 3193 3197 3176 3153 3168 3179 3178 3169 3155 3138
-9999 -9999 -9999 -9999 -9999 -9999 -9999 -9999 -9999 3095 3096 3092 3079 3060 3050 3043 3035 3042 3049 3055 3056 3063 3065 3066 3068 3072 3072 3073 3066 3066 3067 3076 3074 3079 3076 3075 3071 3077 3075 3078 3089 3097 3089 3086 3091 3084 3095 3110 3122 3132 3136 3146 3156 3164 3173 3177 3181 3186 3195 3204 3213 3215 3225 3226 3230 3226 3226 3219 3220 3223 3222 3216 3212 3212 3193 3174 3186 3195 3182 3159 3135 3118
-9999 -9999 -9999 -9999 -9999 -9999 -9999 -9999 -9999 -9999 3096 3096 3085 3070 3058 3052 3050 3047 3044 3043 3049 3060 3067 3067 3065 3064 3065 3069 3063 3054 3059 3061 3061 3062 3074 3073 3072 3067 3071 3075 3091 3095 3082 3079 3079 3086 3100 3112 3120 3126 3133 3142 3153 3161 3169 3172 3171 3181 3189 3202 3212 3218 3223 3228 3232 3232 3227 3224 3225 3227 3226 3219 3219 3222 3213 3202 3206 3203 3175 3142 3113 3101
-9999 -9999 -9999 -9999 -9999 -9999 -9999 -9999 -9999 -9999 3096 3096 3095 3080 3073 3065 3062 3056 3047 3040 3049 3060 3070 3065 3065 3056 3058 3063 3058 3052 3047 3047 3045 3060 3064 3074 3064 3063 3071 3086 3097 3095 3085 3077 3079 3092 3107 3110 3113 3122 3130 3140 3153 3164 3174 3175 3177 3180 3189 3200 3204 3206 3209 3221 3227 3233 3231 3229 3229 3230 3229 3224 3223 3224 3223 3216 3217 3207 3181 3145 3115 3102
-9999 -9999 -9999 -9999 -9999 -9999 -9999 -9999 -9999 -9999 -9999 3096 3096 3094 3084 3079 3072 3065 3052 3049 3044 3055 3062 3062 3059 3053 3047 3052 3050 3050 3046 3045 3048 3049 3065 3058 3059 3065 3083 3092 3096 3094 3088 3077 3082 3095 3111 3110 3113 3121 3130 3145 3157 3169 3174 3180 3181 3185 3192 3195 3199 3198 3202 3208 3220 3226 3231 3226 3221 3225 3222 3228 3223 3224 3225 3223 3221 3216 3198 3176 3151 3137
-9999 -9999 -9999 -9999 -9999 -9999 -9999 -9999 -9999 -9999 -9999 -9999 3096 3095 3094 3087 3083 3074 3067 3053 3047 3046 3051 3054 3048 3047 3036 3031 3033 3040 3050 3052 3054 3055 3046 3049 3052 3070 3089 3092 3082 3088 3081 3080 3084 3101 3111 3117 3123 3134 3145 3154 3163 3164 3165 3173 3185 3188 3186 3195 3192 3196 3194 3201 3210 3217 3221 3213 3206 3205 3214 3215 3217 3211 3223 3225 3224 3218 3211 3202 3190 3181
-9999 -9999 -9999 -9999 -9999 -9999 -9999 -9999 -9999 -9999 -9999 -9999 3096 3096 3095 3093 3090 3084 3075 3067 3050 3043 3041 3035 3040 3041 3033 3022 3015 3022 3027 3040 3047 3044 3039 3032 3037 3062 3085 3083 3075 3074 3083 3085 3097 3107 3115 3118 3128 3139 3146 3154 3155 3154 3155 3170 3178 3180 3187 3180 3183 3188 3186 3189 3199 3206 3208 3205 3192 3194 3194 3207 3204 3204 3212 3224 3223 3218 3215 3214 3209 3203
-9999 -9999 -9999 -9999 -9999 -9999 -9999 -9999 -9999 -9999 -9999 -9999 -9999 3097 3096 3095 3090 3087 3081 3072 3059 3046 3032 3026 3028 3035 3031 3022 3011 3000 2994 3001 3018 3025 3027 3022 3026 3051 3076 3081 3074 3075 3083 3097 3105 3111 3113 3116 3118 3126 3135 3141 3147 3144 3151 3159 3164 3171 3166 3166 3165 3176 3183 3181 3187 3192 3202 3201 3193 3185 3187 3191 3199 3197 3204 3215 3219 3216 3215 3216 3213 3208
-9999 -9999 -9999 -9999 -9999 -9999 -9999 -9999 -9999 -9999 -9999 -9999 -9999 3097 3097 3096 3095 3090 3086 3081 3073 3059 3042 3030 3023 3027 3019 3014 3003 2982 2968 2966 2981 2994 3007 3010 3026 3046 3071 3081 3076 3078 3087 3099 3108 3106 3106 3104 3105 3111 3124 3132 3131 3132 3139 3148 3148 3155 3160 3146 3151 3168 3175 3171 3178 3186 3193 3199 3193 3184 3180 3188 3193 3189 3197 3205 3208 3207 3208 3212 3207 3202
-9999 -9999 -9999 -9999 -9999 -9999 -9999 -9999 -9999 -9999 -9999 -9999 -9999 -9999 3097 3098 3096 3095 3091 3088 3084 3078 3065 3048 3041 3033 3020 3014 2998 2975 2952 2946 2948 2965 2983 3004 3024 3051 3063 3073 3081 3083 3091 3101 3102 3100 3101 3102 3103 3112 3115 3112 3110 3117 3127 3134 3140 3148 3146 3136 3141 3153 3158 3167 3166 3179 3188 3191 3187 3177 3180 3182 3186 3187 3185 3195 3196 3192 3196 3202 3196 3193
-9999 -9999 -9999 -9999 -9999 -9999 -9999 -9999 -9999 -9999 -9999 -9999 -9999 -9999 -9999 3097 3098 3096 3095 3091 3090 3088 3078 3070 3057 3051 3043 3029 3016 2981 2948 2926 2927 2942 2974 3001 3030 3048 3057 3073 3086 3100 3103 3103 3099 3092 3099 3112 3117 3118 3110 3096 3095 3103 3117 3122 3130 3131 3133 3123 3131 3138 3149 3148 3162 3157 3170 3184 3183 3168 3171 3177 3180 3176 3176 3177 3178 3179 3184 3189 3188 3181
-9999 -9999 -9999 -9999 -9999 -9999 -9999 -9999 -9999 -9999 -9999 -9999 -9999 -9999 -9999 3097 3097 3098 3096 3094 3092 3090 3088 3076 3060 3051 3032 3029 3011 2985 2944 2917 2911 2941 2972 3008 3039 3062 3068 3092 3109 3119 3121 3114 3094 3088 3096 3107 3126 3135 3132 3107 3095 3097 3103 3106 3107 3114 3112 3113 3116 3120 3124 3137 3135 3140 3155 3175 3176 3162 3160 3169 3173 3173 3171 3167 3168 3166 3174 3179 3177 3174
-9999 -9999 -9999 -9999 -9999 -9999 -9999 -9999 -9999 -9999 -9999 -9999 -9999 -9999 -9999 -9999 3097 3097 3097 3093 3089 3086 3082 3070 3056 3036 3025 3008 3013 2986 2965 2939 2939 2956 2994 3026 3063 3077 3096 3109 3126 3131 3136 3122 3110 3105 3107 3114 3124 3155 3154 3130 3107 3104 3098 3096 3090 3083 3095 3099 3101 3095 3092 3096 3115 3122 3142 3165 3169 3158 3155 3160 3164 3172 3169 3168 3160 3160 3161 3168 3164 3161
-9999 -9999 -9999 -9999 -9999 -9999 -9999 -9999 -9999 -9999 -9999 -9999 -9999 -9999 -9999 -9999 3096 3096 3095 3093 3081 3073 3065 3056 3044 3037 3031 3030 3028 3028 3014 3006 2995 3011 3033 3064 3093 3114 3113 3131 3130 3138 3133 3126 3112 3125 3134 3122 3136 3161 3168 3142 3129 3114 3104 3087 3082 3079 3088 3098 3099 3087 3079 3083 3102 3112 3128 3144 3162 3157 3147 3150 3158 3163 3171 3166 3162 3158 3157 3158 3155 3146
-9999 -9999 -9999 -9999 -9999 -9999 -9999 -9999 -9999 -9999 -9999 -9999 -9999 -9999 -9999 -9999 -9999 3096 3096 3089 3080 3069 3062 3057 3041 3045 3051 3055 3064 3062 3068 3066 3058 3061 3076 3100 3120 3129 3134 3137 3142 3142 3145 3133 3126 3146 3147 3133 3141 3170 3168 3158 3136 3111 3080 3067 3077 3087 3093 3106 3099 3095 3095 3106 3131 3139 3136 3146 3168 3165 3144 3136 3146 3160 3163 3157 3154 3154 3150 3153 3148 3142
-9999 -9999 -9999 -9999 -9999 -9999 -9999 -9999 -9999 -9999 -9999 -9999 -9999 -9999 -9999 -9999 -9999 -9999 3095 3095 3089 3083 3082 3068 3067 3063 3076 3081 3085 3087 3096 3101 3102 3102 3114 3125 3140 3142 3142 3144 3148 3153 3153 3151 3149 3154 3151 3135 3144 3166 3183 3157 3139 3095 3061 3057 3072 3094 3109 3120 3114 3099 3104 3117 3148 3165 3165 3167 3179 3170 3142 3129 3128 3139 3145 3143 3139 3142 3148 3148 3148 3142
-9999 -9999 -9999 -9999 -9999 -9999 -9999 -9999 -9999 -9999 -9999 -9999 -9999 -9999 -9999 -9999 -9999 -9999 -9999 3095 3095 3095 3090 3094 3087 3097 3105 3104 3105 3105 3109 3115 3118 3123 3126 3136 3147 3150 3149 3148 3151 3158 3162 3165 3162 3170 3162 3149 3146 3165 3175 3177 3136 3106 3083 3078 3076 3082 3105 3131 3124 3102 3094 3117 3150 3187 3196 3195 3194 3179 3156 3133 3126 3124 3126 3126 3128 3133 3139 3147 3143 3140
-9999 -9999 -9999 -9999 -9999 -9999 -9999 -9999 -9999 -9999 -9999 -9999 -9999 -9999 -9999 -9999 -9999 -9999 -9999 -9999 3095 3097 3098 3096 3104 3106 3112 3113 3116 3116 3118 3118 3124 3129 3132 3135 3146 3154 3154 3153 3154 3159 3165 3169 3173 3177 3178 3170 3160 3167 3191 3186 3171 3144 3137 3124 3099 3091 3100 3143 3136 3116 3113 3136 3174 3197 3211 3210 3205 3177 3151 3144 3139 3137 3136 3127 3120 3125 3125 3125 3127 3129
-9999 -9999 -9999 -9999 -9999 -9999 -9999 -9999 -9999 -9999 -9999 -9999 -9999 -9999 -9999 -9999 -9999 -9999 -9999 -9999 -9999 3099 3100 3102 3103 3107 3112 3115 3118 3121 3122 3121 3125 3135 3138 3139 3146 3151 3159 3157 3155 3158 3164 3169 3174 3178 3181 3179 3175 3183 3201 3209 3200 3188 3183 3164 3135 3117 3126 3159 3171 3155 3154 3187 3202 3210 3197 3206 3195 3166 3146 3147 3159 3170 3149 3131 3125 3122 3114 3110 3117 3111
-9999 -9999 -9999 -9999 -9999 -9999 -9999 -9999 -9999 -9999 -9999 -9999 -9999 -9999 -9999 -9999 -9999 -9999 -9999 -9999 -9999 -9999 -9999 -9999 -9999 -9999 3117 3118 3119 3123 3127 3126 3132 3136 3143 3145 3147 3154 3157 3160 3157 3157 3164 3170 3174 3178 3178 3177 3183 3194 3206 3211 3217 3220 3211 3195 3169 3163 3168 3193 3199 3193 3193 3206 3209 3196 3182 3190 3196 3175 3171 3174 3190 3183 3172 3151 3151 3155 3146 3137 3140 3142
-9999 -9999 -9999 -9999 -9999 -9999 -9999 -9999 -9999 -9999 -9999 -9999 -9999 -9999 -9999 -9999 -9999 -9999 -9999 -9999 -9999 -9999 -9999 -9999 -9999 -9999 -9999 -9999 3131 3125 3128 3134 3134 3141 3143 3149 3154 3155 3161 3161 3159 3158 3163 3170 3173 3176 3178 3181 3185 3196 3196 3201 3212 3218 3226 3208 3205 3208 3198 3208 3203 3197 3194 3194 3180 3166 3150 3151 3157 3157 3171 3184 3180 3190 3183 3180 3175 3176 3167 3172 3175 3174
-9999 -9999 -9999 -9999 -9999 -9999 -9999 -9999 -9999 -9999 -9999 -9999 -9999 -9999 -9999 -9999 -9999 -9999 -9999 -9999 -9999 -9999 -9999 -9999 -9999 -9999 -9999 -9999 3142 3138 3130 3134 3141 3142 3148 3150 3155 3159 3160 3163 3162 3159 3162 3167 3173 3177 3178 3182 3189 3192 3190 3193 3198 3209 3197 3196 3202 3210 3210 3196 3181 3170 3162 3158 3143 3147 3127 3114 3101 3118 3141 3153 3148 3149 3165 3167 3159 3139 3143 3159 3162 3173
-9999 -9999 -9999 -9999 -9999 -9999 -9999 -9999 -9999 -9999 -9999 -9999 -9999 -9999 -9999 -9999 -9999 -9999 -9999 -9999 -9999 -9999 -9999 -9999 -9999 -9999 -9999 -9999 3158 3148 3136 3135 3140 3147 3150 3153 3157 3159 3162 3162 3164 3162 3161 3165 3170 3173 3176 3176 3181 3184 3187 3188 3198 3193 3191 3170 3177 3185 3186 3193 3177 3147 3131 3112 3110 3120 3108 3088 3075 3080 3109 3116 3105 3112 3130 3150 3141 3120 3110 3114 3126 3126
-9999 -9999 -9999 -9999 -9999 -9999 -9999 -9999 -9999 -9999 -9999 -9999 -9999 -9999 -9999 -9999 -9999 -9999 -9999 -9999 -9999 -9999 -9999 -9999 -9999 -9999 -9999 -9999 -9999 3155 3146 3137 3141 3147 3152 3156 3158 3162 3162 3163 3164 3164 3163 3163 3166 3169 3168 3167 3167 3172 3173 3178 3179 3187 3189 3180 3160 3154 3159 3170 3170 3153 3119 3097 3083 3089 3086 3077 3059 3059 3059 3066 3069 3079 3100 3122 3127 3117 3091 3098 3086 3101
-9999 -9999 -9999 -9999 -9999 -9999 -9999 -9999 -9999 -9999 -9999 -9999 -9999 -9999 -9999 -9999 -9999 -9999 -9999 -9999 -9999 -9999 -9999 -9999 -9999 -9999 -9999 -9999 -9999 3166 3154 3149 3143 3147 3154 3158 3161 3164 3165 3163 3163 3164 3164 3163 3163 3166 3168 3164 3161 3161 3163 3161 3154 3154 3174 3178 3169 3144 3134 3140 3144 3136 3119 3090 3073 3064 3057 3052 3051 3032 3016 3030 3050 3074 3088 3099 3109 3097 3082 3075 3078 3088
-9999 -9999 -9999 -9999 -9999 -9999 -9999 -9999 -9999 -9999 -9999 -9999 -9999 -9999 -9999 -9999 -9999 -9999 -9999 -9999 -9999 -9999 -9999 -9999 -9999 -9999 -9999 -9999 -9999 -9999 3166 3157 3153 3148 3154 3160 3163 3166 3167 3164 3163 3163 3163 3164 3163 3164 3165 3163 3161 3157 3149 3142 3125 3114 3133 3159 3161 3157 3127 3104 3094 3089 3089 3084 3066 3061 3044 3044 3035 3027 3004 3013 3045 3071 3086 3087 3088 3081 3062 3063 3071 3097
-9999 -9999 -9999 -9999 -9999 -9999 -9999 -9999 -9999 -9999 -9999 -9999 -9999 -9999 -9999 -9999 -9999 -9999 -9999 -9999 -9999 -9999 -9999 -9999 -9999 -9999 -9999 -9999 -9999 -9999 -9999 3168 3160 3158 3154 3160 3163 3167 3168 3167 3163 3161 3162 3162 3162 3159 3157 3156 3154 3145 3133 3116 3100 3074 3088 3110 3140 3147 3134 3108 3082 3070 3073 3070 3070 3057 3050 3030 3029 3022 2999 3013 3042 3068 3071 3078 3074 3065 3049 3056 3079 3104
