Data/tmax/PRISM_tmax_pr_1963-1995_normal_450mM1_12_asc.asc
ncols 557
nrows 164
xllcorner -67.31875000000
yllcorner 17.86875000000
cellsize 0.00416666667
NODATA_value -9999
[rows 108 to 143 of 164, columns 82 to 163 of 557]
3006 2999 2990 2978 2961 2974 2972 2942 2954 2969 2939 2892 2842 2823 2842 2879 2901 2858 2848 2865 2859 2869 2883 2905 2936 2959 2956 2950 2930 2916 2902 2869 2850 2846 2833 2802 2771 2734 2715 2698 2673 2680 2747 2800 2804 2763 2701 2648 2600 2560 2537 2545 2537 2511 2513 2517 2541 2592 2607 2572 2547 2532 2523 2576 2664 2721 2744 2749 2759 2736 2687 2636 2653 2705 2735 2749 2717 2676 2701 2761 2782 2731
3017 3007 3001 2983 2968 2988 2998 2989 2990 2984 2953 2906 2876 2864 2867 2903 2912 2876 2856 2874 2866 2884 2914 2924 2938 2945 2961 2950 2930 2916 2882 2870 2861 2851 2853 2847 2840 2832 2806 2777 2735 2738 2788 2838 2809 2744 2692 2654 2605 2560 2541 2563 2584 2590 2594 2597 2606 2664 2683 2649 2625 2607 2589 2614 2676 2739 2787 2814 2816 2786 2736 2696 2704 2758 2784 2786 2765 2716 2724 2771 2812 2778
3028 3018 3010 2995 2983 2995 3010 3007 3005 2985 2945 2915 2888 2876 2882 2905 2931 2892 2877 2887 2867 2878 2902 2912 2907 2921 2935 2927 2889 2856 2851 2856 2874 2856 2854 2858 2866 2880 2879 2854 2819 2800 2843 2871 2842 2783 2756 2723 2669 2608 2583 2593 2622 2640 2658 2660 2662 2704 2743 2730 2705 2685 2659 2679 2725 2765 2812 2860 2869 2833 2783 2734 2751 2791 2809 2809 2804 2776 2751 2784 2824 2804
3035 3029 3021 3018 3009 3012 3017 3016 3002 2979 2946 2924 2904 2893 2878 2899 2928 2907 2903 2895 2862 2865 2885 2893 2905 2919 2946 2937 2889 2853 2839 2872 2881 2865 2849 2852 2867 2898 2918 2915 2896 2877 2898 2920 2885 2848 2825 2788 2728 2686 2668 2661 2676 2688 2687 2705 2715 2751 2785 2802 2780 2744 2719 2737 2774 2799 2829 2878 2903 2879 2827 2794 2799 2835 2845 2831 2843 2833 2802 2795 2832 2827
3043 3038 3035 3034 3030 3025 3025 3019 3012 2987 2964 2948 2940 2920 2892 2899 2925 2923 2914 2913 2878 2883 2892 2910 2919 2940 2965 2964 2932 2893 2881 2893 2919 2888 2876 2867 2866 2895 2927 2939 2941 2931 2940 2960 2935 2901 2884 2846 2789 2759 2750 2741 2740 2719 2708 2713 2750 2792 2840 2849 2836 2794 2773 2789 2831 2849 2863 2907 2925 2902 2870 2844 2857 2883 2875 2855 2870 2880 2843 2812 2838 2855
3049 3046 3044 3042 3038 3031 3030 3026 3020 3009 2991 2969 2953 2937 2910 2908 2932 2923 2921 2926 2919 2919 2920 2927 2943 2951 2968 2976 2964 2938 2917 2928 2925 2906 2871 2860 2869 2882 2891 2920 2941 2947 2966 2975 2962 2945 2932 2902 2855 2828 2820 2804 2797 2766 2731 2726 2780 2842 2885 2912 2888 2857 2842 2854 2884 2911 2918 2937 2929 2902 2888 2885 2903 2913 2907 2877 2884 2908 2886 2844 2852 2890
3050 3049 3048 3044 3042 3040 3034 3033 3028 3018 2997 2970 2949 2935 2931 2928 2948 2938 2932 2938 2947 2959 2946 2942 2946 2950 2942 2952 2978 2978 2956 2950 2933 2879 2855 2860 2888 2876 2860 2875 2917 2939 2963 2979 2981 2972 2967 2946 2916 2889 2877 2860 2853 2833 2805 2808 2838 2902 2943 2953 2945 2918 2909 2914 2936 2951 2963 2960 2927 2906 2906 2917 2932 2944 2936 2916 2907 2925 2917 2881 2876 2910
3049 3044 3042 3041 3038 3036 3033 3027 3024 3021 3005 2981 2959 2958 2950 2954 2963 2954 2942 2954 2958 2977 2968 2959 2952 2938 2919 2930 2970 2990 2970 2961 2940 2896 2871 2899 2916 2884 2850 2862 2893 2927 2948 2966 2976 2987 2989 2979 2953 2944 2929 2911 2908 2900 2898 2893 2924 2961 2985 2998 2988 2974 2961 2965 2975 2983 2982 2973 2941 2925 2931 2944 2950 2957 2959 2943 2928 2930 2938 2916 2899 2925
3031 3025 3024 3022 3017 3019 3011 3001 3001 3008 3002 2993 2983 2971 2974 2975 2972 2972 2964 2967 2977 2989 2987 2973 2972 2964 2950 2952 2993 2995 2984 2986 2967 2940 2930 2943 2942 2910 2887 2898 2920 2938 2957 2956 2969 2985 2995 2992 2981 2975 2966 2951 2944 2949 2952 2955 2974 2998 3018 3014 3021 3012 2997 3002 3004 2999 3000 2988 2965 2946 2947 2948 2966 2970 2970 2967 2939 2928 2939 2926 2902 2922
3022 3017 3014 3007 3003 3001 2994 2985 2987 2991 2994 2989 2982 2969 2965 2981 2993 2986 2980 2992 2992 3004 2996 2990 2990 2996 2992 2994 3009 3016 3002 3003 2991 2969 2969 2980 2971 2953 2952 2951 2961 2976 2988 2982 2981 2992 3002 2996 2986 2988 2986 2969 2966 2971 2985 2989 2994 3014 3017 3020 3025 3026 3017 3014 3015 3008 3005 2999 2971 2949 2929 2949 2966 2980 2979 2971 2961 2937 2948 2946 2918 2922
3027 3031 3028 3022 3004 3013 3003 2997 3001 3006 2990 2987 2975 2954 2951 2971 2985 2995 2992 2986 2996 3007 3005 2998 3004 3009 3009 3011 3020 3020 3022 3013 2991 2981 2986 2987 2988 2988 2992 2991 2988 3003 3014 3010 3001 3007 3010 3002 2998 3002 2995 2976 2959 2969 2985 2996 2989 3002 3006 3007 3026 3040 3032 3026 3023 3013 3012 2993 2964 2927 2922 2938 2968 2986 2981 2976 2972 2951 2959 2971 2952 2943
3039 3039 3041 3028 3025 3019 3019 3010 3019 3018 3005 2982 2957 2950 2945 2948 2971 2984 2991 2979 2983 3000 3011 3011 3013 3019 3020 3018 3022 3028 3027 3024 3014 2995 2984 2980 2971 2989 3007 3007 3011 3013 3015 3004 2995 2991 2995 2999 3001 3011 2993 2953 2937 2934 2963 2978 2976 2967 2970 2972 3001 3039 3042 3032 3016 3005 2992 2970 2942 2918 2917 2940 2964 2990 2988 2982 2974 2952 2963 2985 2970 2951
3053 3054 3053 3053 3043 3047 3033 3033 3031 3036 3018 2973 2957 2955 2952 2959 2954 2988 3004 2997 2992 3012 3017 3018 3023 3025 3027 3026 3025 3024 3024 3028 3015 2996 2980 2955 2950 2968 2995 3007 3018 3020 3014 2999 2976 2964 2959 2967 2983 2996 2981 2939 2907 2925 2946 2964 2952 2946 2933 2944 2981 3027 3038 3010 2984 2956 2941 2934 2924 2913 2917 2927 2941 2974 2996 2980 2969 2954 2969 2993 2977 2948
3063 3062 3060 3064 3062 3058 3056 3050 3052 3043 3017 2989 2973 2985 2990 2974 2978 2983 3000 3012 3013 3018 3020 3021 3026 3031 3031 3033 3033 3026 3014 3022 3011 2990 2981 2967 2956 2965 2986 3002 3017 3030 3030 3018 2984 2944 2931 2936 2956 2978 2983 2942 2937 2952 2971 2974 2952 2941 2949 2966 2999 3033 3017 2973 2928 2897 2890 2901 2923 2922 2919 2916 2925 2964 2985 2978 2962 2959 2984 3005 2986 2964
3065 3063 3060 3063 3065 3064 3063 3063 3059 3050 3033 3013 3013 3021 3018 3016 3002 2993 3003 3006 3022 3025 3021 3021 3030 3033 3035 3038 3038 3025 3022 3025 3020 3004 2999 2993 2982 2987 3006 3013 3024 3034 3041 3021 2978 2946 2936 2936 2955 2972 2985 2966 2961 2991 3014 2998 2975 2968 2987 3013 3027 3021 2982 2928 2887 2852 2854 2886 2924 2934 2925 2930 2931 2969 3001 2997 2988 2979 2996 3013 3006 2992
3066 3062 3060 3061 3065 3066 3066 3065 3064 3060 3053 3046 3042 3037 3033 3034 3033 3023 3013 3021 3018 3033 3017 3018 3029 3036 3036 3040 3042 3040 3033 3047 3041 3033 3029 3020 3004 2996 3009 3013 3014 3021 3036 3022 2984 2969 2967 2968 2975 2994 3005 2998 2994 3017 3014 3002 2979 2989 3016 3036 3028 2998 2946 2911 2879 2857 2855 2890 2931 2937 2926 2927 2934 2964 3003 3019 3007 2984 2989 3011 3022 3011
3068 3066 3064 3066 3067 3066 3067 3066 3065 3065 3064 3060 3056 3046 3042 3040 3042 3038 3035 3012 3018 3023 3016 3010 3020 3036 3037 3039 3045 3045 3050 3054 3052 3049 3042 3022 2998 2974 2971 2976 2977 2989 3025 3036 3016 3005 2995 2978 2991 3007 3027 3030 3032 3014 3007 2980 2974 2996 3033 3047 3032 2985 2949 2928 2913 2887 2889 2911 2943 2951 2934 2929 2936 2948 2984 3016 3014 2986 2989 3014 3018 3004
3069 3068 3068 3068 3067 3067 3068 3067 3067 3066 3066 3067 3064 3054 3044 3047 3040 3042 3024 3012 3003 3029 3024 3017 3027 3036 3038 3036 3041 3045 3050 3053 3055 3053 3042 3020 2988 2954 2949 2949 2952 2972 3016 3044 3041 3031 3007 2986 2994 3013 3030 3043 3033 3015 2990 2977 2975 2993 3033 3051 3034 2996 2975 2963 2945 2917 2909 2919 2944 2953 2952 2953 2941 2940 2960 2992 3008 2999 2998 3014 3018 2987
3070 3070 3069 3069 3068 3068 3068 3069 3068 3069 3070 3069 3064 3053 3045 3045 3051 3041 3034 3005 3010 3031 3038 3037 3038 3042 3037 3031 3026 3027 3036 3045 3052 3055 3040 3013 2992 2972 2958 2963 2974 2988 3025 3052 3055 3045 3029 3009 3016 3026 3038 3046 3031 3001 2988 2986 2973 2986 3016 3048 3039 3017 2987 2980 2942 2921 2906 2904 2909 2947 2958 2968 2971 2945 2951 2979 3003 3014 3015 3023 3026 3004
3071 3070 3070 3070 3069 3068 3068 3069 3070 3070 3072 3073 3072 3061 3057 3061 3057 3054 3037 3024 3021 3033 3045 3048 3047 3043 3033 3017 3000 2995 3012 3032 3047 3047 3030 2999 2991 2984 2987 2987 2992 3007 3031 3054 3058 3057 3045 3039 3035 3043 3047 3049 3033 3005 2998 2991 2983 2979 3013 3044 3050 3017 3003 2971 2955 2940 2938 2915 2913 2913 2945 2957 2959 2964 2955 2974 3005 3026 3033 3033 3042 3032
3071 3071 3071 3070 3070 3070 3070 3070 3071 3071 3072 3074 3074 3073 3070 3070 3068 3063 3059 3051 3044 3045 3047 3051 3047 3038 3023 3003 2988 2981 3004 3030 3048 3053 3026 2997 2992 2999 3006 3006 3010 3014 3036 3052 3060 3061 3060 3055 3055 3054 3056 3053 3034 3017 3009 3007 3000 3001 3025 3048 3046 3028 2994 2984 2972 2975 2966 2949 2913 2913 2925 2941 2962 2958 2975 2971 3001 3027 3042 3045 3047 3046
3070 3071 3071 3070 3070 3071 3071 3071 3071 3072 3072 3073 3074 3074 3074 3073 3070 3069 3068 3065 3063 3055 3055 3053 3038 3012 3002 2995 2992 3003 3019 3041 3053 3044 3018 2983 2982 2994 3006 3017 3020 3034 3046 3059 3062 3062 3063 3062 3060 3059 3059 3043 3025 3014 3009 3012 3017 3029 3042 3055 3046 3015 2996 2989 2987 2986 2981 2954 2933 2914 2928 2950 2961 2988 2984 2983 2993 3022 3035 3048 3049 3050
3069 3069 3070 3070 3070 3071 3072 3072 3072 3073 3073 3073 3073 3073 3070 3068 3072 3069 3062 3057 3062 3063 3060 3051 3024 3002 2986 2985 2990 2998 3018 3033 3048 3041 3014 2988 2988 3001 3016 3025 3038 3047 3060 3063 3062 3064 3064 3063 3061 3061 3052 3038 3025 3023 3027 3033 3043 3049 3056 3057 3050 3028 3007 2996 2991 2983 2971 2957 2933 2913 2919 2932 2953 2977 2999 2989 2992 3005 3027 3044 3050 3051
3069 3068 3066 3068 3068 3066 3066 3070 3072 3072 3073 3073 3072 3068 3061 3062 3065 3055 3046 3045 3053 3061 3060 3052 3032 3002 2994 2984 2970 2970 2984 3008 3040 3049 3030 3005 3003 3011 3027 3041 3048 3059 3064 3063 3064 3064 3064 3063 3061 3061 3058 3046 3043 3049 3051 3053 3057 3058 3058 3058 3054 3039 3010 2987 2964 2959 2945 2929 2913 2900 2903 2917 2934 2966 2994 2988 2985 2990 3012 3037 3051 3053
3066 3064 3061 3063 3061 3053 3050 3055 3062 3070 3071 3071 3072 3067 3061 3061 3059 3056 3050 3052 3062 3057 3054 3042 3016 2994 2985 2975 2963 2960 2970 3004 3036 3044 3018 3000 2995 3014 3033 3051 3061 3064 3065 3065 3065 3064 3063 3062 3061 3061 3061 3058 3058 3060 3059 3060 3060 3059 3059 3059 3058 3046 3024 2989 2973 2960 2958 2942 2924 2919 2928 2937 2948 2973 2996 2999 3000 3008 3022 3045 3053 3055
3055 3051 3057 3059 3051 3038 3028 3031 3038 3054 3064 3067 3069 3070 3067 3065 3067 3059 3063 3066 3058 3047 3033 3019 3004 2988 2983 2984 2974 2975 2988 3018 3047 3033 3010 2995 3006 3022 3046 3059 3064 3065 3066 3066 3065 3064 3063 3062 3062 3062 3062 3062 3062 3061 3061 3061 3060 3060 3060 3060 3060 3058 3044 3021 2993 2982 2976 2965 2953 2948 2956 2968 2975 2987 3001 3007 3016 3030 3042 3052 3056 3056
3036 3041 3048 3056 3052 3040 3031 3023 3025 3035 3041 3049 3060 3066 3066 3068 3067 3067 3068 3066 3052 3036 3025 3012 3000 2995 2996 2993 2998 2994 3008 3033 3046 3041 3022 3022 3028 3041 3053 3062 3065 3065 3065 3066 3066 3065 3064 3064 3064 3064 3064 3064 3063 3063 3063 3063 3063 3062 3062 3062 3062 3062 3057 3042 3019 2996 2983 2978 2964 2965 2975 2987 3002 3010 3015 3018 3032 3044 3051 3056 3057 3057
3040 3043 3054 3058 3054 3049 3041 3036 3027 3027 3027 3034 3048 3059 3064 3066 3068 3068 3067 3055 3034 3016 3012 2995 2984 2988 2990 2996 3007 3017 3013 3029 3040 3043 3043 3043 3054 3057 3063 3065 3066 3066 3066 3066 3066 3061 3065 3065 3065 3065 3065 3066 3065 3065 3065 3065 3065 3065 3064 3063 3063 3062 3062 3057 3043 3019 2996 2978 2983 2979 2986 2999 3006 3015 3026 3035 3045 3054 3057 3058 3058 3058
3051 3054 3055 3057 3056 3051 3044 3039 3037 3030 3035 3035 3044 3053 3065 3068 3067 3067 3064 3053 3030 3016 2999 2975 2964 2966 2973 2976 2992 2998 2987 2987 2994 3010 3015 3035 3051 3063 3065 3066 3066 3066 3065 3066 3061 3059 3062 3066 3066 3066 3067 3068 3069 3069 3069 3068 3069 3068 3067 3065 3063 3062 3060 3060 3057 3039 3014 3000 2998 3005 2998 3004 3008 3018 3035 3048 3055 3058 3058 3058 3058 3058
3059 3058 3056 3054 3051 3047 3039 3039 3028 3024 3023 3029 3023 3039 3055 3066 3067 3066 3060 3047 3028 3010 2986 2957 2943 2949 2952 2946 2957 2961 2952 2948 2957 2970 2988 3008 3041 3053 3065 3067 3068 3064 3065 3062 3060 3060 3066 3070 3070 3070 3069 3069 3069 3069 3069 3069 -9999 -9999 -9999 -9999 -9999 -9999 3060 3060 3060 3057 3043 3033 3033 3027 3025 3023 3027 3034 3048 3056 3058 3059 3060 3060 3060 3059
3063 3059 3054 3048 3042 3026 3022 3022 3026 3022 3039 3044 3048 3052 3066 3067 3067 3064 3046 3024 2998 2977 2956 2940 2942 2951 2953 2946 2948 2956 2957 2964 2972 2983 2988 3005 3018 3036 3051 3070 3068 3061 3062 3062 3061 3063 3071 3071 -9999 -9999 3070 3069 3068 3069 3068 -9999 -9999 -9999 -9999 -9999 -9999 -9999 -9999 3061 3060 3060 3059 3055 3053 3054 3050 3051 3050 3053 3059 3061 3061 3063 3063 3064 3063 3061
3062 3055 3044 3036 3021 3010 3000 3015 3027 3037 3051 3064 3067 3068 3069 3069 3069 3062 3043 3006 2982 2964 2951 2954 2965 2970 2977 2972 2970 2980 2988 2999 3005 3009 3011 3013 3017 3024 3050 3062 3066 3063 3065 3068 3067 3071 3070 -9999 -9999 -9999 -9999 3069 3069 3069 -9999 -9999 -9999 -9999 -9999 -9999 -9999 -9999 -9999 -9999 -9999 3061 3060 3060 3060 3060 3059 3060 3061 3062 3064 3066 3067 3067 3067 3065 3065 -9999
3057 3044 3030 3019 3012 3007 3009 3019 3034 3043 3056 3064 3066 3068 3070 3070 3069 3054 3026 3001 2981 2971 2969 2979 2991 2997 3002 3005 3008 3017 3027 3026 3027 3025 3024 3025 3026 3037 3049 3066 3070 3066 3071 3071 3071 3071 -9999 -9999 -9999 -9999 -9999 -9999 3069 -9999 -9999 -9999 -9999 -9999 -9999 -9999 -9999 -9999 -9999 -9999 -9999 -9999 -9999 3063 3063 3062 3063 3067 3069 3068 3068 3068 3069 -9999 -9999 -9999 -9999 -9999
3052 3041 3029 3018 3014 3014 3016 3022 3037 3051 3059 3062 3055 3052 3058 3068 3061 3034 3010 2992 2988 2991 2993 3007 3016 3023 3031 3038 3043 3049 3049 3043 3039 3036 3036 3037 3044 3051 3063 3069 3071 3071 3071 3071 3071 -9999 -9999 -9999 -9999 -9999 -9999 -9999 -9999 -9999 -9999 -9999 -9999 -9999 -9999 -9999 -9999 -9999 -9999 -9999 -9999 -9999 -9999 -9999 -9999 -9999 -9999 3073 3071 3069 3067 3067 -9999 -9999 -9999 -9999 -9999 -9999
3045 3041 3033 3023 3019 3025 3026 3028 3042 3054 3055 3047 3031 3026 3038 3051 3059 3038 3020 3019 3023 3026 3033 3041 3049 3052 3058 3062 3064 3065 3062 3057 3051 3049 3050 3055 3059 3065 3069 3071 3071 3071 -9999 -9999 -9999 -9999 -9999 -9999 -9999 -9999 -9999 -9999 -9999 -9999 -9999 -9999 -9999 -9999 -9999 -9999 -9999 -9999 -9999 -9999 -9999 -9999 -9999 -9999 -9999 -9999 -9999 -9999 3069 3067 3066 -9999 -9999 -9999 -9999 -9999 -9999 -9999
3056 3053 3045 3033 3030 3035 3037 3038 3047 3052 3050 3041 3034 3031 3039 3054 3062 3055 3052 3055 3058 3061 3063 3067 3067 3069 3070 3071 3071 3070 3071 3066 3064 3062 3063 3067 3070 3071 3071 3071 -9999 -9999 -9999 -9999 -9999 -9999 -9999 -9999 -9999 -9999 -9999 -9999 -9999 -9999 -9999 -9999 -9999 -9999 -9999 -9999 -9999 -9999 -9999 -9999 -9999 -9999 -9999 -9999 -9999 -9999 -9999 -9999 -9999 -9999 -9999 -9999 -9999 -9999 -9999 -9999 -9999 -9999
