Data/tmax/PRISM_tmax_pr_1963-1995_normal_450mM1_09_asc.asc
ncols 557
nrows 164
xllcorner -67.31875000000
yllcorner 17.86875000000
cellsize 0.00416666667
NODATA_value -9999
[rows 108 to 143 of 164, columns 82 to 163 of 557]
3206 3200 3191 3181 3166 3178 3179 3151 3163 3176 3150 3108 3061 3044 3064 3097 3117 3073 3067 3084 3078 3087 3099 3117 3146 3166 3162 3157 3142 3128 3115 3084 3068 3069 3060 3031 3005 2967 2950 2931 2903 2911 2982 3032 3036 2994 2934 2887 2843 2810 2787 2807 2798 2768 2765 2766 2787 2837 2853 2816 2786 2767 2763 2820 2909 2970 2991 2993 2997 2978 2925 2877 2893 2946 2966 2979 2952 2907 2927 2987 3010 2957
3215 3207 3201 3185 3173 3190 3200 3195 3195 3190 3163 3119 3094 3083 3082 3117 3125 3090 3072 3092 3083 3100 3126 3135 3148 3154 3169 3159 3141 3130 3097 3087 3078 3069 3073 3069 3066 3067 3041 3008 2960 2964 3015 3068 3036 2969 2918 2886 2840 2794 2783 2811 2844 2848 2847 2846 2854 2912 2930 2894 2865 2842 2826 2853 2916 2974 3025 3054 3056 3027 2979 2936 2941 2991 3009 3008 2992 2941 2942 2990 3032 3001
3225 3216 3209 3197 3187 3197 3210 3208 3209 3189 3154 3127 3102 3092 3097 3117 3143 3104 3091 3103 3083 3094 3115 3123 3119 3133 3144 3139 3103 3071 3069 3073 3092 3074 3071 3073 3087 3104 3108 3085 3041 3018 3063 3093 3065 3003 2981 2955 2901 2839 2812 2833 2868 2892 2911 2912 2912 2949 2992 2975 2945 2921 2893 2916 2958 2987 3034 3090 3102 3073 3023 2967 2979 3014 3026 3025 3024 2996 2963 2994 3038 3017
3231 3226 3220 3217 3209 3213 3217 3216 3204 3184 3155 3134 3117 3107 3092 3111 3140 3118 3115 3110 3078 3082 3100 3107 3117 3130 3157 3148 3104 3070 3056 3090 3096 3083 3066 3069 3081 3113 3137 3134 3118 3096 3114 3137 3105 3066 3049 3021 2959 2917 2899 2890 2911 2931 2935 2952 2955 2993 3022 3045 3021 2978 2947 2970 3004 3016 3041 3097 3123 3104 3059 3019 3016 3049 3055 3040 3054 3046 3013 3004 3041 3036
3239 3235 3232 3232 3228 3224 3224 3219 3213 3191 3170 3156 3149 3132 3105 3112 3136 3133 3126 3126 3092 3097 3107 3122 3131 3149 3171 3171 3143 3106 3097 3107 3132 3103 3094 3086 3081 3108 3137 3155 3157 3148 3152 3170 3147 3116 3108 3076 3021 2991 2983 2970 2971 2950 2941 2945 2977 3015 3068 3082 3076 3027 3001 3019 3058 3064 3074 3116 3131 3114 3087 3061 3072 3090 3082 3060 3076 3088 3052 3022 3047 3064
3244 3242 3240 3239 3236 3229 3229 3225 3220 3210 3195 3175 3161 3147 3123 3119 3143 3134 3131 3138 3129 3129 3131 3137 3152 3160 3174 3182 3170 3147 3129 3138 3136 3122 3090 3078 3087 3097 3105 3132 3152 3157 3171 3177 3168 3156 3150 3126 3086 3060 3054 3034 3024 2989 2951 2944 3000 3064 3107 3141 3115 3087 3065 3082 3104 3123 3127 3143 3133 3106 3096 3093 3109 3118 3110 3082 3086 3112 3092 3050 3059 3096
3246 3245 3244 3241 3239 3237 3232 3231 3227 3219 3200 3176 3157 3145 3141 3138 3157 3148 3143 3147 3156 3166 3154 3151 3155 3158 3151 3160 3186 3185 3163 3159 3143 3094 3072 3077 3103 3092 3076 3088 3126 3145 3167 3182 3183 3175 3175 3159 3136 3121 3111 3091 3078 3052 3022 3026 3056 3123 3161 3174 3163 3130 3132 3133 3145 3153 3164 3162 3129 3111 3111 3118 3135 3144 3136 3118 3109 3125 3120 3085 3078 3112
3245 3241 3239 3239 3236 3234 3232 3226 3224 3221 3207 3186 3166 3165 3158 3161 3170 3163 3150 3163 3165 3183 3174 3167 3160 3147 3130 3141 3178 3197 3176 3166 3149 3110 3085 3113 3130 3100 3066 3076 3104 3135 3155 3170 3179 3188 3190 3180 3166 3163 3155 3140 3128 3119 3117 3114 3143 3171 3196 3207 3191 3182 3173 3178 3177 3181 3180 3171 3143 3127 3133 3144 3149 3154 3156 3142 3128 3130 3140 3119 3101 3127
3230 3225 3223 3221 3218 3219 3213 3204 3204 3209 3204 3196 3187 3177 3179 3180 3178 3178 3172 3173 3184 3193 3192 3179 3178 3172 3159 3161 3200 3200 3189 3190 3174 3150 3144 3154 3154 3122 3101 3109 3129 3144 3162 3161 3172 3186 3195 3192 3182 3181 3178 3164 3159 3160 3168 3171 3185 3203 3213 3214 3216 3208 3200 3202 3200 3194 3195 3186 3163 3147 3147 3147 3162 3166 3165 3163 3136 3127 3139 3128 3104 3121
3222 3218 3215 3209 3205 3204 3197 3189 3191 3195 3197 3192 3187 3175 3171 3186 3197 3190 3186 3197 3196 3207 3199 3194 3194 3199 3197 3198 3213 3220 3205 3206 3196 3177 3177 3188 3178 3161 3161 3160 3167 3180 3190 3184 3183 3192 3201 3195 3187 3188 3186 3175 3168 3176 3186 3192 3195 3209 3212 3215 3219 3220 3212 3210 3209 3202 3199 3194 3171 3146 3130 3147 3162 3174 3173 3166 3156 3133 3147 3143 3117 3122
3227 3230 3227 3222 3205 3214 3205 3199 3204 3208 3194 3191 3180 3162 3159 3177 3190 3200 3196 3190 3200 3209 3207 3201 3207 3211 3210 3214 3221 3221 3223 3214 3194 3185 3192 3190 3190 3193 3196 3194 3191 3203 3213 3209 3201 3206 3208 3201 3197 3200 3196 3177 3162 3170 3184 3194 3187 3199 3201 3203 3220 3232 3225 3220 3219 3208 3207 3191 3160 3128 3121 3137 3165 3178 3174 3170 3168 3145 3155 3166 3147 3139
3237 3237 3239 3227 3225 3219 3219 3212 3220 3219 3207 3187 3164 3158 3154 3157 3178 3189 3195 3184 3188 3203 3213 3214 3215 3220 3221 3219 3223 3228 3227 3224 3215 3198 3187 3184 3177 3192 3208 3208 3210 3211 3214 3204 3196 3192 3196 3200 3200 3210 3195 3157 3142 3138 3164 3179 3176 3167 3170 3170 3196 3233 3234 3228 3213 3206 3189 3165 3142 3116 3119 3140 3160 3184 3180 3178 3168 3148 3156 3177 3165 3145
3250 3252 3250 3250 3241 3245 3232 3231 3231 3234 3220 3178 3165 3162 3161 3167 3161 3193 3207 3201 3196 3214 3219 3220 3224 3227 3227 3227 3226 3225 3224 3228 3216 3199 3184 3162 3156 3172 3196 3207 3217 3218 3212 3198 3178 3167 3164 3170 3185 3196 3183 3143 3114 3130 3150 3166 3156 3149 3135 3145 3177 3221 3232 3206 3183 3158 3141 3133 3121 3115 3118 3126 3141 3166 3190 3174 3167 3146 3162 3185 3169 3144
3260 3259 3257 3260 3259 3255 3252 3247 3249 3242 3218 3195 3178 3190 3195 3180 3184 3188 3203 3215 3215 3220 3222 3223 3228 3232 3231 3233 3233 3227 3215 3222 3212 3193 3184 3172 3162 3169 3187 3202 3214 3226 3226 3216 3184 3148 3135 3141 3156 3179 3185 3144 3141 3155 3172 3176 3154 3143 3152 3165 3195 3229 3216 3172 3129 3098 3091 3102 3125 3123 3120 3117 3123 3158 3176 3174 3155 3154 3174 3194 3179 3156
3263 3260 3257 3260 3261 3260 3259 3259 3255 3247 3234 3214 3216 3223 3220 3218 3205 3197 3207 3209 3224 3227 3224 3223 3231 3233 3235 3238 3238 3226 3223 3225 3220 3205 3201 3195 3185 3189 3205 3213 3223 3231 3237 3219 3179 3149 3140 3139 3158 3173 3184 3166 3161 3190 3210 3196 3175 3169 3185 3210 3220 3216 3180 3130 3087 3056 3057 3091 3126 3135 3124 3129 3129 3161 3193 3188 3183 3171 3187 3202 3194 3182
3264 3260 3258 3259 3262 3262 3262 3261 3260 3256 3250 3244 3241 3237 3233 3234 3233 3225 3215 3224 3221 3234 3220 3220 3230 3236 3236 3239 3241 3239 3232 3245 3238 3231 3228 3219 3205 3198 3210 3213 3215 3220 3235 3220 3185 3170 3168 3170 3175 3193 3203 3194 3191 3212 3209 3198 3177 3187 3211 3228 3224 3192 3142 3112 3083 3061 3061 3095 3132 3135 3126 3126 3132 3158 3193 3208 3196 3177 3180 3199 3209 3199
3266 3264 3263 3264 3264 3264 3264 3263 3262 3261 3260 3256 3253 3245 3241 3239 3242 3237 3236 3214 3221 3225 3219 3213 3222 3236 3236 3238 3243 3243 3248 3250 3249 3245 3239 3221 3199 3178 3173 3178 3178 3191 3223 3234 3214 3205 3194 3178 3191 3204 3221 3223 3224 3208 3201 3176 3172 3190 3226 3239 3227 3180 3146 3127 3115 3091 3092 3112 3141 3148 3132 3128 3134 3144 3176 3204 3203 3175 3178 3202 3206 3191
3268 3268 3267 3267 3265 3265 3265 3264 3264 3263 3263 3263 3260 3252 3243 3245 3240 3242 3226 3215 3207 3230 3226 3220 3229 3236 3238 3236 3240 3243 3247 3249 3251 3249 3239 3221 3192 3159 3155 3153 3156 3175 3215 3240 3237 3227 3205 3186 3192 3209 3224 3236 3226 3208 3185 3174 3169 3187 3222 3239 3227 3187 3168 3160 3146 3118 3111 3120 3141 3149 3148 3148 3140 3136 3155 3182 3197 3188 3185 3202 3204 3177
3270 3270 3269 3268 3267 3266 3266 3266 3266 3266 3267 3266 3261 3251 3244 3244 3250 3240 3236 3208 3214 3232 3239 3237 3238 3242 3237 3231 3226 3227 3235 3242 3249 3251 3239 3215 3196 3176 3162 3167 3177 3189 3223 3246 3249 3240 3225 3207 3213 3221 3232 3239 3224 3196 3183 3181 3168 3179 3207 3236 3227 3206 3179 3175 3141 3124 3108 3105 3111 3143 3153 3163 3165 3142 3144 3171 3193 3201 3201 3208 3211 3191
3271 3271 3270 3270 3269 3268 3267 3268 3268 3268 3269 3269 3268 3258 3255 3258 3254 3252 3237 3226 3223 3234 3244 3247 3247 3243 3233 3219 3203 3198 3213 3231 3245 3244 3227 3201 3194 3186 3189 3190 3194 3208 3229 3249 3252 3251 3240 3234 3230 3236 3240 3241 3225 3199 3192 3186 3178 3173 3204 3230 3237 3205 3194 3166 3154 3140 3137 3117 3114 3113 3142 3152 3155 3158 3150 3165 3194 3211 3217 3217 3224 3216
3272 3271 3271 3271 3270 3270 3269 3270 3270 3270 3270 3271 3271 3270 3267 3266 3264 3260 3256 3250 3244 3245 3247 3250 3247 3238 3224 3206 3192 3186 3207 3230 3246 3250 3226 3199 3196 3201 3207 3207 3211 3214 3234 3247 3254 3254 3253 3248 3247 3246 3248 3245 3226 3209 3201 3199 3193 3193 3214 3234 3232 3215 3186 3177 3166 3170 3162 3146 3114 3114 3124 3137 3157 3153 3168 3164 3189 3212 3224 3227 3229 3227
3271 3271 3271 3271 3271 3271 3271 3271 3271 3271 3271 3271 3272 3271 3270 3269 3266 3265 3264 3262 3260 3254 3254 3252 3240 3215 3205 3199 3196 3206 3220 3240 3251 3242 3218 3188 3186 3197 3207 3217 3219 3232 3242 3254 3255 3255 3256 3254 3250 3248 3248 3234 3217 3206 3201 3204 3208 3218 3229 3240 3232 3204 3187 3181 3179 3178 3175 3151 3132 3115 3126 3146 3154 3179 3175 3173 3182 3207 3218 3229 3230 3231
3271 3271 3271 3271 3271 3271 3272 3272 3272 3272 3272 3272 3272 3271 3268 3266 3268 3265 3259 3254 3259 3261 3258 3251 3226 3207 3190 3190 3194 3202 3220 3233 3248 3240 3215 3192 3191 3204 3217 3224 3235 3243 3255 3256 3256 3257 3257 3253 3250 3248 3240 3228 3215 3213 3217 3222 3230 3235 3241 3241 3235 3215 3199 3186 3183 3176 3166 3153 3133 3114 3119 3130 3147 3168 3188 3179 3181 3192 3211 3225 3231 3232
3270 3269 3268 3269 3270 3267 3267 3271 3272 3273 3272 3272 3271 3267 3261 3260 3263 3253 3245 3244 3251 3258 3259 3251 3234 3206 3199 3188 3176 3176 3188 3210 3241 3249 3231 3207 3205 3212 3226 3238 3244 3255 3258 3258 3257 3258 3254 3253 3249 3248 3245 3235 3232 3236 3237 3239 3242 3243 3242 3242 3238 3227 3199 3180 3157 3153 3141 3127 3113 3103 3105 3116 3130 3158 3182 3178 3175 3178 3198 3220 3231 3233
3268 3266 3263 3266 3263 3255 3252 3257 3264 3271 3272 3271 3271 3267 3261 3260 3258 3254 3248 3250 3259 3255 3252 3242 3218 3199 3190 3181 3169 3166 3175 3207 3237 3244 3219 3203 3198 3214 3232 3248 3256 3259 3259 3259 3258 3257 3253 3250 3249 3248 3248 3245 3244 3245 3244 3245 3244 3244 3243 3243 3242 3231 3213 3179 3167 3155 3152 3139 3123 3119 3125 3133 3143 3164 3185 3187 3188 3194 3206 3226 3233 3234
3257 3254 3260 3262 3254 3241 3232 3235 3241 3256 3265 3267 3269 3269 3266 3265 3266 3259 3262 3264 3256 3246 3234 3221 3207 3193 3188 3189 3180 3180 3192 3220 3248 3233 3212 3198 3208 3222 3244 3255 3259 3260 3260 3260 3259 3257 3253 3251 3251 3250 3249 3249 3248 3247 3247 3246 3246 3245 3245 3245 3244 3242 3230 3209 3184 3174 3169 3159 3149 3143 3150 3160 3167 3176 3188 3194 3201 3213 3224 3232 3235 3235
3239 3244 3251 3259 3255 3244 3235 3227 3230 3239 3244 3251 3262 3267 3267 3268 3267 3266 3267 3264 3251 3237 3227 3214 3203 3199 3200 3197 3202 3197 3211 3235 3246 3240 3222 3222 3228 3240 3250 3258 3260 3260 3260 3260 3259 3258 3256 3256 3255 3255 3254 3253 3253 3252 3251 3251 3250 3250 3249 3249 3248 3248 3243 3229 3209 3187 3175 3170 3158 3158 3167 3177 3190 3197 3200 3203 3214 3225 3231 3235 3236 3237
3243 3246 3257 3261 3258 3253 3245 3240 3232 3232 3232 3238 3251 3261 3265 3267 3267 3267 3266 3254 3235 3219 3214 3199 3189 3193 3195 3200 3211 3220 3216 3233 3241 3243 3243 3242 3251 3254 3259 3261 3261 3260 3260 3260 3259 3255 3258 3257 3257 3256 3256 3258 3258 3257 3255 3254 3254 3253 3252 3250 3249 3247 3247 3242 3230 3208 3188 3170 3175 3171 3177 3187 3193 3201 3211 3218 3226 3234 3236 3237 3237 3237
3255 3258 3259 3260 3259 3255 3249 3244 3242 3235 3240 3240 3248 3256 3267 3268 3267 3266 3264 3253 3231 3219 3204 3180 3171 3173 3179 3183 3197 3201 3193 3191 3199 3213 3217 3236 3249 3260 3261 3261 3261 3261 3260 3261 3256 3255 3257 3259 3258 3258 3260 3263 3266 3266 3263 3260 3258 3256 3254 3251 3246 3244 3241 3241 3239 3223 3200 3189 3186 3193 3186 3192 3195 3204 3218 3229 3235 3237 3238 3237 3237 3237
3263 3261 3260 3258 3255 3252 3244 3244 3233 3230 3228 3234 3229 3243 3258 3269 3268 3266 3260 3248 3230 3214 3191 3165 3151 3158 3160 3155 3165 3168 3157 3154 3162 3175 3191 3211 3241 3252 3263 3264 3264 3261 3263 3262 3261 3261 3265 3265 3263 3262 3263 3265 3265 3265 3263 3261 -9999 -9999 -9999 -9999 -9999 -9999 3239 3240 3239 3237 3226 3216 3217 3211 3209 3207 3211 3217 3229 3236 3237 3238 3240 3240 3239 3238
3267 3263 3258 3252 3247 3230 3227 3228 3232 3228 3244 3249 3252 3257 3269 3270 3270 3266 3249 3227 3202 3183 3164 3149 3151 3159 3161 3155 3156 3165 3166 3170 3179 3188 3193 3210 3223 3240 3255 3272 3271 3265 3266 3267 3266 3267 3271 3269 -9999 -9999 3266 3265 3264 3263 3262 -9999 -9999 -9999 -9999 -9999 -9999 -9999 -9999 3241 3240 3239 3238 3235 3233 3233 3230 3231 3230 3233 3238 3240 3241 3242 3244 3245 3244 3241
3267 3259 3248 3240 3226 3215 3205 3221 3232 3242 3256 3269 3271 3272 3273 3272 3271 3264 3246 3211 3187 3170 3159 3163 3173 3178 3184 3180 3177 3188 3197 3206 3213 3217 3218 3219 3225 3233 3257 3268 3272 3270 3271 3273 3272 3273 3271 -9999 -9999 -9999 -9999 3265 3264 3262 -9999 -9999 -9999 -9999 -9999 -9999 -9999 -9999 -9999 -9999 -9999 3240 3240 3240 3240 3239 3238 3239 3240 3242 3244 3248 3248 3247 3248 3246 3245 -9999
3262 3249 3234 3223 3217 3212 3214 3224 3240 3249 3261 3269 3270 3272 3274 3274 3273 3258 3231 3207 3188 3179 3178 3188 3199 3205 3210 3213 3216 3224 3234 3234 3235 3233 3232 3234 3235 3246 3257 3273 3276 3272 3276 3275 3273 3273 -9999 -9999 -9999 -9999 -9999 -9999 3264 -9999 -9999 -9999 -9999 -9999 -9999 -9999 -9999 -9999 -9999 -9999 -9999 -9999 -9999 3243 3244 3242 3242 3247 3251 3251 3251 3251 3252 -9999 -9999 -9999 -9999 -9999
3257 3246 3233 3223 3218 3219 3222 3228 3242 3257 3264 3267 3260 3257 3263 3273 3266 3240 3217 3201 3197 3200 3203 3216 3224 3231 3238 3245 3250 3256 3257 3251 3247 3244 3245 3246 3252 3260 3270 3274 3276 3275 3275 3273 3272 -9999 -9999 -9999 -9999 -9999 -9999 -9999 -9999 -9999 -9999 -9999 -9999 -9999 -9999 -9999 -9999 -9999 -9999 -9999 -9999 -9999 -9999 -9999 -9999 -9999 -9999 3255 3255 3254 3251 3251 -9999 -9999 -9999 -9999 -9999 -9999
3247 3243 3237 3228 3224 3230 3231 3234 3248 3261 3262 3255 3238 3233 3245 3258 3266 3245 3228 3228 3231 3234 3241 3248 3256 3259 3265 3269 3270 3272 3269 3264 3259 3257 3258 3263 3267 3273 3275 3277 3275 3274 -9999 -9999 -9999 -9999 -9999 -9999 -9999 -9999 -9999 -9999 -9999 -9999 -9999 -9999 -9999 -9999 -9999 -9999 -9999 -9999 -9999 -9999 -9999 -9999 -9999 -9999 -9999 -9999 -9999 -9999 3254 3252 3251 -9999 -9999 -9999 -9999 -9999 -9999 -9999
3255 3254 3247 3236 3233 3239 3241 3242 3253 3258 3257 3248 3241 3238 3246 3262 3269 3262 3259 3262 3265 3268 3270 3274 3273 3276 3277 3277 3278 3277 3277 3273 3271 3269 3271 3274 3277 3277 3277 3276 -9999 -9999 -9999 -9999 -9999 -9999 -9999 -9999 -9999 -9999 -9999 -9999 -9999 -9999 -9999 -9999 -9999 -9999 -9999 -9999 -9999 -9999 -9999 -9999 -9999 -9999 -9999 -9999 -9999 -9999 -9999 -9999 -9999 -9999 -9999 -9999 -9999 -9999 -9999 -9999 -9999 -9999
